false_pos_rate,true_pos_rate,threshold
         0.000,         0.000,         1.819
         0.000,         0.002,         0.819
         0.000,         0.012,         0.794
         0.000,         0.012,         0.792
         0.000,         0.020,         0.781
         0.000,         0.020,         0.780
         0.000,         0.022,         0.778
         0.001,         0.022,         0.774
         0.001,         0.032,         0.761
         0.001,         0.032,         0.758
         0.001,         0.060,         0.740
         0.001,         0.060,         0.739
         0.001,         0.067,         0.736
         0.002,         0.067,         0.730
         0.002,         0.082,         0.723
         0.002,         0.082,         0.721
         0.002,         0.084,         0.719
         0.003,         0.084,         0.716
         0.003,         0.087,         0.716
         0.003,         0.087,         0.714
         0.003,         0.089,         0.713
         0.003,         0.089,         0.711
         0.003,         0.097,         0.709
         0.003,         0.097,         0.708
         0.003,         0.099,         0.708
         0.004,         0.099,         0.708
         0.004,         0.104,         0.707
         0.004,         0.104,         0.706
         0.004,         0.107,         0.706
         0.004,         0.107,         0.705
         0.004,         0.124,         0.699
         0.004,         0.124,         0.699
         0.004,         0.129,         0.698
         0.004,         0.129,         0.698
         0.004,         0.136,         0.696
         0.005,         0.136,         0.696
         0.005,         0.141,         0.696
         0.005,         0.141,         0.695
         0.005,         0.149,         0.692
         0.005,         0.149,         0.692
         0.005,         0.156,         0.691
         0.005,         0.156,         0.691
         0.005,         0.164,         0.686
         0.006,         0.164,         0.686
         0.006,         0.171,         0.685
         0.006,         0.171,         0.685
         0.006,         0.184,         0.680
         0.006,         0.184,         0.677
         0.006,         0.191,         0.677
         0.007,         0.191,         0.674
         0.007,         0.199,         0.673
         0.007,         0.199,         0.673
         0.007,         0.203,         0.671
         0.008,         0.203,         0.670
         0.008,         0.208,         0.669
         0.008,         0.208,         0.668
         0.008,         0.211,         0.668
         0.008,         0.211,         0.668
         0.008,         0.213,         0.667
         0.008,         0.213,         0.666
         0.008,         0.216,         0.665
         0.009,         0.216,         0.664
         0.009,         0.218,         0.664
         0.009,         0.218,         0.664
         0.009,         0.221,         0.664
         0.010,         0.221,         0.663
         0.010,         0.226,         0.662
         0.010,         0.226,         0.661
         0.010,         0.228,         0.661
         0.011,         0.228,         0.659
         0.011,         0.231,         0.658
         0.011,         0.231,         0.656
         0.011,         0.236,         0.654
         0.011,         0.236,         0.652
         0.011,         0.238,         0.652
         0.012,         0.238,         0.650
         0.012,         0.241,         0.650
         0.012,         0.241,         0.650
         0.012,         0.243,         0.649
         0.013,         0.243,         0.647
         0.013,         0.251,         0.645
         0.014,         0.251,         0.645
         0.014,         0.253,         0.645
         0.014,         0.253,         0.644
         0.014,         0.258,         0.643
         0.014,         0.258,         0.643
         0.014,         0.261,         0.643
         0.015,         0.261,         0.642
         0.015,         0.263,         0.641
         0.015,         0.263,         0.641
         0.015,         0.266,         0.641
         0.015,         0.266,         0.639
         0.015,         0.278,         0.637
         0.016,         0.278,         0.633
         0.016,         0.280,         0.633
         0.016,         0.280,         0.633
         0.016,         0.283,         0.633
         0.017,         0.283,         0.633
         0.017,         0.288,         0.632
         0.017,         0.288,         0.631
         0.017,         0.290,         0.631
         0.017,         0.290,         0.631
         0.017,         0.295,         0.629
         0.018,         0.295,         0.629
         0.018,         0.298,         0.629
         0.018,         0.298,         0.629
         0.018,         0.305,         0.628
         0.018,         0.305,         0.627
         0.018,         0.308,         0.627
         0.019,         0.308,         0.626
         0.019,         0.310,         0.625
         0.020,         0.310,         0.624
         0.020,         0.313,         0.623
         0.020,         0.313,         0.623
         0.020,         0.315,         0.623
         0.021,         0.315,         0.622
         0.021,         0.318,         0.622
         0.021,         0.318,         0.622
         0.021,         0.323,         0.621
         0.022,         0.323,         0.620
         0.022,         0.325,         0.620
         0.022,         0.325,         0.620
         0.022,         0.328,         0.620
         0.023,         0.328,         0.618
         0.023,         0.333,         0.617
         0.023,         0.333,         0.617
         0.023,         0.337,         0.616
         0.025,         0.337,         0.615
         0.025,         0.340,         0.615
         0.025,         0.340,         0.615
         0.025,         0.342,         0.614
         0.026,         0.342,         0.613
         0.026,         0.352,         0.612
         0.026,         0.352,         0.611
         0.026,         0.360,         0.611
         0.026,         0.360,         0.610
         0.026,         0.365,         0.610
         0.026,         0.365,         0.610
         0.026,         0.370,         0.609
         0.027,         0.370,         0.608
         0.027,         0.372,         0.607
         0.028,         0.372,         0.606
         0.028,         0.375,         0.606
         0.028,         0.375,         0.606
         0.028,         0.377,         0.605
         0.028,         0.382,         0.605
         0.028,         0.382,         0.604
         0.028,         0.385,         0.604
         0.028,         0.385,         0.604
         0.028,         0.390,         0.604
         0.028,         0.390,         0.603
         0.028,         0.392,         0.603
         0.029,         0.392,         0.603
         0.029,         0.395,         0.603
         0.030,         0.395,         0.602
         0.030,         0.397,         0.601
         0.030,         0.397,         0.601
         0.030,         0.400,         0.600
         0.031,         0.400,         0.599
         0.031,         0.402,         0.599
         0.033,         0.402,         0.597
         0.033,         0.404,         0.597
         0.034,         0.404,         0.595
         0.034,         0.407,         0.595
         0.035,         0.407,         0.594
         0.035,         0.412,         0.594
         0.036,         0.412,         0.593
         0.036,         0.414,         0.592
         0.036,         0.414,         0.592
         0.036,         0.417,         0.592
         0.038,         0.417,         0.590
         0.038,         0.419,         0.590
         0.038,         0.419,         0.590
         0.038,         0.422,         0.590
         0.039,         0.422,         0.590
         0.039,         0.424,         0.590
         0.039,         0.424,         0.589
         0.039,         0.427,         0.589
         0.040,         0.427,         0.588
         0.040,         0.429,         0.588
         0.041,         0.429,         0.586
         0.041,         0.434,         0.586
         0.041,         0.434,         0.586
         0.041,         0.439,         0.585
         0.042,         0.439,         0.584
         0.042,         0.442,         0.583
         0.044,         0.442,         0.581
         0.044,         0.444,         0.581
         0.045,         0.444,         0.580
         0.045,         0.447,         0.580
         0.047,         0.447,         0.578
         0.047,         0.454,         0.577
         0.047,         0.454,         0.577
         0.047,         0.457,         0.577
         0.047,         0.457,         0.577
         0.047,         0.459,         0.577
         0.048,         0.459,         0.576
         0.048,         0.462,         0.576
         0.049,         0.462,         0.576
         0.049,         0.464,         0.576
         0.050,         0.464,         0.575
         0.050,         0.467,         0.575
         0.050,         0.467,         0.574
         0.050,         0.469,         0.574
         0.052,         0.469,         0.573
         0.052,         0.471,         0.573
         0.052,         0.471,         0.572
         0.052,         0.474,         0.572
         0.054,         0.474,         0.571
         0.054,         0.474,         0.571
         0.054,         0.476,         0.571
         0.054,         0.476,         0.570
         0.054,         0.481,         0.570
         0.055,         0.481,         0.570
         0.055,         0.484,         0.569
         0.056,         0.484,         0.569
         0.056,         0.486,         0.569
         0.056,         0.486,         0.569
         0.056,         0.491,         0.569
         0.057,         0.491,         0.569
         0.057,         0.494,         0.569
         0.057,         0.494,         0.569
         0.057,         0.499,         0.568
         0.058,         0.499,         0.568
         0.058,         0.501,         0.568
         0.059,         0.501,         0.567
         0.059,         0.504,         0.566
         0.061,         0.504,         0.566
         0.061,         0.506,         0.566
         0.063,         0.506,         0.565
         0.063,         0.509,         0.564
         0.064,         0.509,         0.564
         0.064,         0.511,         0.564
         0.066,         0.511,         0.562
         0.066,         0.511,         0.562
         0.066,         0.514,         0.562
         0.067,         0.514,         0.561
         0.067,         0.516,         0.561
         0.069,         0.516,         0.559
         0.069,         0.521,         0.559
         0.069,         0.521,         0.559
         0.069,         0.526,         0.558
         0.069,         0.526,         0.557
         0.069,         0.531,         0.557
         0.070,         0.531,         0.556
         0.070,         0.533,         0.556
         0.070,         0.533,         0.556
         0.070,         0.538,         0.555
         0.071,         0.538,         0.555
         0.071,         0.541,         0.555
         0.072,         0.541,         0.554
         0.072,         0.543,         0.553
         0.073,         0.543,         0.553
         0.073,         0.548,         0.552
         0.073,         0.548,         0.552
         0.073,         0.553,         0.552
         0.073,         0.553,         0.552
         0.073,         0.556,         0.552
         0.075,         0.556,         0.551
         0.075,         0.558,         0.551
         0.078,         0.558,         0.549
         0.078,         0.561,         0.549
         0.078,         0.561,         0.549
         0.078,         0.563,         0.549
         0.078,         0.563,         0.548
         0.078,         0.566,         0.548
         0.081,         0.566,         0.546
         0.081,         0.568,         0.546
         0.082,         0.568,         0.545
         0.082,         0.571,         0.545
         0.082,         0.571,         0.545
         0.082,         0.573,         0.544
         0.083,         0.573,         0.544
         0.083,         0.576,         0.544
         0.088,         0.576,         0.541
         0.088,         0.581,         0.540
         0.088,         0.581,         0.540
         0.088,         0.586,         0.540
         0.089,         0.586,         0.540
         0.089,         0.588,         0.540
         0.091,         0.588,         0.539
         0.091,         0.591,         0.539
         0.098,         0.591,         0.533
         0.098,         0.593,         0.533
         0.099,         0.593,         0.532
         0.099,         0.596,         0.532
         0.102,         0.596,         0.530
         0.102,         0.600,         0.530
         0.103,         0.600,         0.529
         0.103,         0.603,         0.529
         0.106,         0.603,         0.528
         0.106,         0.605,         0.528
         0.106,         0.605,         0.528
         0.106,         0.608,         0.528
         0.107,         0.608,         0.527
         0.107,         0.610,         0.527
         0.109,         0.610,         0.526
         0.109,         0.613,         0.526
         0.109,         0.613,         0.526
         0.109,         0.615,         0.526
         0.110,         0.615,         0.526
         0.110,         0.618,         0.526
         0.110,         0.618,         0.526
         0.110,         0.620,         0.526
         0.112,         0.620,         0.525
         0.112,         0.623,         0.525
         0.115,         0.623,         0.524
         0.115,         0.628,         0.523
         0.119,         0.628,         0.522
         0.119,         0.630,         0.522
         0.119,         0.630,         0.522
         0.119,         0.635,         0.522
         0.120,         0.635,         0.521
         0.120,         0.638,         0.521
         0.120,         0.638,         0.521
         0.120,         0.640,         0.521
         0.121,         0.640,         0.520
         0.121,         0.645,         0.520
         0.121,         0.645,         0.520
         0.121,         0.648,         0.520
         0.122,         0.648,         0.520
         0.122,         0.650,         0.520
         0.123,         0.650,         0.519
         0.123,         0.655,         0.519
         0.124,         0.655,         0.517
         0.124,         0.658,         0.517
         0.125,         0.658,         0.517
         0.125,         0.660,         0.517
         0.126,         0.660,         0.516
         0.126,         0.663,         0.516
         0.127,         0.663,         0.516
         0.127,         0.665,         0.516
         0.129,         0.665,         0.514
         0.129,         0.667,         0.514
         0.129,         0.667,         0.514
         0.129,         0.670,         0.514
         0.130,         0.670,         0.514
         0.130,         0.672,         0.514
         0.130,         0.672,         0.513
         0.130,         0.675,         0.513
         0.131,         0.675,         0.513
         0.131,         0.677,         0.513
         0.133,         0.677,         0.512
         0.133,         0.680,         0.512
         0.133,         0.680,         0.512
         0.133,         0.682,         0.511
         0.134,         0.682,         0.511
         0.134,         0.687,         0.511
         0.134,         0.687,         0.511
         0.134,         0.690,         0.511
         0.134,         0.690,         0.511
         0.134,         0.695,         0.511
         0.136,         0.695,         0.510
         0.136,         0.697,         0.510
         0.137,         0.697,         0.509
         0.137,         0.702,         0.509
         0.140,         0.702,         0.508
         0.140,         0.702,         0.508
         0.148,         0.702,         0.505
         0.148,         0.705,         0.505
         0.148,         0.705,         0.505
         0.148,         0.707,         0.504
         0.148,         0.707,         0.504
         0.149,         0.707,         0.504
         0.152,         0.707,         0.503
         0.152,         0.710,         0.503
         0.152,         0.710,         0.503
         0.152,         0.712,         0.503
         0.153,         0.712,         0.502
         0.153,         0.715,         0.502
         0.155,         0.715,         0.502
         0.155,         0.717,         0.501
         0.155,         0.717,         0.501
         0.155,         0.720,         0.501
         0.156,         0.720,         0.501
         0.156,         0.722,         0.501
         0.157,         0.722,         0.501
         0.157,         0.725,         0.501
         0.157,         0.725,         0.501
         0.157,         0.727,         0.501
         0.161,         0.727,         0.499
         0.161,         0.730,         0.499
         0.161,         0.730,         0.499
         0.161,         0.732,         0.499
         0.162,         0.732,         0.499
         0.162,         0.732,         0.499
         0.163,         0.732,         0.498
         0.163,         0.734,         0.498
         0.166,         0.734,         0.496
         0.166,         0.737,         0.496
         0.168,         0.737,         0.495
         0.168,         0.739,         0.495
         0.171,         0.739,         0.493
         0.171,         0.742,         0.493
         0.175,         0.742,         0.492
         0.175,         0.744,         0.492
         0.176,         0.744,         0.491
         0.176,         0.747,         0.491
         0.182,         0.747,         0.488
         0.182,         0.749,         0.488
         0.185,         0.749,         0.487
         0.185,         0.752,         0.487
         0.187,         0.752,         0.486
         0.187,         0.754,         0.486
         0.191,         0.754,         0.484
         0.191,         0.759,         0.484
         0.192,         0.759,         0.484
         0.192,         0.759,         0.484
         0.195,         0.759,         0.483
         0.196,         0.759,         0.483
         0.198,         0.759,         0.481
         0.198,         0.762,         0.481
         0.203,         0.762,         0.480
         0.203,         0.762,         0.480
         0.204,         0.762,         0.479
         0.207,         0.762,         0.479
         0.210,         0.762,         0.477
         0.210,         0.764,         0.477
         0.213,         0.764,         0.476
         0.213,         0.767,         0.476
         0.220,         0.767,         0.473
         0.221,         0.767,         0.473
         0.222,         0.767,         0.472
         0.222,         0.769,         0.472
         0.223,         0.769,         0.472
         0.223,         0.769,         0.472
         0.229,         0.769,         0.470
         0.229,         0.777,         0.470
         0.229,         0.777,         0.470
         0.229,         0.779,         0.470
         0.229,         0.779,         0.469
         0.229,         0.782,         0.469
         0.233,         0.782,         0.468
         0.233,         0.787,         0.468
         0.234,         0.787,         0.467
         0.234,         0.789,         0.467
         0.235,         0.789,         0.467
         0.235,         0.792,         0.467
         0.244,         0.792,         0.464
         0.244,         0.794,         0.464
         0.251,         0.794,         0.461
         0.251,         0.797,         0.461
         0.253,         0.797,         0.460
         0.253,         0.799,         0.460
         0.255,         0.799,         0.459
         0.255,         0.801,         0.459
         0.257,         0.801,         0.458
         0.257,         0.804,         0.458
         0.258,         0.804,         0.458
         0.258,         0.806,         0.458
         0.261,         0.806,         0.457
         0.261,         0.809,         0.456
         0.265,         0.809,         0.455
         0.265,         0.811,         0.455
         0.267,         0.811,         0.454
         0.267,         0.814,         0.453
         0.273,         0.814,         0.452
         0.273,         0.816,         0.451
         0.274,         0.816,         0.451
         0.274,         0.816,         0.451
         0.276,         0.816,         0.450
         0.276,         0.819,         0.450
         0.279,         0.819,         0.449
         0.279,         0.821,         0.449
         0.281,         0.821,         0.448
         0.281,         0.824,         0.448
         0.281,         0.824,         0.448
         0.281,         0.829,         0.448
         0.286,         0.829,         0.446
         0.286,         0.831,         0.446
         0.291,         0.831,         0.445
         0.291,         0.831,         0.445
         0.292,         0.831,         0.444
         0.293,         0.831,         0.444
         0.294,         0.831,         0.444
         0.294,         0.834,         0.444
         0.294,         0.834,         0.444
         0.297,         0.834,         0.443
         0.297,         0.839,         0.443
         0.299,         0.839,         0.442
         0.299,         0.841,         0.442
         0.300,         0.841,         0.442
         0.300,         0.844,         0.442
         0.301,         0.844,         0.442
         0.301,         0.846,         0.442
         0.312,         0.846,         0.438
         0.312,         0.849,         0.438
         0.314,         0.849,         0.437
         0.314,         0.851,         0.437
         0.315,         0.851,         0.437
         0.315,         0.854,         0.437
         0.320,         0.854,         0.435
         0.320,         0.856,         0.435
         0.323,         0.856,         0.434
         0.323,         0.859,         0.434
         0.334,         0.859,         0.430
         0.334,         0.861,         0.430
         0.338,         0.861,         0.429
         0.338,         0.864,         0.429
         0.338,         0.864,         0.429
         0.338,         0.868,         0.429
         0.345,         0.868,         0.426
         0.346,         0.868,         0.426
         0.347,         0.868,         0.426
         0.347,         0.871,         0.426
         0.349,         0.871,         0.425
         0.349,         0.871,         0.425
         0.351,         0.871,         0.425
         0.351,         0.873,         0.425
         0.353,         0.873,         0.424
         0.353,         0.876,         0.424
         0.353,         0.876,         0.424
         0.354,         0.876,         0.423
         0.354,         0.876,         0.423
         0.354,         0.878,         0.423
         0.357,         0.878,         0.423
         0.357,         0.881,         0.423
         0.359,         0.881,         0.422
         0.359,         0.883,         0.422
         0.371,         0.883,         0.418
         0.371,         0.886,         0.418
         0.377,         0.886,         0.416
         0.377,         0.888,         0.416
         0.378,         0.888,         0.416
         0.379,         0.888,         0.416
         0.385,         0.888,         0.414
         0.385,         0.891,         0.414
         0.385,         0.891,         0.414
         0.386,         0.891,         0.414
         0.394,         0.891,         0.412
         0.394,         0.893,         0.412
         0.398,         0.893,         0.410
         0.398,         0.893,         0.410
         0.399,         0.893,         0.410
         0.399,         0.896,         0.410
         0.400,         0.896,         0.410
         0.401,         0.896,         0.410
         0.402,         0.896,         0.409
         0.402,         0.898,         0.409
         0.412,         0.898,         0.406
         0.413,         0.898,         0.406
         0.419,         0.898,         0.404
         0.419,         0.901,         0.404
         0.424,         0.901,         0.403
         0.424,         0.903,         0.403
         0.425,         0.903,         0.403
         0.425,         0.903,         0.403
         0.428,         0.903,         0.401
         0.428,         0.906,         0.401
         0.432,         0.906,         0.400
         0.432,         0.906,         0.400
         0.438,         0.906,         0.399
         0.438,         0.908,         0.399
         0.450,         0.908,         0.395
         0.451,         0.908,         0.395
         0.461,         0.908,         0.391
         0.461,         0.911,         0.391
         0.462,         0.911,         0.391
         0.463,         0.911,         0.391
         0.476,         0.911,         0.387
         0.476,         0.913,         0.387
         0.478,         0.913,         0.387
         0.478,         0.916,         0.386
         0.484,         0.916,         0.384
         0.484,         0.921,         0.384
         0.488,         0.921,         0.383
         0.488,         0.923,         0.383
         0.489,         0.923,         0.383
         0.489,         0.926,         0.383
         0.493,         0.926,         0.382
         0.493,         0.928,         0.382
         0.497,         0.928,         0.380
         0.498,         0.928,         0.380
         0.506,         0.928,         0.378
         0.506,         0.931,         0.378
         0.507,         0.931,         0.377
         0.507,         0.933,         0.377
         0.517,         0.933,         0.374
         0.518,         0.933,         0.374
         0.521,         0.933,         0.373
         0.521,         0.933,         0.373
         0.524,         0.933,         0.372
         0.524,         0.935,         0.372
         0.529,         0.935,         0.371
         0.529,         0.938,         0.370
         0.532,         0.938,         0.370
         0.532,         0.940,         0.370
         0.533,         0.940,         0.369
         0.533,         0.943,         0.369
         0.545,         0.943,         0.366
         0.545,         0.945,         0.366
         0.550,         0.945,         0.365
         0.550,         0.945,         0.365
         0.552,         0.945,         0.364
         0.552,         0.948,         0.364
         0.562,         0.948,         0.361
         0.562,         0.948,         0.361
         0.566,         0.948,         0.360
         0.566,         0.950,         0.360
         0.567,         0.950,         0.360
         0.567,         0.953,         0.359
         0.572,         0.953,         0.358
         0.572,         0.953,         0.357
         0.578,         0.953,         0.355
         0.579,         0.953,         0.355
         0.586,         0.953,         0.353
         0.586,         0.953,         0.353
         0.591,         0.953,         0.352
         0.591,         0.953,         0.352
         0.593,         0.953,         0.351
         0.594,         0.953,         0.351
         0.596,         0.953,         0.351
         0.596,         0.955,         0.350
         0.600,         0.955,         0.349
         0.601,         0.955,         0.349
         0.613,         0.955,         0.346
         0.614,         0.955,         0.346
         0.625,         0.955,         0.342
         0.625,         0.958,         0.342
         0.637,         0.958,         0.338
         0.637,         0.960,         0.338
         0.640,         0.960,         0.337
         0.640,         0.960,         0.337
         0.641,         0.960,         0.336
         0.641,         0.963,         0.336
         0.641,         0.963,         0.336
         0.641,         0.965,         0.336
         0.656,         0.965,         0.331
         0.656,         0.968,         0.331
         0.658,         0.968,         0.330
         0.658,         0.973,         0.330
         0.690,         0.973,         0.320
         0.690,         0.973,         0.320
         0.709,         0.973,         0.314
         0.709,         0.973,         0.314
         0.711,         0.973,         0.313
         0.711,         0.973,         0.313
         0.715,         0.973,         0.312
         0.715,         0.975,         0.312
         0.719,         0.975,         0.311
         0.719,         0.978,         0.311
         0.722,         0.978,         0.310
         0.722,         0.978,         0.310
         0.729,         0.978,         0.307
         0.729,         0.980,         0.307
         0.735,         0.980,         0.305
         0.735,         0.980,         0.305
         0.750,         0.980,         0.300
         0.750,         0.983,         0.300
         0.754,         0.983,         0.299
         0.754,         0.985,         0.299
         0.760,         0.985,         0.296
         0.760,         0.988,         0.296
         0.771,         0.988,         0.292
         0.774,         0.988,         0.292
         0.776,         0.988,         0.291
         0.776,         0.990,         0.291
         0.808,         0.990,         0.278
         0.827,         0.990,         0.278
         0.836,         0.990,         0.274
         0.836,         0.990,         0.274
         0.875,         0.990,         0.256
         0.875,         0.990,         0.256
         0.889,         0.990,         0.249
         0.889,         0.990,         0.249
         0.915,         0.990,         0.233
         0.916,         0.990,         0.233
         0.919,         0.990,         0.230
         0.920,         0.990,         0.230
         0.934,         0.990,         0.221
         0.934,         0.993,         0.221
         0.936,         0.993,         0.220
         0.936,         0.993,         0.220
         0.938,         0.993,         0.218
         0.938,         0.995,         0.218
         0.982,         0.995,         0.162
         0.982,         0.998,         0.162
         0.983,         0.998,         0.159
         0.983,         1.000,         0.159
         1.000,         1.000,         0.037
