false_pos_rate,true_pos_rate,threshold
         0.000,         0.000,         1.246
         0.000,         0.002,         0.246
         0.000,         0.002,         0.246
         0.000,         0.005,         0.230
         0.001,         0.005,         0.216
         0.001,         0.017,         0.200
         0.001,         0.017,         0.200
         0.001,         0.027,         0.189
         0.001,         0.027,         0.189
         0.001,         0.035,         0.186
         0.001,         0.035,         0.182
         0.001,         0.037,         0.181
         0.002,         0.037,         0.180
         0.002,         0.040,         0.180
         0.002,         0.040,         0.179
         0.002,         0.042,         0.179
         0.002,         0.042,         0.179
         0.002,         0.052,         0.176
         0.002,         0.052,         0.175
         0.002,         0.060,         0.175
         0.003,         0.060,         0.173
         0.003,         0.069,         0.169
         0.003,         0.069,         0.168
         0.003,         0.077,         0.165
         0.003,         0.077,         0.164
         0.003,         0.092,         0.160
         0.003,         0.092,         0.160
         0.003,         0.097,         0.157
         0.003,         0.097,         0.156
         0.003,         0.099,         0.155
         0.004,         0.099,         0.154
         0.004,         0.102,         0.153
         0.004,         0.102,         0.152
         0.004,         0.107,         0.151
         0.005,         0.107,         0.151
         0.005,         0.112,         0.150
         0.005,         0.112,         0.150
         0.005,         0.114,         0.149
         0.005,         0.114,         0.148
         0.005,         0.119,         0.147
         0.006,         0.119,         0.145
         0.006,         0.124,         0.145
         0.006,         0.124,         0.145
         0.006,         0.129,         0.144
         0.007,         0.129,         0.142
         0.007,         0.139,         0.141
         0.008,         0.139,         0.140
         0.008,         0.154,         0.136
         0.008,         0.154,         0.135
         0.008,         0.156,         0.134
         0.008,         0.156,         0.134
         0.008,         0.159,         0.134
         0.009,         0.159,         0.132
         0.009,         0.161,         0.131
         0.009,         0.161,         0.131
         0.009,         0.164,         0.130
         0.010,         0.164,         0.128
         0.010,         0.166,         0.128
         0.010,         0.166,         0.128
         0.010,         0.169,         0.127
         0.010,         0.169,         0.127
         0.010,         0.174,         0.125
         0.011,         0.174,         0.125
         0.011,         0.189,         0.121
         0.011,         0.189,         0.121
         0.011,         0.196,         0.119
         0.011,         0.196,         0.119
         0.011,         0.203,         0.118
         0.012,         0.203,         0.117
         0.012,         0.206,         0.117
         0.012,         0.206,         0.115
         0.012,         0.208,         0.115
         0.013,         0.208,         0.113
         0.013,         0.211,         0.113
         0.013,         0.211,         0.113
         0.013,         0.218,         0.113
         0.013,         0.218,         0.112
         0.013,         0.221,         0.112
         0.014,         0.221,         0.111
         0.014,         0.223,         0.111
         0.014,         0.223,         0.108
         0.014,         0.226,         0.108
         0.014,         0.226,         0.107
         0.014,         0.231,         0.106
         0.015,         0.231,         0.106
         0.015,         0.233,         0.105
         0.015,         0.233,         0.104
         0.015,         0.238,         0.103
         0.016,         0.238,         0.102
         0.016,         0.243,         0.102
         0.016,         0.243,         0.102
         0.016,         0.246,         0.101
         0.017,         0.246,         0.101
         0.017,         0.251,         0.100
         0.017,         0.251,         0.099
         0.017,         0.261,         0.098
         0.018,         0.261,         0.098
         0.018,         0.263,         0.097
         0.018,         0.263,         0.096
         0.018,         0.266,         0.095
         0.018,         0.266,         0.095
         0.018,         0.270,         0.095
         0.018,         0.270,         0.094
         0.018,         0.273,         0.094
         0.018,         0.273,         0.094
         0.018,         0.278,         0.093
         0.019,         0.278,         0.092
         0.019,         0.280,         0.092
         0.019,         0.280,         0.092
         0.019,         0.283,         0.091
         0.019,         0.283,         0.090
         0.019,         0.285,         0.089
         0.021,         0.285,         0.086
         0.021,         0.288,         0.085
         0.021,         0.288,         0.083
         0.021,         0.290,         0.082
         0.022,         0.290,         0.080
         0.022,         0.295,         0.080
         0.023,         0.295,         0.079
         0.023,         0.303,         0.079
         0.023,         0.303,         0.078
         0.023,         0.313,         0.078
         0.023,         0.313,         0.078
         0.023,         0.315,         0.077
         0.024,         0.315,         0.076
         0.024,         0.318,         0.076
         0.024,         0.318,         0.074
         0.024,         0.323,         0.073
         0.024,         0.323,         0.072
         0.024,         0.335,         0.071
         0.024,         0.335,         0.071
         0.024,         0.337,         0.070
         0.025,         0.337,         0.070
         0.025,         0.340,         0.070
         0.025,         0.340,         0.069
         0.025,         0.342,         0.069
         0.025,         0.342,         0.069
         0.025,         0.345,         0.069
         0.025,         0.345,         0.069
         0.025,         0.347,         0.069
         0.026,         0.347,         0.069
         0.026,         0.352,         0.068
         0.026,         0.352,         0.067
         0.026,         0.355,         0.066
         0.026,         0.355,         0.066
         0.026,         0.360,         0.066
         0.026,         0.360,         0.065
         0.026,         0.365,         0.064
         0.026,         0.365,         0.064
         0.026,         0.372,         0.064
         0.028,         0.372,         0.062
         0.028,         0.380,         0.060
         0.028,         0.380,         0.060
         0.028,         0.382,         0.060
         0.028,         0.382,         0.060
         0.028,         0.385,         0.060
         0.029,         0.385,         0.059
         0.029,         0.390,         0.059
         0.029,         0.390,         0.059
         0.029,         0.392,         0.059
         0.029,         0.392,         0.058
         0.029,         0.395,         0.058
         0.030,         0.395,         0.056
         0.030,         0.397,         0.056
         0.030,         0.397,         0.056
         0.030,         0.400,         0.055
         0.031,         0.400,         0.053
         0.031,         0.402,         0.052
         0.032,         0.402,         0.052
         0.032,         0.404,         0.052
         0.032,         0.404,         0.052
         0.032,         0.407,         0.051
         0.033,         0.407,         0.050
         0.033,         0.409,         0.049
         0.034,         0.409,         0.048
         0.034,         0.414,         0.047
         0.034,         0.414,         0.047
         0.034,         0.417,         0.047
         0.035,         0.417,         0.046
         0.035,         0.419,         0.045
         0.036,         0.419,         0.044
         0.036,         0.422,         0.044
         0.037,         0.422,         0.042
         0.037,         0.424,         0.042
         0.038,         0.424,         0.041
         0.038,         0.427,         0.041
         0.039,         0.427,         0.040
         0.039,         0.429,         0.040
         0.039,         0.429,         0.039
         0.039,         0.432,         0.039
         0.039,         0.432,         0.039
         0.039,         0.439,         0.038
         0.039,         0.439,         0.038
         0.039,         0.442,         0.038
         0.040,         0.442,         0.038
         0.040,         0.444,         0.037
         0.040,         0.444,         0.036
         0.040,         0.449,         0.036
         0.041,         0.449,         0.033
         0.041,         0.454,         0.033
         0.042,         0.454,         0.032
         0.042,         0.457,         0.032
         0.043,         0.457,         0.032
         0.043,         0.459,         0.031
         0.044,         0.459,         0.030
         0.044,         0.462,         0.030
         0.044,         0.462,         0.030
         0.044,         0.464,         0.029
         0.045,         0.464,         0.029
         0.045,         0.467,         0.028
         0.045,         0.467,         0.028
         0.045,         0.469,         0.028
         0.046,         0.469,         0.027
         0.046,         0.471,         0.027
         0.046,         0.471,         0.027
         0.046,         0.474,         0.026
         0.047,         0.474,         0.026
         0.047,         0.476,         0.025
         0.047,         0.476,         0.024
         0.047,         0.479,         0.024
         0.048,         0.479,         0.024
         0.048,         0.481,         0.023
         0.048,         0.481,         0.023
         0.048,         0.484,         0.023
         0.048,         0.484,         0.023
         0.048,         0.486,         0.023
         0.049,         0.486,         0.022
         0.049,         0.489,         0.022
         0.049,         0.489,         0.022
         0.049,         0.491,         0.022
         0.050,         0.491,         0.021
         0.050,         0.494,         0.020
         0.050,         0.494,         0.020
         0.050,         0.496,         0.020
         0.051,         0.496,         0.019
         0.051,         0.499,         0.019
         0.051,         0.499,         0.019
         0.051,         0.501,         0.019
         0.051,         0.501,         0.018
         0.051,         0.504,         0.018
         0.051,         0.504,         0.017
         0.051,         0.514,         0.017
         0.053,         0.514,         0.015
         0.053,         0.521,         0.014
         0.053,         0.521,         0.014
         0.053,         0.526,         0.014
         0.053,         0.526,         0.014
         0.053,         0.531,         0.014
         0.054,         0.531,         0.012
         0.054,         0.533,         0.012
         0.056,         0.533,         0.010
         0.056,         0.536,         0.010
         0.057,         0.536,         0.008
         0.057,         0.538,         0.008
         0.058,         0.538,         0.007
         0.058,         0.541,         0.007
         0.060,         0.541,         0.006
         0.060,         0.543,         0.006
         0.061,         0.543,         0.004
         0.061,         0.546,         0.004
         0.063,         0.546,         0.002
         0.063,         0.548,         0.002
         0.064,         0.548,         0.001
         0.064,         0.551,         0.001
         0.064,         0.551,         0.000
         0.064,         0.556,        -0.000
         0.065,         0.556,        -0.000
         0.065,         0.558,        -0.000
         0.066,         0.558,        -0.001
         0.066,         0.561,        -0.001
         0.066,         0.561,        -0.002
         0.066,         0.563,        -0.002
         0.068,         0.563,        -0.003
         0.068,         0.566,        -0.003
         0.068,         0.566,        -0.003
         0.068,         0.568,        -0.004
         0.068,         0.568,        -0.004
         0.068,         0.571,        -0.004
         0.069,         0.571,        -0.004
         0.069,         0.576,        -0.005
         0.069,         0.576,        -0.006
         0.069,         0.578,        -0.006
         0.070,         0.578,        -0.006
         0.070,         0.578,        -0.006
         0.070,         0.578,        -0.006
         0.070,         0.581,        -0.006
         0.071,         0.581,        -0.007
         0.071,         0.586,        -0.007
         0.071,         0.586,        -0.007
         0.071,         0.588,        -0.007
         0.072,         0.588,        -0.007
         0.072,         0.596,        -0.008
         0.074,         0.596,        -0.011
         0.074,         0.598,        -0.011
         0.075,         0.598,        -0.013
         0.075,         0.603,        -0.013
         0.080,         0.603,        -0.017
         0.080,         0.613,        -0.017
         0.081,         0.613,        -0.018
         0.081,         0.615,        -0.018
         0.082,         0.615,        -0.018
         0.082,         0.618,        -0.018
         0.085,         0.618,        -0.020
         0.085,         0.620,        -0.020
         0.086,         0.620,        -0.021
         0.086,         0.623,        -0.021
         0.086,         0.623,        -0.022
         0.086,         0.625,        -0.022
         0.087,         0.625,        -0.022
         0.087,         0.630,        -0.022
         0.087,         0.630,        -0.022
         0.087,         0.633,        -0.022
         0.088,         0.633,        -0.022
         0.088,         0.635,        -0.023
         0.089,         0.635,        -0.024
         0.089,         0.638,        -0.024
         0.090,         0.638,        -0.025
         0.090,         0.643,        -0.025
         0.093,         0.643,        -0.027
         0.093,         0.645,        -0.027
         0.094,         0.645,        -0.028
         0.094,         0.648,        -0.028
         0.095,         0.648,        -0.028
         0.095,         0.650,        -0.029
         0.098,         0.650,        -0.031
         0.098,         0.653,        -0.031
         0.098,         0.653,        -0.032
         0.098,         0.655,        -0.032
         0.100,         0.655,        -0.033
         0.100,         0.658,        -0.033
         0.100,         0.658,        -0.033
         0.100,         0.660,        -0.033
         0.100,         0.660,        -0.033
         0.100,         0.663,        -0.033
         0.103,         0.663,        -0.035
         0.103,         0.665,        -0.035
         0.104,         0.665,        -0.036
         0.104,         0.667,        -0.036
         0.113,         0.667,        -0.042
         0.113,         0.670,        -0.042
         0.114,         0.670,        -0.043
         0.114,         0.672,        -0.043
         0.124,         0.672,        -0.048
         0.124,         0.675,        -0.049
         0.124,         0.675,        -0.049
         0.124,         0.677,        -0.049
         0.125,         0.677,        -0.050
         0.125,         0.680,        -0.050
         0.126,         0.680,        -0.051
         0.126,         0.682,        -0.051
         0.127,         0.682,        -0.051
         0.127,         0.685,        -0.051
         0.128,         0.685,        -0.052
         0.128,         0.687,        -0.052
         0.129,         0.687,        -0.052
         0.129,         0.690,        -0.052
         0.136,         0.690,        -0.055
         0.136,         0.692,        -0.055
         0.137,         0.692,        -0.055
         0.137,         0.695,        -0.055
         0.137,         0.695,        -0.056
         0.137,         0.697,        -0.056
         0.141,         0.697,        -0.057
         0.141,         0.700,        -0.057
         0.145,         0.700,        -0.059
         0.145,         0.705,        -0.060
         0.145,         0.705,        -0.060
         0.145,         0.707,        -0.060
         0.147,         0.707,        -0.060
         0.147,         0.710,        -0.060
         0.147,         0.710,        -0.061
         0.147,         0.712,        -0.061
         0.148,         0.712,        -0.061
         0.148,         0.715,        -0.061
         0.148,         0.715,        -0.061
         0.148,         0.717,        -0.061
         0.150,         0.717,        -0.062
         0.150,         0.722,        -0.062
         0.150,         0.722,        -0.063
         0.150,         0.725,        -0.063
         0.162,         0.725,        -0.068
         0.162,         0.727,        -0.068
         0.169,         0.727,        -0.072
         0.169,         0.730,        -0.072
         0.170,         0.730,        -0.073
         0.170,         0.732,        -0.073
         0.170,         0.732,        -0.073
         0.170,         0.734,        -0.073
         0.171,         0.734,        -0.073
         0.171,         0.737,        -0.073
         0.174,         0.737,        -0.074
         0.174,         0.739,        -0.074
         0.177,         0.739,        -0.075
         0.177,         0.742,        -0.075
         0.182,         0.742,        -0.078
         0.182,         0.744,        -0.078
         0.183,         0.744,        -0.078
         0.183,         0.747,        -0.078
         0.190,         0.747,        -0.081
         0.190,         0.749,        -0.081
         0.191,         0.749,        -0.082
         0.191,         0.752,        -0.082
         0.193,         0.752,        -0.083
         0.193,         0.754,        -0.083
         0.197,         0.754,        -0.085
         0.197,         0.759,        -0.085
         0.197,         0.759,        -0.085
         0.197,         0.762,        -0.085
         0.202,         0.762,        -0.087
         0.202,         0.764,        -0.087
         0.203,         0.764,        -0.087
         0.203,         0.767,        -0.088
         0.205,         0.767,        -0.088
         0.205,         0.769,        -0.088
         0.206,         0.769,        -0.089
         0.206,         0.772,        -0.089
         0.216,         0.772,        -0.093
         0.216,         0.774,        -0.093
         0.222,         0.774,        -0.095
         0.222,         0.777,        -0.095
         0.226,         0.777,        -0.097
         0.226,         0.779,        -0.097
         0.228,         0.779,        -0.097
         0.228,         0.782,        -0.097
         0.228,         0.782,        -0.098
         0.228,         0.784,        -0.098
         0.230,         0.784,        -0.099
         0.230,         0.787,        -0.099
         0.234,         0.787,        -0.100
         0.234,         0.789,        -0.100
         0.235,         0.789,        -0.100
         0.235,         0.792,        -0.100
         0.235,         0.792,        -0.101
         0.235,         0.794,        -0.101
         0.237,         0.794,        -0.101
         0.237,         0.797,        -0.101
         0.241,         0.797,        -0.103
         0.241,         0.799,        -0.103
         0.243,         0.799,        -0.104
         0.243,         0.801,        -0.104
         0.244,         0.801,        -0.105
         0.244,         0.804,        -0.105
         0.246,         0.804,        -0.105
         0.246,         0.806,        -0.106
         0.251,         0.806,        -0.108
         0.251,         0.809,        -0.108
         0.256,         0.809,        -0.110
         0.256,         0.811,        -0.110
         0.259,         0.811,        -0.111
         0.259,         0.814,        -0.111
         0.262,         0.814,        -0.112
         0.262,         0.816,        -0.112
         0.269,         0.816,        -0.114
         0.269,         0.819,        -0.114
         0.270,         0.819,        -0.115
         0.270,         0.821,        -0.115
         0.271,         0.821,        -0.115
         0.271,         0.824,        -0.115
         0.271,         0.824,        -0.115
         0.271,         0.826,        -0.115
         0.274,         0.826,        -0.116
         0.274,         0.829,        -0.116
         0.274,         0.829,        -0.116
         0.274,         0.831,        -0.116
         0.288,         0.831,        -0.120
         0.288,         0.834,        -0.120
         0.290,         0.834,        -0.121
         0.292,         0.834,        -0.121
         0.298,         0.834,        -0.123
         0.298,         0.836,        -0.123
         0.303,         0.836,        -0.125
         0.303,         0.839,        -0.125
         0.308,         0.839,        -0.126
         0.308,         0.841,        -0.126
         0.309,         0.841,        -0.126
         0.309,         0.844,        -0.126
         0.317,         0.844,        -0.129
         0.317,         0.846,        -0.129
         0.319,         0.846,        -0.130
         0.319,         0.849,        -0.130
         0.320,         0.849,        -0.130
         0.320,         0.851,        -0.130
         0.322,         0.851,        -0.130
         0.322,         0.856,        -0.131
         0.326,         0.856,        -0.132
         0.327,         0.856,        -0.132
         0.328,         0.856,        -0.133
         0.329,         0.856,        -0.133
         0.332,         0.856,        -0.134
         0.332,         0.859,        -0.134
         0.334,         0.859,        -0.135
         0.334,         0.864,        -0.135
         0.337,         0.864,        -0.136
         0.337,         0.864,        -0.136
         0.341,         0.864,        -0.138
         0.341,         0.866,        -0.138
         0.349,         0.866,        -0.140
         0.350,         0.866,        -0.140
         0.350,         0.866,        -0.140
         0.350,         0.868,        -0.140
         0.353,         0.868,        -0.141
         0.353,         0.871,        -0.141
         0.361,         0.871,        -0.143
         0.362,         0.871,        -0.143
         0.362,         0.871,        -0.143
         0.362,         0.873,        -0.143
         0.367,         0.873,        -0.145
         0.367,         0.873,        -0.145
         0.381,         0.873,        -0.149
         0.381,         0.876,        -0.149
         0.381,         0.876,        -0.149
         0.381,         0.878,        -0.149
         0.382,         0.878,        -0.149
         0.382,         0.881,        -0.149
         0.392,         0.881,        -0.152
         0.392,         0.883,        -0.152
         0.394,         0.883,        -0.153
         0.394,         0.886,        -0.153
         0.396,         0.886,        -0.154
         0.396,         0.888,        -0.154
         0.398,         0.888,        -0.155
         0.399,         0.888,        -0.155
         0.399,         0.891,        -0.155
         0.402,         0.891,        -0.156
         0.402,         0.896,        -0.156
         0.403,         0.896,        -0.156
         0.403,         0.898,        -0.156
         0.408,         0.898,        -0.158
         0.408,         0.901,        -0.158
         0.408,         0.901,        -0.158
         0.408,         0.903,        -0.158
         0.409,         0.903,        -0.158
         0.409,         0.906,        -0.158
         0.411,         0.906,        -0.159
         0.411,         0.908,        -0.159
         0.420,         0.908,        -0.162
         0.420,         0.911,        -0.162
         0.421,         0.911,        -0.162
         0.421,         0.913,        -0.162
         0.422,         0.913,        -0.163
         0.422,         0.916,        -0.163
         0.423,         0.916,        -0.163
         0.424,         0.916,        -0.163
         0.430,         0.916,        -0.166
         0.431,         0.916,        -0.166
         0.433,         0.916,        -0.167
         0.434,         0.916,        -0.167
         0.434,         0.918,        -0.167
         0.434,         0.918,        -0.167
         0.434,         0.921,        -0.167
         0.457,         0.921,        -0.173
         0.457,         0.923,        -0.173
         0.460,         0.923,        -0.174
         0.461,         0.923,        -0.174
         0.476,         0.923,        -0.178
         0.476,         0.926,        -0.178
         0.480,         0.926,        -0.179
         0.480,         0.926,        -0.179
         0.484,         0.926,        -0.180
         0.484,         0.928,        -0.180
         0.491,         0.928,        -0.182
         0.491,         0.931,        -0.182
         0.497,         0.931,        -0.184
         0.497,         0.931,        -0.184
         0.500,         0.931,        -0.184
         0.500,         0.933,        -0.185
         0.514,         0.933,        -0.188
         0.515,         0.933,        -0.188
         0.516,         0.933,        -0.188
         0.516,         0.935,        -0.188
         0.519,         0.935,        -0.189
         0.519,         0.938,        -0.189
         0.522,         0.938,        -0.190
         0.522,         0.938,        -0.190
         0.569,         0.938,        -0.204
         0.570,         0.938,        -0.204
         0.572,         0.938,        -0.204
         0.573,         0.938,        -0.204
         0.575,         0.938,        -0.205
         0.575,         0.940,        -0.205
         0.583,         0.940,        -0.207
         0.583,         0.943,        -0.207
         0.584,         0.943,        -0.208
         0.584,         0.948,        -0.208
         0.588,         0.948,        -0.209
         0.588,         0.948,        -0.209
         0.592,         0.948,        -0.210
         0.592,         0.948,        -0.210
         0.609,         0.948,        -0.214
         0.609,         0.948,        -0.214
         0.612,         0.948,        -0.215
         0.613,         0.948,        -0.215
         0.619,         0.948,        -0.217
         0.619,         0.950,        -0.217
         0.624,         0.950,        -0.218
         0.626,         0.950,        -0.218
         0.627,         0.950,        -0.219
         0.627,         0.953,        -0.219
         0.627,         0.953,        -0.219
         0.627,         0.955,        -0.219
         0.629,         0.955,        -0.220
         0.629,         0.958,        -0.220
         0.639,         0.958,        -0.223
         0.639,         0.958,        -0.223
         0.641,         0.958,        -0.224
         0.641,         0.958,        -0.224
         0.643,         0.958,        -0.225
         0.643,         0.960,        -0.225
         0.652,         0.960,        -0.227
         0.652,         0.963,        -0.227
         0.665,         0.963,        -0.232
         0.666,         0.963,        -0.232
         0.676,         0.963,        -0.235
         0.676,         0.965,        -0.235
         0.686,         0.965,        -0.238
         0.687,         0.965,        -0.238
         0.694,         0.965,        -0.241
         0.695,         0.965,        -0.241
         0.698,         0.965,        -0.242
         0.698,         0.968,        -0.242
         0.702,         0.968,        -0.243
         0.703,         0.968,        -0.243
         0.714,         0.968,        -0.246
         0.715,         0.968,        -0.247
         0.721,         0.968,        -0.248
         0.721,         0.970,        -0.248
         0.722,         0.970,        -0.248
         0.722,         0.970,        -0.248
         0.733,         0.970,        -0.251
         0.733,         0.970,        -0.251
         0.735,         0.970,        -0.251
         0.735,         0.973,        -0.252
         0.751,         0.973,        -0.257
         0.751,         0.975,        -0.257
         0.755,         0.975,        -0.258
         0.756,         0.975,        -0.258
         0.765,         0.975,        -0.261
         0.766,         0.975,        -0.262
         0.769,         0.975,        -0.262
         0.769,         0.978,        -0.262
         0.780,         0.978,        -0.267
         0.781,         0.978,        -0.267
         0.787,         0.978,        -0.269
         0.788,         0.978,        -0.269
         0.791,         0.978,        -0.271
         0.792,         0.978,        -0.271
         0.803,         0.978,        -0.275
         0.803,         0.980,        -0.275
         0.813,         0.980,        -0.279
         0.814,         0.980,        -0.279
         0.818,         0.980,        -0.281
         0.818,         0.980,        -0.281
         0.819,         0.980,        -0.281
         0.819,         0.980,        -0.281
         0.820,         0.980,        -0.281
         0.820,         0.983,        -0.281
         0.826,         0.983,        -0.284
         0.827,         0.983,        -0.284
         0.866,         0.983,        -0.302
         0.866,         0.983,        -0.302
         0.869,         0.983,        -0.304
         0.869,         0.985,        -0.304
         0.871,         0.985,        -0.305
         0.871,         0.988,        -0.305
         0.872,         0.988,        -0.305
         0.873,         0.988,        -0.306
         0.873,         0.988,        -0.306
         0.874,         0.988,        -0.306
         0.886,         0.988,        -0.312
         0.887,         0.988,        -0.313
         0.893,         0.988,        -0.316
         0.911,         0.988,        -0.316
         0.912,         0.988,        -0.317
         0.912,         0.990,        -0.317
         0.915,         0.990,        -0.320
         0.915,         0.993,        -0.320
         0.921,         0.993,        -0.324
         0.924,         0.993,        -0.325
         0.933,         0.993,        -0.331
         0.933,         0.993,        -0.332
         0.936,         0.993,        -0.334
         0.936,         0.995,        -0.334
         0.949,         0.995,        -0.344
         0.950,         0.995,        -0.345
         0.953,         0.995,        -0.348
         0.953,         0.998,        -0.348
         0.956,         0.998,        -0.352
         0.956,         1.000,        -0.352
         0.967,         1.000,        -0.366
         0.968,         1.000,        -0.366
         0.981,         1.000,        -0.384
         0.981,         1.000,        -0.385
         1.000,         1.000,        -0.485
