false_pos_rate,true_pos_rate,threshold
         0.000,         0.000,         1.762
         0.000,         0.002,         0.762
         0.000,         0.002,         0.761
         0.000,         0.005,         0.746
         0.001,         0.005,         0.732
         0.001,         0.017,         0.716
         0.001,         0.017,         0.716
         0.001,         0.027,         0.705
         0.001,         0.027,         0.704
         0.001,         0.035,         0.701
         0.001,         0.035,         0.697
         0.001,         0.037,         0.697
         0.002,         0.037,         0.696
         0.002,         0.040,         0.696
         0.002,         0.040,         0.695
         0.002,         0.042,         0.695
         0.002,         0.042,         0.695
         0.002,         0.052,         0.692
         0.002,         0.052,         0.691
         0.002,         0.060,         0.690
         0.003,         0.060,         0.689
         0.003,         0.069,         0.685
         0.003,         0.069,         0.684
         0.003,         0.077,         0.681
         0.003,         0.077,         0.679
         0.003,         0.092,         0.676
         0.003,         0.092,         0.675
         0.003,         0.097,         0.673
         0.003,         0.097,         0.672
         0.003,         0.099,         0.670
         0.004,         0.099,         0.669
         0.004,         0.102,         0.669
         0.004,         0.102,         0.667
         0.004,         0.107,         0.666
         0.005,         0.107,         0.666
         0.005,         0.112,         0.666
         0.005,         0.112,         0.665
         0.005,         0.114,         0.664
         0.005,         0.114,         0.664
         0.005,         0.119,         0.662
         0.006,         0.119,         0.661
         0.006,         0.124,         0.661
         0.006,         0.124,         0.660
         0.006,         0.129,         0.660
         0.007,         0.129,         0.658
         0.007,         0.139,         0.657
         0.008,         0.139,         0.656
         0.008,         0.154,         0.651
         0.008,         0.154,         0.651
         0.008,         0.156,         0.650
         0.008,         0.156,         0.650
         0.008,         0.159,         0.650
         0.009,         0.159,         0.648
         0.009,         0.161,         0.647
         0.009,         0.161,         0.647
         0.009,         0.164,         0.646
         0.010,         0.164,         0.644
         0.010,         0.166,         0.643
         0.010,         0.166,         0.643
         0.010,         0.169,         0.642
         0.010,         0.169,         0.642
         0.010,         0.174,         0.641
         0.011,         0.174,         0.641
         0.011,         0.189,         0.637
         0.011,         0.189,         0.637
         0.011,         0.196,         0.635
         0.011,         0.196,         0.635
         0.011,         0.203,         0.634
         0.012,         0.203,         0.633
         0.012,         0.206,         0.633
         0.012,         0.206,         0.631
         0.012,         0.208,         0.631
         0.013,         0.208,         0.629
         0.013,         0.211,         0.629
         0.013,         0.211,         0.629
         0.013,         0.218,         0.628
         0.013,         0.218,         0.628
         0.013,         0.221,         0.627
         0.014,         0.221,         0.627
         0.014,         0.223,         0.627
         0.014,         0.223,         0.624
         0.014,         0.226,         0.624
         0.014,         0.226,         0.623
         0.014,         0.231,         0.622
         0.015,         0.231,         0.622
         0.015,         0.233,         0.620
         0.015,         0.233,         0.619
         0.015,         0.238,         0.619
         0.016,         0.238,         0.617
         0.016,         0.243,         0.617
         0.016,         0.243,         0.617
         0.016,         0.246,         0.617
         0.017,         0.246,         0.617
         0.017,         0.251,         0.616
         0.017,         0.251,         0.615
         0.017,         0.261,         0.613
         0.018,         0.261,         0.613
         0.018,         0.263,         0.613
         0.018,         0.263,         0.611
         0.018,         0.266,         0.611
         0.018,         0.266,         0.611
         0.018,         0.270,         0.611
         0.018,         0.270,         0.610
         0.018,         0.273,         0.610
         0.018,         0.273,         0.609
         0.018,         0.278,         0.609
         0.019,         0.278,         0.608
         0.019,         0.280,         0.607
         0.019,         0.280,         0.607
         0.019,         0.283,         0.606
         0.019,         0.283,         0.606
         0.019,         0.285,         0.605
         0.021,         0.285,         0.601
         0.021,         0.288,         0.601
         0.021,         0.288,         0.599
         0.021,         0.290,         0.598
         0.022,         0.290,         0.596
         0.022,         0.295,         0.595
         0.023,         0.295,         0.595
         0.023,         0.303,         0.594
         0.023,         0.303,         0.594
         0.023,         0.313,         0.593
         0.023,         0.313,         0.593
         0.023,         0.315,         0.593
         0.024,         0.315,         0.591
         0.024,         0.318,         0.591
         0.024,         0.318,         0.589
         0.024,         0.323,         0.588
         0.024,         0.323,         0.588
         0.024,         0.335,         0.586
         0.024,         0.335,         0.586
         0.024,         0.337,         0.586
         0.025,         0.337,         0.586
         0.025,         0.340,         0.585
         0.025,         0.340,         0.585
         0.025,         0.342,         0.585
         0.025,         0.342,         0.585
         0.025,         0.345,         0.584
         0.025,         0.345,         0.584
         0.025,         0.347,         0.584
         0.026,         0.347,         0.584
         0.026,         0.352,         0.584
         0.026,         0.352,         0.583
         0.026,         0.355,         0.582
         0.026,         0.355,         0.582
         0.026,         0.360,         0.581
         0.026,         0.360,         0.581
         0.026,         0.365,         0.580
         0.026,         0.365,         0.580
         0.026,         0.372,         0.579
         0.028,         0.372,         0.577
         0.028,         0.380,         0.576
         0.028,         0.380,         0.576
         0.028,         0.382,         0.576
         0.028,         0.382,         0.576
         0.028,         0.385,         0.576
         0.029,         0.385,         0.575
         0.029,         0.390,         0.575
         0.029,         0.390,         0.575
         0.029,         0.392,         0.575
         0.029,         0.392,         0.574
         0.029,         0.395,         0.574
         0.030,         0.395,         0.571
         0.030,         0.397,         0.571
         0.030,         0.397,         0.571
         0.030,         0.400,         0.571
         0.031,         0.400,         0.568
         0.031,         0.402,         0.568
         0.032,         0.402,         0.567
         0.032,         0.404,         0.567
         0.032,         0.404,         0.567
         0.032,         0.407,         0.567
         0.033,         0.407,         0.566
         0.033,         0.409,         0.565
         0.034,         0.409,         0.564
         0.034,         0.414,         0.563
         0.034,         0.414,         0.563
         0.034,         0.417,         0.563
         0.035,         0.417,         0.561
         0.035,         0.419,         0.561
         0.036,         0.419,         0.559
         0.036,         0.422,         0.559
         0.037,         0.422,         0.558
         0.037,         0.424,         0.558
         0.038,         0.424,         0.557
         0.038,         0.427,         0.557
         0.039,         0.427,         0.556
         0.039,         0.429,         0.555
         0.039,         0.429,         0.555
         0.039,         0.432,         0.554
         0.039,         0.432,         0.554
         0.039,         0.439,         0.554
         0.039,         0.439,         0.554
         0.039,         0.442,         0.554
         0.040,         0.442,         0.553
         0.040,         0.444,         0.553
         0.040,         0.444,         0.552
         0.040,         0.449,         0.551
         0.041,         0.449,         0.549
         0.041,         0.454,         0.548
         0.042,         0.454,         0.547
         0.042,         0.457,         0.547
         0.043,         0.457,         0.547
         0.043,         0.459,         0.547
         0.044,         0.459,         0.546
         0.044,         0.462,         0.546
         0.044,         0.462,         0.545
         0.044,         0.464,         0.545
         0.045,         0.464,         0.545
         0.045,         0.467,         0.544
         0.045,         0.467,         0.544
         0.045,         0.469,         0.543
         0.046,         0.469,         0.543
         0.046,         0.471,         0.543
         0.046,         0.471,         0.542
         0.046,         0.474,         0.542
         0.047,         0.474,         0.541
         0.047,         0.476,         0.541
         0.047,         0.476,         0.540
         0.047,         0.479,         0.540
         0.048,         0.479,         0.539
         0.048,         0.481,         0.539
         0.048,         0.481,         0.539
         0.048,         0.484,         0.539
         0.048,         0.484,         0.538
         0.048,         0.486,         0.538
         0.049,         0.486,         0.538
         0.049,         0.489,         0.537
         0.049,         0.489,         0.537
         0.049,         0.491,         0.537
         0.050,         0.491,         0.536
         0.050,         0.494,         0.536
         0.050,         0.494,         0.536
         0.050,         0.496,         0.536
         0.051,         0.496,         0.535
         0.051,         0.499,         0.535
         0.051,         0.499,         0.534
         0.051,         0.501,         0.534
         0.051,         0.501,         0.534
         0.051,         0.504,         0.533
         0.051,         0.504,         0.533
         0.051,         0.514,         0.533
         0.053,         0.514,         0.531
         0.053,         0.521,         0.530
         0.053,         0.521,         0.530
         0.053,         0.526,         0.529
         0.053,         0.526,         0.529
         0.053,         0.531,         0.529
         0.054,         0.531,         0.528
         0.054,         0.533,         0.527
         0.056,         0.533,         0.525
         0.056,         0.536,         0.525
         0.057,         0.536,         0.523
         0.057,         0.538,         0.523
         0.058,         0.538,         0.523
         0.058,         0.541,         0.523
         0.060,         0.541,         0.522
         0.060,         0.543,         0.521
         0.061,         0.543,         0.520
         0.061,         0.546,         0.520
         0.063,         0.546,         0.517
         0.063,         0.548,         0.517
         0.064,         0.548,         0.517
         0.064,         0.551,         0.517
         0.064,         0.551,         0.516
         0.064,         0.556,         0.516
         0.065,         0.556,         0.515
         0.065,         0.558,         0.515
         0.066,         0.558,         0.515
         0.066,         0.561,         0.515
         0.066,         0.561,         0.514
         0.066,         0.563,         0.514
         0.068,         0.563,         0.513
         0.068,         0.566,         0.512
         0.068,         0.566,         0.512
         0.068,         0.568,         0.512
         0.068,         0.568,         0.512
         0.068,         0.571,         0.512
         0.069,         0.571,         0.512
         0.069,         0.576,         0.510
         0.069,         0.576,         0.510
         0.069,         0.578,         0.510
         0.070,         0.578,         0.509
         0.070,         0.578,         0.509
         0.070,         0.578,         0.509
         0.070,         0.581,         0.509
         0.071,         0.581,         0.509
         0.071,         0.586,         0.509
         0.071,         0.586,         0.509
         0.071,         0.588,         0.509
         0.072,         0.588,         0.508
         0.072,         0.596,         0.507
         0.074,         0.596,         0.505
         0.074,         0.598,         0.505
         0.075,         0.598,         0.503
         0.075,         0.603,         0.503
         0.080,         0.603,         0.499
         0.080,         0.613,         0.498
         0.081,         0.613,         0.498
         0.081,         0.615,         0.498
         0.082,         0.615,         0.497
         0.082,         0.618,         0.497
         0.085,         0.618,         0.495
         0.085,         0.620,         0.495
         0.086,         0.620,         0.494
         0.086,         0.623,         0.494
         0.086,         0.623,         0.494
         0.086,         0.625,         0.494
         0.087,         0.625,         0.494
         0.087,         0.630,         0.493
         0.087,         0.630,         0.493
         0.087,         0.633,         0.493
         0.088,         0.633,         0.493
         0.088,         0.635,         0.493
         0.089,         0.635,         0.491
         0.089,         0.638,         0.491
         0.090,         0.638,         0.491
         0.090,         0.643,         0.490
         0.093,         0.643,         0.488
         0.093,         0.645,         0.488
         0.094,         0.645,         0.488
         0.094,         0.648,         0.488
         0.095,         0.648,         0.487
         0.095,         0.650,         0.487
         0.098,         0.650,         0.484
         0.098,         0.653,         0.484
         0.098,         0.653,         0.484
         0.098,         0.655,         0.484
         0.100,         0.655,         0.483
         0.100,         0.658,         0.483
         0.100,         0.658,         0.483
         0.100,         0.660,         0.482
         0.100,         0.660,         0.482
         0.100,         0.663,         0.482
         0.103,         0.663,         0.480
         0.103,         0.665,         0.480
         0.104,         0.665,         0.480
         0.104,         0.667,         0.480
         0.113,         0.667,         0.474
         0.113,         0.670,         0.473
         0.114,         0.670,         0.473
         0.114,         0.672,         0.473
         0.124,         0.672,         0.467
         0.124,         0.675,         0.467
         0.124,         0.675,         0.467
         0.124,         0.677,         0.467
         0.125,         0.677,         0.466
         0.125,         0.680,         0.466
         0.126,         0.680,         0.465
         0.126,         0.682,         0.465
         0.127,         0.682,         0.464
         0.127,         0.685,         0.464
         0.128,         0.685,         0.464
         0.128,         0.687,         0.464
         0.129,         0.687,         0.464
         0.129,         0.690,         0.464
         0.136,         0.690,         0.461
         0.136,         0.692,         0.461
         0.137,         0.692,         0.460
         0.137,         0.695,         0.460
         0.137,         0.695,         0.460
         0.137,         0.697,         0.460
         0.141,         0.697,         0.458
         0.141,         0.700,         0.458
         0.145,         0.700,         0.456
         0.145,         0.705,         0.456
         0.145,         0.705,         0.456
         0.145,         0.707,         0.456
         0.147,         0.707,         0.455
         0.147,         0.710,         0.455
         0.147,         0.710,         0.455
         0.147,         0.712,         0.455
         0.148,         0.712,         0.455
         0.148,         0.715,         0.455
         0.148,         0.715,         0.454
         0.148,         0.717,         0.454
         0.150,         0.717,         0.453
         0.150,         0.722,         0.453
         0.150,         0.722,         0.453
         0.150,         0.725,         0.453
         0.162,         0.725,         0.447
         0.162,         0.727,         0.447
         0.169,         0.727,         0.444
         0.169,         0.730,         0.444
         0.170,         0.730,         0.443
         0.170,         0.732,         0.443
         0.170,         0.732,         0.443
         0.170,         0.734,         0.443
         0.171,         0.734,         0.443
         0.171,         0.737,         0.443
         0.174,         0.737,         0.441
         0.174,         0.739,         0.441
         0.177,         0.739,         0.440
         0.177,         0.742,         0.440
         0.182,         0.742,         0.438
         0.182,         0.744,         0.438
         0.183,         0.744,         0.438
         0.183,         0.747,         0.438
         0.190,         0.747,         0.434
         0.190,         0.749,         0.434
         0.191,         0.749,         0.434
         0.191,         0.752,         0.433
         0.193,         0.752,         0.433
         0.193,         0.754,         0.433
         0.197,         0.754,         0.431
         0.197,         0.759,         0.431
         0.197,         0.759,         0.431
         0.197,         0.762,         0.431
         0.202,         0.762,         0.429
         0.202,         0.764,         0.429
         0.203,         0.764,         0.428
         0.203,         0.767,         0.428
         0.205,         0.767,         0.427
         0.205,         0.769,         0.427
         0.206,         0.769,         0.427
         0.206,         0.772,         0.427
         0.216,         0.772,         0.423
         0.216,         0.774,         0.423
         0.222,         0.774,         0.420
         0.222,         0.777,         0.420
         0.226,         0.777,         0.419
         0.226,         0.779,         0.419
         0.228,         0.779,         0.418
         0.228,         0.782,         0.418
         0.228,         0.782,         0.418
         0.228,         0.784,         0.418
         0.230,         0.784,         0.417
         0.230,         0.787,         0.417
         0.234,         0.787,         0.416
         0.234,         0.789,         0.416
         0.235,         0.789,         0.415
         0.235,         0.792,         0.415
         0.235,         0.792,         0.415
         0.235,         0.794,         0.415
         0.237,         0.794,         0.415
         0.237,         0.797,         0.414
         0.241,         0.797,         0.413
         0.241,         0.799,         0.413
         0.243,         0.799,         0.412
         0.243,         0.801,         0.412
         0.244,         0.801,         0.411
         0.244,         0.804,         0.411
         0.246,         0.804,         0.410
         0.246,         0.806,         0.410
         0.251,         0.806,         0.408
         0.251,         0.809,         0.408
         0.256,         0.809,         0.406
         0.256,         0.811,         0.406
         0.259,         0.811,         0.405
         0.259,         0.814,         0.405
         0.262,         0.814,         0.404
         0.262,         0.816,         0.404
         0.269,         0.816,         0.402
         0.269,         0.819,         0.401
         0.270,         0.819,         0.401
         0.270,         0.821,         0.401
         0.271,         0.821,         0.401
         0.271,         0.824,         0.401
         0.271,         0.824,         0.401
         0.271,         0.826,         0.401
         0.274,         0.826,         0.400
         0.274,         0.829,         0.400
         0.274,         0.829,         0.400
         0.274,         0.831,         0.400
         0.288,         0.831,         0.395
         0.288,         0.834,         0.395
         0.290,         0.834,         0.395
         0.292,         0.834,         0.395
         0.298,         0.834,         0.393
         0.298,         0.836,         0.393
         0.303,         0.836,         0.391
         0.303,         0.839,         0.391
         0.308,         0.839,         0.390
         0.308,         0.841,         0.390
         0.309,         0.841,         0.389
         0.309,         0.844,         0.389
         0.317,         0.844,         0.387
         0.317,         0.846,         0.387
         0.319,         0.846,         0.386
         0.319,         0.849,         0.386
         0.320,         0.849,         0.385
         0.320,         0.851,         0.385
         0.322,         0.851,         0.385
         0.322,         0.856,         0.385
         0.326,         0.856,         0.383
         0.327,         0.856,         0.383
         0.328,         0.856,         0.383
         0.329,         0.856,         0.383
         0.332,         0.856,         0.381
         0.332,         0.859,         0.381
         0.334,         0.859,         0.381
         0.334,         0.864,         0.381
         0.337,         0.864,         0.380
         0.337,         0.864,         0.380
         0.341,         0.864,         0.378
         0.341,         0.866,         0.378
         0.349,         0.866,         0.375
         0.350,         0.866,         0.375
         0.350,         0.866,         0.375
         0.350,         0.868,         0.375
         0.353,         0.868,         0.374
         0.353,         0.871,         0.374
         0.361,         0.871,         0.372
         0.362,         0.871,         0.372
         0.362,         0.871,         0.372
         0.362,         0.873,         0.372
         0.367,         0.873,         0.370
         0.367,         0.873,         0.370
         0.381,         0.873,         0.367
         0.381,         0.876,         0.367
         0.381,         0.876,         0.367
         0.381,         0.878,         0.367
         0.382,         0.878,         0.366
         0.382,         0.881,         0.366
         0.392,         0.881,         0.363
         0.392,         0.883,         0.363
         0.394,         0.883,         0.363
         0.394,         0.886,         0.363
         0.396,         0.886,         0.362
         0.396,         0.888,         0.362
         0.398,         0.888,         0.361
         0.399,         0.888,         0.361
         0.399,         0.891,         0.361
         0.402,         0.891,         0.360
         0.402,         0.896,         0.360
         0.403,         0.896,         0.360
         0.403,         0.898,         0.360
         0.408,         0.898,         0.358
         0.408,         0.901,         0.358
         0.408,         0.901,         0.358
         0.408,         0.903,         0.358
         0.409,         0.903,         0.357
         0.409,         0.906,         0.357
         0.411,         0.906,         0.357
         0.411,         0.908,         0.357
         0.420,         0.908,         0.354
         0.420,         0.911,         0.353
         0.421,         0.911,         0.353
         0.421,         0.913,         0.353
         0.422,         0.913,         0.353
         0.422,         0.916,         0.353
         0.423,         0.916,         0.353
         0.424,         0.916,         0.353
         0.430,         0.916,         0.350
         0.431,         0.916,         0.350
         0.433,         0.916,         0.349
         0.434,         0.916,         0.349
         0.434,         0.918,         0.349
         0.434,         0.918,         0.349
         0.434,         0.921,         0.349
         0.457,         0.921,         0.343
         0.457,         0.923,         0.343
         0.460,         0.923,         0.342
         0.461,         0.923,         0.341
         0.476,         0.923,         0.338
         0.476,         0.926,         0.338
         0.480,         0.926,         0.337
         0.480,         0.926,         0.337
         0.484,         0.926,         0.335
         0.484,         0.928,         0.335
         0.491,         0.928,         0.334
         0.491,         0.931,         0.334
         0.497,         0.931,         0.332
         0.497,         0.931,         0.332
         0.500,         0.931,         0.331
         0.500,         0.933,         0.331
         0.514,         0.933,         0.328
         0.515,         0.933,         0.328
         0.516,         0.933,         0.327
         0.516,         0.935,         0.327
         0.519,         0.935,         0.327
         0.519,         0.938,         0.327
         0.522,         0.938,         0.325
         0.522,         0.938,         0.325
         0.569,         0.938,         0.312
         0.570,         0.938,         0.312
         0.572,         0.938,         0.311
         0.573,         0.938,         0.311
         0.575,         0.938,         0.311
         0.575,         0.940,         0.311
         0.583,         0.940,         0.308
         0.583,         0.943,         0.308
         0.584,         0.943,         0.308
         0.584,         0.948,         0.308
         0.588,         0.948,         0.307
         0.588,         0.948,         0.307
         0.592,         0.948,         0.306
         0.592,         0.948,         0.306
         0.609,         0.948,         0.301
         0.609,         0.948,         0.301
         0.612,         0.948,         0.300
         0.613,         0.948,         0.300
         0.619,         0.948,         0.299
         0.619,         0.950,         0.299
         0.624,         0.950,         0.298
         0.626,         0.950,         0.298
         0.627,         0.950,         0.297
         0.627,         0.953,         0.297
         0.627,         0.953,         0.297
         0.627,         0.955,         0.296
         0.629,         0.955,         0.296
         0.629,         0.958,         0.296
         0.639,         0.958,         0.292
         0.639,         0.958,         0.292
         0.641,         0.958,         0.292
         0.641,         0.958,         0.292
         0.643,         0.958,         0.291
         0.643,         0.960,         0.291
         0.652,         0.960,         0.288
         0.652,         0.963,         0.288
         0.665,         0.963,         0.284
         0.666,         0.963,         0.284
         0.676,         0.963,         0.281
         0.676,         0.965,         0.281
         0.686,         0.965,         0.278
         0.687,         0.965,         0.277
         0.694,         0.965,         0.275
         0.695,         0.965,         0.275
         0.698,         0.965,         0.274
         0.698,         0.968,         0.274
         0.702,         0.968,         0.272
         0.703,         0.968,         0.272
         0.714,         0.968,         0.269
         0.715,         0.968,         0.269
         0.721,         0.968,         0.268
         0.721,         0.970,         0.268
         0.722,         0.970,         0.267
         0.722,         0.970,         0.267
         0.733,         0.970,         0.265
         0.733,         0.970,         0.265
         0.735,         0.970,         0.264
         0.735,         0.973,         0.264
         0.751,         0.973,         0.259
         0.751,         0.975,         0.259
         0.755,         0.975,         0.258
         0.756,         0.975,         0.258
         0.765,         0.975,         0.254
         0.766,         0.975,         0.254
         0.769,         0.975,         0.253
         0.769,         0.978,         0.253
         0.780,         0.978,         0.249
         0.781,         0.978,         0.249
         0.787,         0.978,         0.246
         0.788,         0.978,         0.246
         0.791,         0.978,         0.245
         0.792,         0.978,         0.245
         0.803,         0.978,         0.241
         0.803,         0.980,         0.241
         0.813,         0.980,         0.236
         0.814,         0.980,         0.236
         0.818,         0.980,         0.235
         0.818,         0.980,         0.235
         0.819,         0.980,         0.235
         0.819,         0.980,         0.235
         0.820,         0.980,         0.234
         0.820,         0.983,         0.234
         0.826,         0.983,         0.232
         0.827,         0.983,         0.232
         0.866,         0.983,         0.214
         0.866,         0.983,         0.214
         0.869,         0.983,         0.212
         0.869,         0.985,         0.212
         0.871,         0.985,         0.211
         0.871,         0.988,         0.211
         0.872,         0.988,         0.210
         0.873,         0.988,         0.210
         0.873,         0.988,         0.210
         0.874,         0.988,         0.210
         0.886,         0.988,         0.203
         0.887,         0.988,         0.203
         0.893,         0.988,         0.199
         0.911,         0.988,         0.199
         0.912,         0.988,         0.198
         0.912,         0.990,         0.198
         0.915,         0.990,         0.196
         0.915,         0.993,         0.196
         0.921,         0.993,         0.191
         0.924,         0.993,         0.191
         0.933,         0.993,         0.184
         0.933,         0.993,         0.184
         0.936,         0.993,         0.182
         0.936,         0.995,         0.182
         0.949,         0.995,         0.171
         0.950,         0.995,         0.171
         0.953,         0.995,         0.167
         0.953,         0.998,         0.167
         0.956,         0.998,         0.164
         0.956,         1.000,         0.164
         0.967,         1.000,         0.149
         0.968,         1.000,         0.149
         0.981,         1.000,         0.131
         0.981,         1.000,         0.131
         1.000,         1.000,         0.030
