false_pos_rate,true_pos_rate,threshold
         0.000,         0.000,         1.181
         0.000,         0.003,         0.181
         0.000,         0.061,         0.139
         0.000,         0.066,         0.136
         0.000,         0.128,         0.107
         0.000,         0.133,         0.107
         0.000,         0.135,         0.105
         0.000,         0.135,         0.104
         0.000,         0.151,         0.099
         0.000,         0.151,         0.099
         0.000,         0.332,         0.045
         0.001,         0.332,         0.045
         0.001,         0.337,         0.045
         0.001,         0.337,         0.044
         0.001,         0.357,         0.041
         0.001,         0.357,         0.039
         0.001,         0.406,         0.030
         0.001,         0.406,         0.030
         0.001,         0.518,         0.008
         0.001,         0.518,         0.008
         0.001,         0.548,        -0.001
         0.002,         0.548,        -0.001
         0.002,         0.584,        -0.009
         0.002,         0.584,        -0.009
         0.002,         0.592,        -0.017
         0.002,         0.592,        -0.018
         0.002,         0.605,        -0.021
         0.002,         0.605,        -0.021
         0.002,         0.617,        -0.024
         0.002,         0.617,        -0.024
         0.002,         0.638,        -0.029
         0.003,         0.638,        -0.030
         0.003,         0.658,        -0.031
         0.003,         0.658,        -0.032
         0.003,         0.663,        -0.034
         0.003,         0.663,        -0.035
         0.003,         0.673,        -0.038
         0.003,         0.679,        -0.039
         0.003,         0.686,        -0.039
         0.004,         0.686,        -0.041
         0.004,         0.689,        -0.041
         0.004,         0.689,        -0.041
         0.004,         0.699,        -0.043
         0.004,         0.699,        -0.043
         0.004,         0.704,        -0.045
         0.005,         0.704,        -0.048
         0.005,         0.712,        -0.052
         0.005,         0.712,        -0.053
         0.005,         0.714,        -0.054
         0.006,         0.714,        -0.054
         0.006,         0.719,        -0.056
         0.006,         0.719,        -0.056
         0.006,         0.722,        -0.056
         0.006,         0.722,        -0.057
         0.006,         0.724,        -0.057
         0.007,         0.724,        -0.058
         0.007,         0.730,        -0.058
         0.007,         0.730,        -0.058
         0.007,         0.732,        -0.059
         0.007,         0.732,        -0.059
         0.007,         0.735,        -0.059
         0.007,         0.735,        -0.059
         0.007,         0.737,        -0.059
         0.007,         0.737,        -0.060
         0.007,         0.740,        -0.060
         0.008,         0.740,        -0.060
         0.008,         0.747,        -0.062
         0.008,         0.747,        -0.062
         0.008,         0.760,        -0.063
         0.008,         0.760,        -0.064
         0.008,         0.763,        -0.064
         0.008,         0.763,        -0.065
         0.008,         0.765,        -0.066
         0.009,         0.765,        -0.067
         0.009,         0.768,        -0.068
         0.009,         0.768,        -0.070
         0.009,         0.776,        -0.072
         0.010,         0.776,        -0.072
         0.010,         0.781,        -0.073
         0.010,         0.781,        -0.074
         0.010,         0.786,        -0.074
         0.010,         0.786,        -0.076
         0.010,         0.788,        -0.076
         0.011,         0.788,        -0.076
         0.011,         0.791,        -0.076
         0.011,         0.791,        -0.076
         0.011,         0.793,        -0.077
         0.011,         0.793,        -0.078
         0.011,         0.796,        -0.078
         0.012,         0.796,        -0.080
         0.012,         0.798,        -0.081
         0.012,         0.798,        -0.082
         0.012,         0.801,        -0.082
         0.012,         0.801,        -0.082
         0.012,         0.806,        -0.083
         0.013,         0.806,        -0.085
         0.013,         0.809,        -0.085
         0.013,         0.809,        -0.085
         0.013,         0.814,        -0.086
         0.013,         0.814,        -0.086
         0.013,         0.816,        -0.086
         0.014,         0.816,        -0.087
         0.014,         0.821,        -0.089
         0.015,         0.821,        -0.091
         0.015,         0.829,        -0.093
         0.015,         0.829,        -0.093
         0.015,         0.834,        -0.095
         0.016,         0.834,        -0.097
         0.016,         0.847,        -0.098
         0.017,         0.847,        -0.100
         0.017,         0.849,        -0.101
         0.017,         0.849,        -0.101
         0.017,         0.860,        -0.103
         0.019,         0.860,        -0.104
         0.019,         0.865,        -0.104
         0.019,         0.865,        -0.104
         0.019,         0.867,        -0.104
         0.021,         0.867,        -0.109
         0.021,         0.870,        -0.109
         0.022,         0.870,        -0.112
         0.022,         0.872,        -0.112
         0.023,         0.872,        -0.114
         0.023,         0.875,        -0.114
         0.023,         0.875,        -0.114
         0.023,         0.878,        -0.115
         0.024,         0.878,        -0.115
         0.024,         0.880,        -0.116
         0.024,         0.880,        -0.116
         0.024,         0.883,        -0.116
         0.024,         0.883,        -0.117
         0.024,         0.885,        -0.117
         0.024,         0.885,        -0.118
         0.024,         0.888,        -0.118
         0.027,         0.888,        -0.122
         0.027,         0.890,        -0.122
         0.028,         0.890,        -0.124
         0.028,         0.893,        -0.125
         0.029,         0.893,        -0.125
         0.029,         0.895,        -0.126
         0.030,         0.895,        -0.127
         0.030,         0.898,        -0.127
         0.031,         0.898,        -0.128
         0.031,         0.901,        -0.128
         0.031,         0.901,        -0.129
         0.031,         0.903,        -0.129
         0.032,         0.903,        -0.131
         0.032,         0.906,        -0.131
         0.032,         0.906,        -0.131
         0.032,         0.911,        -0.132
         0.033,         0.911,        -0.132
         0.033,         0.913,        -0.133
         0.035,         0.913,        -0.136
         0.035,         0.916,        -0.136
         0.035,         0.916,        -0.137
         0.035,         0.918,        -0.137
         0.036,         0.918,        -0.139
         0.036,         0.921,        -0.140
         0.038,         0.921,        -0.142
         0.038,         0.921,        -0.142
         0.038,         0.921,        -0.142
         0.038,         0.923,        -0.142
         0.039,         0.923,        -0.144
         0.039,         0.926,        -0.144
         0.041,         0.926,        -0.145
         0.041,         0.929,        -0.145
         0.046,         0.929,        -0.152
         0.046,         0.931,        -0.153
         0.049,         0.931,        -0.158
         0.049,         0.934,        -0.158
         0.050,         0.934,        -0.158
         0.050,         0.936,        -0.158
         0.053,         0.936,        -0.161
         0.053,         0.939,        -0.161
         0.054,         0.939,        -0.162
         0.054,         0.941,        -0.162
         0.055,         0.941,        -0.163
         0.055,         0.941,        -0.163
         0.056,         0.941,        -0.163
         0.056,         0.944,        -0.163
         0.057,         0.944,        -0.164
         0.057,         0.946,        -0.164
         0.063,         0.946,        -0.171
         0.063,         0.949,        -0.172
         0.064,         0.949,        -0.172
         0.064,         0.952,        -0.172
         0.066,         0.952,        -0.173
         0.066,         0.954,        -0.173
         0.066,         0.954,        -0.174
         0.066,         0.957,        -0.175
         0.069,         0.957,        -0.176
         0.069,         0.959,        -0.176
         0.069,         0.959,        -0.177
         0.069,         0.962,        -0.177
         0.069,         0.962,        -0.177
         0.069,         0.964,        -0.177
         0.090,         0.964,        -0.194
         0.090,         0.967,        -0.194
         0.092,         0.967,        -0.195
         0.092,         0.969,        -0.196
         0.099,         0.969,        -0.199
         0.099,         0.972,        -0.199
         0.100,         0.972,        -0.199
         0.100,         0.974,        -0.199
         0.104,         0.974,        -0.202
         0.104,         0.977,        -0.202
         0.110,         0.977,        -0.206
         0.110,         0.980,        -0.207
         0.120,         0.980,        -0.214
         0.120,         0.980,        -0.214
         0.120,         0.980,        -0.214
         0.120,         0.982,        -0.214
         0.126,         0.982,        -0.219
         0.126,         0.985,        -0.219
         0.163,         0.985,        -0.239
         0.163,         0.987,        -0.239
         0.207,         0.987,        -0.263
         0.207,         0.990,        -0.263
         0.232,         0.990,        -0.273
         0.232,         0.990,        -0.273
         0.244,         0.990,        -0.278
         0.245,         0.990,        -0.278
         0.249,         0.990,        -0.279
         0.249,         0.992,        -0.279
         0.280,         0.992,        -0.292
         0.280,         0.995,        -0.292
         0.317,         0.995,        -0.305
         0.318,         0.995,        -0.305
         0.334,         0.995,        -0.312
         0.335,         0.995,        -0.312
         0.374,         0.995,        -0.328
         0.374,         0.997,        -0.328
         0.403,         0.997,        -0.338
         0.403,         1.000,        -0.338
         0.460,         1.000,        -0.358
         0.461,         1.000,        -0.358
         0.518,         1.000,        -0.378
         0.519,         1.000,        -0.378
         0.587,         1.000,        -0.403
         0.588,         1.000,        -0.403
         0.603,         1.000,        -0.410
         0.604,         1.000,        -0.410
         0.607,         1.000,        -0.411
         0.607,         1.000,        -0.411
         0.631,         1.000,        -0.420
         0.631,         1.000,        -0.420
         0.648,         1.000,        -0.426
         0.648,         1.000,        -0.426
         0.658,         1.000,        -0.430
         0.658,         1.000,        -0.430
         0.692,         1.000,        -0.442
         0.692,         1.000,        -0.442
         0.700,         1.000,        -0.446
         0.700,         1.000,        -0.446
         0.713,         1.000,        -0.450
         0.714,         1.000,        -0.450
         0.716,         1.000,        -0.451
         0.717,         1.000,        -0.451
         0.729,         1.000,        -0.455
         0.729,         1.000,        -0.455
         0.737,         1.000,        -0.459
         0.738,         1.000,        -0.459
         0.741,         1.000,        -0.460
         0.742,         1.000,        -0.460
         0.747,         1.000,        -0.462
         0.747,         1.000,        -0.462
         0.782,         1.000,        -0.477
         0.782,         1.000,        -0.477
         0.784,         1.000,        -0.478
         0.784,         1.000,        -0.478
         0.808,         1.000,        -0.491
         0.809,         1.000,        -0.491
         0.819,         1.000,        -0.495
         0.819,         1.000,        -0.495
         0.824,         1.000,        -0.498
         0.827,         1.000,        -0.498
         0.831,         1.000,        -0.500
         0.832,         1.000,        -0.500
         0.849,         1.000,        -0.509
         0.849,         1.000,        -0.509
         0.874,         1.000,        -0.525
         0.875,         1.000,        -0.525
         0.879,         1.000,        -0.528
         0.879,         1.000,        -0.528
         0.880,         1.000,        -0.528
         0.880,         1.000,        -0.528
         0.883,         1.000,        -0.531
         0.884,         1.000,        -0.531
         0.890,         1.000,        -0.535
         0.891,         1.000,        -0.535
         0.895,         1.000,        -0.538
         0.895,         1.000,        -0.538
         0.901,         1.000,        -0.543
         0.903,         1.000,        -0.543
         0.905,         1.000,        -0.546
         0.905,         1.000,        -0.546
         0.910,         1.000,        -0.549
         0.910,         1.000,        -0.549
         0.914,         1.000,        -0.552
         0.914,         1.000,        -0.552
         0.920,         1.000,        -0.556
         0.921,         1.000,        -0.556
         0.922,         1.000,        -0.558
         0.922,         1.000,        -0.558
         0.927,         1.000,        -0.562
         0.927,         1.000,        -0.562
         0.927,         1.000,        -0.562
         0.928,         1.000,        -0.562
         0.934,         1.000,        -0.569
         0.935,         1.000,        -0.569
         0.938,         1.000,        -0.571
         0.938,         1.000,        -0.571
         0.945,         1.000,        -0.581
         0.945,         1.000,        -0.581
         0.948,         1.000,        -0.585
         0.949,         1.000,        -0.585
         0.952,         1.000,        -0.587
         0.955,         1.000,        -0.587
         0.955,         1.000,        -0.587
         0.955,         1.000,        -0.588
         0.957,         1.000,        -0.589
         0.957,         1.000,        -0.589
         0.968,         1.000,        -0.603
         0.986,         1.000,        -0.603
         1.000,         1.000,        -0.744
