false_pos_rate,true_pos_rate,threshold
         0.000,         0.000,         1.831
         0.000,         0.003,         0.831
         0.000,         0.010,         0.812
         0.000,         0.010,         0.810
         0.000,         0.013,         0.808
         0.000,         0.013,         0.807
         0.000,         0.018,         0.805
         0.001,         0.018,         0.799
         0.001,         0.023,         0.792
         0.001,         0.023,         0.788
         0.001,         0.025,         0.788
         0.002,         0.025,         0.783
         0.002,         0.030,         0.780
         0.002,         0.030,         0.771
         0.002,         0.035,         0.771
         0.004,         0.035,         0.766
         0.004,         0.040,         0.763
         0.005,         0.040,         0.754
         0.005,         0.043,         0.754
         0.006,         0.043,         0.751
         0.006,         0.045,         0.750
         0.007,         0.045,         0.749
         0.007,         0.045,         0.747
         0.008,         0.045,         0.743
         0.008,         0.058,         0.739
         0.009,         0.058,         0.739
         0.009,         0.058,         0.737
         0.009,         0.060,         0.737
         0.009,         0.060,         0.737
         0.009,         0.065,         0.736
         0.011,         0.065,         0.731
         0.011,         0.068,         0.731
         0.012,         0.068,         0.724
         0.012,         0.071,         0.723
         0.013,         0.071,         0.721
         0.013,         0.076,         0.720
         0.015,         0.076,         0.718
         0.015,         0.078,         0.718
         0.016,         0.078,         0.716
         0.016,         0.081,         0.716
         0.017,         0.081,         0.716
         0.017,         0.083,         0.716
         0.017,         0.083,         0.714
         0.017,         0.098,         0.713
         0.019,         0.098,         0.708
         0.019,         0.101,         0.708
         0.019,         0.101,         0.707
         0.019,         0.106,         0.706
         0.019,         0.106,         0.705
         0.019,         0.108,         0.704
         0.019,         0.108,         0.704
         0.019,         0.113,         0.704
         0.020,         0.113,         0.703
         0.020,         0.116,         0.703
         0.020,         0.116,         0.703
         0.020,         0.116,         0.703
         0.020,         0.118,         0.702
         0.020,         0.118,         0.702
         0.020,         0.123,         0.702
         0.021,         0.123,         0.701
         0.021,         0.128,         0.701
         0.022,         0.128,         0.700
         0.023,         0.128,         0.700
         0.024,         0.128,         0.695
         0.024,         0.131,         0.695
         0.024,         0.131,         0.695
         0.024,         0.134,         0.695
         0.025,         0.134,         0.693
         0.025,         0.141,         0.691
         0.025,         0.141,         0.689
         0.025,         0.146,         0.689
         0.026,         0.146,         0.688
         0.027,         0.146,         0.688
         0.027,         0.146,         0.687
         0.027,         0.149,         0.687
         0.027,         0.149,         0.686
         0.028,         0.149,         0.686
         0.028,         0.149,         0.686
         0.028,         0.151,         0.686
         0.028,         0.151,         0.685
         0.028,         0.154,         0.685
         0.029,         0.154,         0.684
         0.029,         0.161,         0.684
         0.029,         0.161,         0.683
         0.029,         0.164,         0.683
         0.030,         0.164,         0.681
         0.030,         0.166,         0.681
         0.031,         0.166,         0.680
         0.031,         0.169,         0.680
         0.031,         0.169,         0.680
         0.031,         0.171,         0.679
         0.032,         0.171,         0.679
         0.032,         0.174,         0.679
         0.032,         0.174,         0.679
         0.032,         0.174,         0.679
         0.032,         0.174,         0.679
         0.032,         0.176,         0.679
         0.033,         0.176,         0.677
         0.033,         0.179,         0.677
         0.034,         0.179,         0.677
         0.034,         0.181,         0.677
         0.036,         0.181,         0.673
         0.036,         0.184,         0.673
         0.036,         0.184,         0.672
         0.036,         0.186,         0.672
         0.037,         0.186,         0.671
         0.037,         0.189,         0.671
         0.039,         0.189,         0.667
         0.040,         0.189,         0.666
         0.042,         0.189,         0.662
         0.042,         0.191,         0.662
         0.042,         0.191,         0.661
         0.042,         0.194,         0.661
         0.044,         0.194,         0.659
         0.044,         0.196,         0.659
         0.045,         0.196,         0.658
         0.045,         0.199,         0.658
         0.045,         0.199,         0.657
         0.045,         0.202,         0.657
         0.046,         0.202,         0.656
         0.046,         0.207,         0.656
         0.046,         0.207,         0.656
         0.046,         0.209,         0.656
         0.047,         0.209,         0.654
         0.047,         0.212,         0.654
         0.048,         0.212,         0.654
         0.048,         0.214,         0.653
         0.048,         0.214,         0.653
         0.048,         0.217,         0.653
         0.049,         0.217,         0.652
         0.049,         0.219,         0.652
         0.049,         0.219,         0.651
         0.049,         0.219,         0.651
         0.052,         0.219,         0.647
         0.052,         0.219,         0.647
         0.052,         0.219,         0.647
         0.053,         0.219,         0.646
         0.053,         0.219,         0.646
         0.053,         0.222,         0.646
         0.054,         0.222,         0.645
         0.054,         0.224,         0.645
         0.054,         0.224,         0.644
         0.054,         0.227,         0.644
         0.055,         0.227,         0.644
         0.055,         0.232,         0.643
         0.055,         0.232,         0.642
         0.055,         0.234,         0.642
         0.057,         0.234,         0.641
         0.057,         0.237,         0.641
         0.058,         0.237,         0.641
         0.058,         0.237,         0.640
         0.059,         0.237,         0.640
         0.059,         0.239,         0.640
         0.059,         0.239,         0.640
         0.060,         0.239,         0.639
         0.060,         0.242,         0.639
         0.060,         0.242,         0.638
         0.060,         0.247,         0.638
         0.061,         0.247,         0.636
         0.061,         0.249,         0.636
         0.062,         0.249,         0.636
         0.062,         0.252,         0.636
         0.062,         0.252,         0.636
         0.063,         0.252,         0.634
         0.063,         0.254,         0.634
         0.064,         0.254,         0.633
         0.064,         0.257,         0.633
         0.065,         0.257,         0.631
         0.065,         0.259,         0.631
         0.065,         0.259,         0.631
         0.065,         0.262,         0.631
         0.066,         0.262,         0.631
         0.066,         0.262,         0.630
         0.067,         0.262,         0.629
         0.067,         0.264,         0.629
         0.068,         0.264,         0.629
         0.068,         0.267,         0.629
         0.069,         0.267,         0.629
         0.069,         0.270,         0.628
         0.071,         0.270,         0.627
         0.071,         0.272,         0.626
         0.072,         0.272,         0.626
         0.072,         0.275,         0.626
         0.072,         0.275,         0.625
         0.072,         0.277,         0.625
         0.076,         0.277,         0.622
         0.076,         0.280,         0.622
         0.076,         0.280,         0.622
         0.076,         0.282,         0.622
         0.077,         0.282,         0.620
         0.077,         0.285,         0.620
         0.077,         0.285,         0.620
         0.077,         0.287,         0.620
         0.079,         0.287,         0.619
         0.079,         0.287,         0.619
         0.080,         0.287,         0.617
         0.080,         0.292,         0.617
         0.081,         0.292,         0.617
         0.081,         0.292,         0.616
         0.082,         0.292,         0.616
         0.082,         0.295,         0.616
         0.082,         0.295,         0.615
         0.082,         0.297,         0.615
         0.084,         0.297,         0.614
         0.084,         0.300,         0.614
         0.085,         0.300,         0.613
         0.085,         0.302,         0.613
         0.085,         0.302,         0.612
         0.085,         0.305,         0.612
         0.086,         0.305,         0.612
         0.086,         0.307,         0.611
         0.087,         0.307,         0.610
         0.087,         0.310,         0.610
         0.088,         0.310,         0.610
         0.088,         0.312,         0.610
         0.088,         0.312,         0.610
         0.089,         0.312,         0.609
         0.089,         0.315,         0.609
         0.089,         0.315,         0.609
         0.089,         0.317,         0.609
         0.090,         0.317,         0.609
         0.090,         0.322,         0.609
         0.092,         0.322,         0.606
         0.092,         0.325,         0.606
         0.092,         0.325,         0.606
         0.092,         0.327,         0.606
         0.092,         0.327,         0.606
         0.092,         0.330,         0.606
         0.095,         0.330,         0.604
         0.095,         0.332,         0.604
         0.095,         0.332,         0.603
         0.095,         0.338,         0.603
         0.095,         0.340,         0.603
         0.097,         0.340,         0.602
         0.097,         0.340,         0.602
         0.098,         0.340,         0.601
         0.098,         0.345,         0.601
         0.099,         0.345,         0.600
         0.099,         0.348,         0.600
         0.099,         0.348,         0.600
         0.099,         0.353,         0.600
         0.099,         0.353,         0.600
         0.100,         0.353,         0.599
         0.101,         0.353,         0.598
         0.101,         0.355,         0.598
         0.101,         0.355,         0.598
         0.101,         0.358,         0.598
         0.102,         0.358,         0.597
         0.102,         0.360,         0.597
         0.106,         0.360,         0.595
         0.106,         0.363,         0.595
         0.108,         0.363,         0.594
         0.110,         0.365,         0.593
         0.111,         0.365,         0.592
         0.111,         0.368,         0.592
         0.113,         0.368,         0.591
         0.113,         0.370,         0.591
         0.113,         0.370,         0.591
         0.113,         0.373,         0.591
         0.114,         0.373,         0.590
         0.114,         0.378,         0.590
         0.114,         0.378,         0.590
         0.114,         0.383,         0.589
         0.116,         0.383,         0.588
         0.116,         0.385,         0.588
         0.118,         0.385,         0.587
         0.118,         0.390,         0.587
         0.120,         0.390,         0.585
         0.121,         0.390,         0.585
         0.122,         0.390,         0.584
         0.122,         0.393,         0.584
         0.123,         0.393,         0.583
         0.123,         0.395,         0.583
         0.123,         0.395,         0.583
         0.123,         0.398,         0.583
         0.126,         0.398,         0.582
         0.126,         0.401,         0.582
         0.126,         0.401,         0.581
         0.126,         0.403,         0.581
         0.128,         0.403,         0.580
         0.128,         0.406,         0.580
         0.129,         0.406,         0.579
         0.129,         0.406,         0.579
         0.130,         0.406,         0.579
         0.130,         0.408,         0.578
         0.131,         0.408,         0.578
         0.131,         0.411,         0.578
         0.135,         0.411,         0.575
         0.135,         0.413,         0.575
         0.135,         0.413,         0.575
         0.135,         0.416,         0.574
         0.136,         0.416,         0.574
         0.136,         0.418,         0.574
         0.137,         0.418,         0.573
         0.137,         0.421,         0.573
         0.140,         0.421,         0.570
         0.140,         0.423,         0.569
         0.141,         0.423,         0.569
         0.141,         0.426,         0.569
         0.141,         0.426,         0.569
         0.141,         0.428,         0.569
         0.145,         0.428,         0.567
         0.145,         0.431,         0.566
         0.145,         0.431,         0.566
         0.145,         0.433,         0.566
         0.146,         0.433,         0.565
         0.146,         0.436,         0.565
         0.150,         0.436,         0.562
         0.150,         0.441,         0.562
         0.150,         0.441,         0.562
         0.150,         0.443,         0.562
         0.152,         0.443,         0.561
         0.152,         0.446,         0.561
         0.154,         0.446,         0.560
         0.154,         0.448,         0.560
         0.155,         0.448,         0.560
         0.155,         0.451,         0.560
         0.155,         0.451,         0.560
         0.156,         0.451,         0.560
         0.157,         0.451,         0.559
         0.157,         0.453,         0.559
         0.160,         0.453,         0.557
         0.161,         0.453,         0.557
         0.161,         0.458,         0.557
         0.162,         0.458,         0.556
         0.162,         0.461,         0.556
         0.163,         0.461,         0.555
         0.164,         0.461,         0.555
         0.165,         0.461,         0.554
         0.165,         0.463,         0.554
         0.166,         0.463,         0.554
         0.166,         0.471,         0.554
         0.167,         0.471,         0.553
         0.167,         0.471,         0.553
         0.167,         0.471,         0.553
         0.170,         0.471,         0.552
         0.170,         0.474,         0.552
         0.171,         0.474,         0.552
         0.171,         0.476,         0.552
         0.172,         0.476,         0.552
         0.172,         0.479,         0.552
         0.172,         0.479,         0.552
         0.172,         0.481,         0.551
         0.173,         0.481,         0.551
         0.173,         0.484,         0.551
         0.173,         0.484,         0.551
         0.173,         0.486,         0.551
         0.173,         0.486,         0.551
         0.173,         0.489,         0.551
         0.174,         0.489,         0.551
         0.174,         0.491,         0.550
         0.175,         0.491,         0.550
         0.175,         0.494,         0.550
         0.181,         0.494,         0.547
         0.181,         0.496,         0.547
         0.181,         0.496,         0.547
         0.181,         0.499,         0.547
         0.182,         0.499,         0.546
         0.182,         0.501,         0.546
         0.183,         0.501,         0.544
         0.183,         0.504,         0.544
         0.185,         0.504,         0.543
         0.185,         0.506,         0.543
         0.188,         0.506,         0.541
         0.188,         0.509,         0.541
         0.189,         0.509,         0.541
         0.191,         0.509,         0.540
         0.191,         0.511,         0.539
         0.192,         0.511,         0.539
         0.192,         0.514,         0.539
         0.192,         0.514,         0.538
         0.192,         0.516,         0.538
         0.194,         0.516,         0.538
         0.194,         0.519,         0.538
         0.195,         0.519,         0.537
         0.195,         0.521,         0.537
         0.195,         0.521,         0.537
         0.195,         0.524,         0.537
         0.195,         0.524,         0.537
         0.195,         0.531,         0.536
         0.196,         0.531,         0.536
         0.196,         0.531,         0.536
         0.196,         0.534,         0.536
         0.198,         0.534,         0.535
         0.198,         0.534,         0.535
         0.198,         0.534,         0.535
         0.198,         0.537,         0.535
         0.199,         0.537,         0.534
         0.199,         0.539,         0.534
         0.201,         0.539,         0.533
         0.201,         0.542,         0.533
         0.204,         0.542,         0.532
         0.204,         0.544,         0.532
         0.204,         0.544,         0.532
         0.204,         0.547,         0.532
         0.207,         0.547,         0.531
         0.207,         0.549,         0.530
         0.208,         0.549,         0.529
         0.208,         0.552,         0.529
         0.208,         0.552,         0.529
         0.208,         0.554,         0.529
         0.210,         0.554,         0.527
         0.210,         0.557,         0.527
         0.212,         0.557,         0.526
         0.212,         0.559,         0.526
         0.215,         0.559,         0.524
         0.215,         0.564,         0.524
         0.216,         0.564,         0.523
         0.216,         0.567,         0.523
         0.218,         0.567,         0.522
         0.218,         0.567,         0.522
         0.219,         0.567,         0.522
         0.220,         0.567,         0.522
         0.222,         0.567,         0.521
         0.222,         0.569,         0.521
         0.226,         0.569,         0.519
         0.226,         0.572,         0.519
         0.227,         0.572,         0.518
         0.227,         0.574,         0.518
         0.228,         0.574,         0.518
         0.228,         0.577,         0.518
         0.229,         0.577,         0.518
         0.229,         0.579,         0.518
         0.232,         0.579,         0.516
         0.232,         0.582,         0.516
         0.236,         0.582,         0.514
         0.236,         0.584,         0.514
         0.237,         0.584,         0.513
         0.237,         0.587,         0.513
         0.239,         0.587,         0.513
         0.239,         0.589,         0.513
         0.240,         0.589,         0.512
         0.240,         0.594,         0.512
         0.241,         0.594,         0.512
         0.241,         0.597,         0.512
         0.241,         0.597,         0.512
         0.241,         0.599,         0.512
         0.242,         0.599,         0.511
         0.242,         0.605,         0.511
         0.242,         0.605,         0.511
         0.242,         0.607,         0.511
         0.245,         0.607,         0.510
         0.245,         0.610,         0.510
         0.246,         0.610,         0.510
         0.246,         0.612,         0.510
         0.246,         0.612,         0.509
         0.246,         0.615,         0.509
         0.247,         0.615,         0.508
         0.247,         0.617,         0.508
         0.247,         0.617,         0.508
         0.247,         0.620,         0.507
         0.248,         0.620,         0.507
         0.248,         0.622,         0.507
         0.250,         0.622,         0.506
         0.250,         0.625,         0.506
         0.251,         0.625,         0.505
         0.251,         0.630,         0.505
         0.254,         0.630,         0.504
         0.254,         0.632,         0.504
         0.255,         0.632,         0.503
         0.255,         0.635,         0.503
         0.256,         0.635,         0.503
         0.256,         0.637,         0.502
         0.256,         0.637,         0.502
         0.256,         0.640,         0.502
         0.256,         0.640,         0.502
         0.256,         0.642,         0.502
         0.258,         0.642,         0.502
         0.258,         0.645,         0.502
         0.259,         0.645,         0.501
         0.259,         0.647,         0.501
         0.261,         0.647,         0.500
         0.261,         0.647,         0.500
         0.261,         0.650,         0.500
         0.262,         0.650,         0.499
         0.262,         0.652,         0.499
         0.263,         0.652,         0.498
         0.263,         0.655,         0.498
         0.263,         0.655,         0.498
         0.264,         0.655,         0.498
         0.264,         0.655,         0.498
         0.264,         0.657,         0.498
         0.266,         0.657,         0.497
         0.266,         0.660,         0.497
         0.267,         0.660,         0.496
         0.267,         0.662,         0.496
         0.267,         0.662,         0.496
         0.268,         0.662,         0.496
         0.269,         0.662,         0.495
         0.269,         0.665,         0.495
         0.271,         0.665,         0.494
         0.271,         0.668,         0.494
         0.271,         0.668,         0.494
         0.271,         0.670,         0.494
         0.276,         0.670,         0.492
         0.276,         0.673,         0.492
         0.277,         0.673,         0.491
         0.277,         0.675,         0.491
         0.280,         0.675,         0.490
         0.280,         0.675,         0.490
         0.280,         0.675,         0.490
         0.280,         0.678,         0.490
         0.282,         0.678,         0.489
         0.282,         0.680,         0.489
         0.283,         0.680,         0.488
         0.283,         0.683,         0.488
         0.284,         0.683,         0.488
         0.284,         0.685,         0.488
         0.286,         0.685,         0.487
         0.286,         0.688,         0.487
         0.288,         0.688,         0.486
         0.288,         0.690,         0.486
         0.291,         0.690,         0.484
         0.291,         0.693,         0.484
         0.293,         0.693,         0.483
         0.293,         0.698,         0.483
         0.294,         0.698,         0.482
         0.294,         0.700,         0.482
         0.295,         0.700,         0.482
         0.295,         0.703,         0.482
         0.297,         0.703,         0.481
         0.297,         0.705,         0.481
         0.299,         0.705,         0.480
         0.299,         0.708,         0.480
         0.300,         0.708,         0.480
         0.300,         0.710,         0.479
         0.300,         0.710,         0.479
         0.300,         0.713,         0.479
         0.302,         0.713,         0.478
         0.302,         0.713,         0.478
         0.315,         0.713,         0.473
         0.315,         0.715,         0.473
         0.317,         0.715,         0.472
         0.317,         0.718,         0.472
         0.318,         0.718,         0.472
         0.318,         0.720,         0.472
         0.323,         0.720,         0.470
         0.323,         0.728,         0.470
         0.323,         0.728,         0.469
         0.323,         0.733,         0.469
         0.324,         0.733,         0.469
         0.324,         0.736,         0.469
         0.333,         0.736,         0.466
         0.333,         0.738,         0.466
         0.338,         0.738,         0.463
         0.338,         0.741,         0.463
         0.339,         0.741,         0.463
         0.339,         0.746,         0.463
         0.339,         0.746,         0.463
         0.339,         0.748,         0.462
         0.340,         0.748,         0.462
         0.340,         0.751,         0.462
         0.341,         0.751,         0.461
         0.341,         0.753,         0.461
         0.344,         0.753,         0.461
         0.344,         0.756,         0.461
         0.347,         0.756,         0.459
         0.347,         0.758,         0.459
         0.350,         0.758,         0.458
         0.350,         0.758,         0.458
         0.357,         0.758,         0.455
         0.357,         0.761,         0.455
         0.359,         0.761,         0.454
         0.359,         0.761,         0.454
         0.361,         0.761,         0.454
         0.361,         0.763,         0.454
         0.361,         0.763,         0.454
         0.361,         0.766,         0.454
         0.362,         0.766,         0.453
         0.362,         0.768,         0.453
         0.363,         0.768,         0.453
         0.363,         0.771,         0.452
         0.365,         0.771,         0.452
         0.365,         0.773,         0.452
         0.367,         0.773,         0.451
         0.367,         0.776,         0.451
         0.371,         0.776,         0.449
         0.371,         0.778,         0.449
         0.372,         0.778,         0.449
         0.372,         0.781,         0.449
         0.373,         0.781,         0.448
         0.373,         0.783,         0.448
         0.376,         0.783,         0.447
         0.376,         0.786,         0.447
         0.381,         0.786,         0.445
         0.381,         0.788,         0.445
         0.384,         0.788,         0.444
         0.384,         0.791,         0.444
         0.387,         0.791,         0.443
         0.387,         0.793,         0.443
         0.388,         0.793,         0.442
         0.388,         0.796,         0.442
         0.390,         0.796,         0.442
         0.390,         0.801,         0.442
         0.393,         0.801,         0.441
         0.393,         0.804,         0.441
         0.394,         0.804,         0.440
         0.413,         0.804,         0.440
         0.413,         0.804,         0.440
         0.413,         0.806,         0.440
         0.418,         0.806,         0.438
         0.418,         0.809,         0.438
         0.419,         0.809,         0.437
         0.419,         0.811,         0.437
         0.421,         0.811,         0.436
         0.421,         0.814,         0.436
         0.426,         0.814,         0.435
         0.426,         0.816,         0.434
         0.427,         0.816,         0.434
         0.427,         0.819,         0.434
         0.427,         0.819,         0.434
         0.427,         0.821,         0.434
         0.435,         0.821,         0.430
         0.435,         0.824,         0.430
         0.439,         0.824,         0.429
         0.439,         0.826,         0.429
         0.439,         0.826,         0.429
         0.439,         0.829,         0.428
         0.446,         0.829,         0.426
         0.446,         0.831,         0.426
         0.449,         0.831,         0.425
         0.449,         0.834,         0.425
         0.449,         0.834,         0.424
         0.450,         0.834,         0.424
         0.451,         0.834,         0.424
         0.451,         0.836,         0.424
         0.455,         0.836,         0.423
         0.455,         0.839,         0.423
         0.455,         0.839,         0.423
         0.455,         0.839,         0.423
         0.462,         0.839,         0.421
         0.462,         0.839,         0.421
         0.463,         0.839,         0.420
         0.463,         0.841,         0.420
         0.464,         0.841,         0.420
         0.464,         0.844,         0.420
         0.473,         0.844,         0.417
         0.473,         0.846,         0.417
         0.474,         0.846,         0.417
         0.474,         0.849,         0.417
         0.475,         0.849,         0.416
         0.475,         0.851,         0.416
         0.478,         0.851,         0.415
         0.478,         0.854,         0.415
         0.481,         0.854,         0.414
         0.481,         0.856,         0.414
         0.482,         0.856,         0.414
         0.482,         0.859,         0.414
         0.486,         0.859,         0.412
         0.486,         0.861,         0.412
         0.487,         0.861,         0.412
         0.487,         0.864,         0.412
         0.487,         0.864,         0.411
         0.488,         0.864,         0.411
         0.494,         0.864,         0.409
         0.494,         0.866,         0.408
         0.495,         0.866,         0.408
         0.495,         0.869,         0.408
         0.499,         0.869,         0.407
         0.499,         0.872,         0.407
         0.504,         0.872,         0.405
         0.504,         0.874,         0.404
         0.510,         0.874,         0.403
         0.510,         0.879,         0.402
         0.517,         0.879,         0.400
         0.517,         0.882,         0.400
         0.521,         0.882,         0.398
         0.521,         0.884,         0.398
         0.521,         0.884,         0.398
         0.521,         0.887,         0.398
         0.528,         0.887,         0.396
         0.528,         0.889,         0.396
         0.552,         0.889,         0.388
         0.552,         0.892,         0.388
         0.553,         0.892,         0.388
         0.559,         0.892,         0.386
         0.559,         0.894,         0.385
         0.561,         0.894,         0.385
         0.561,         0.897,         0.385
         0.567,         0.897,         0.383
         0.567,         0.899,         0.383
         0.569,         0.899,         0.382
         0.569,         0.904,         0.382
         0.577,         0.904,         0.379
         0.577,         0.904,         0.379
         0.582,         0.904,         0.377
         0.582,         0.907,         0.377
         0.584,         0.907,         0.376
         0.585,         0.907,         0.376
         0.594,         0.907,         0.374
         0.594,         0.909,         0.374
         0.600,         0.909,         0.372
         0.600,         0.912,         0.372
         0.605,         0.912,         0.370
         0.605,         0.914,         0.370
         0.617,         0.914,         0.365
         0.617,         0.917,         0.365
         0.618,         0.917,         0.365
         0.618,         0.919,         0.365
         0.648,         0.919,         0.354
         0.648,         0.922,         0.353
         0.660,         0.922,         0.350
         0.660,         0.924,         0.350
         0.674,         0.924,         0.344
         0.674,         0.927,         0.344
         0.677,         0.927,         0.343
         0.677,         0.929,         0.343
         0.677,         0.929,         0.343
         0.677,         0.929,         0.343
         0.684,         0.929,         0.341
         0.684,         0.932,         0.341
         0.713,         0.932,         0.330
         0.713,         0.935,         0.330
         0.722,         0.935,         0.328
         0.722,         0.937,         0.328
         0.736,         0.937,         0.323
         0.736,         0.940,         0.323
         0.743,         0.940,         0.320
         0.743,         0.942,         0.320
         0.745,         0.942,         0.319
         0.745,         0.945,         0.319
         0.749,         0.945,         0.318
         0.749,         0.947,         0.318
         0.758,         0.947,         0.316
         0.758,         0.950,         0.316
         0.760,         0.950,         0.315
         0.761,         0.950,         0.314
         0.764,         0.950,         0.314
         0.764,         0.955,         0.314
         0.764,         0.955,         0.313
         0.764,         0.957,         0.313
         0.775,         0.957,         0.308
         0.775,         0.960,         0.308
         0.783,         0.960,         0.305
         0.783,         0.962,         0.305
         0.786,         0.962,         0.303
         0.786,         0.965,         0.303
         0.787,         0.965,         0.303
         0.787,         0.967,         0.303
         0.796,         0.967,         0.299
         0.796,         0.970,         0.299
         0.805,         0.970,         0.296
         0.805,         0.972,         0.295
         0.812,         0.972,         0.293
         0.812,         0.975,         0.292
         0.842,         0.975,         0.279
         0.843,         0.975,         0.279
         0.851,         0.975,         0.275
         0.851,         0.977,         0.275
         0.853,         0.977,         0.275
         0.853,         0.980,         0.275
         0.855,         0.980,         0.273
         0.855,         0.982,         0.273
         0.887,         0.982,         0.259
         0.887,         0.985,         0.259
         0.887,         0.985,         0.259
         0.888,         0.985,         0.259
         0.893,         0.985,         0.256
         0.893,         0.987,         0.256
         0.919,         0.987,         0.240
         0.919,         0.987,         0.240
         0.948,         0.987,         0.219
         0.948,         0.987,         0.219
         0.968,         0.987,         0.200
         0.968,         0.990,         0.200
         0.969,         0.990,         0.198
         0.969,         0.992,         0.198
         0.975,         0.992,         0.188
         0.975,         0.995,         0.188
         0.979,         0.995,         0.181
         0.979,         0.997,         0.181
         0.985,         0.997,         0.168
         0.985,         1.000,         0.168
         1.000,         1.000,         0.057
