false_pos_rate,true_pos_rate,threshold
         0.000,         0.000,         1.792
         0.000,         0.003,         0.792
         0.000,         0.005,         0.782
         0.001,         0.005,         0.753
         0.001,         0.010,         0.749
         0.001,         0.010,         0.740
         0.001,         0.015,         0.738
         0.001,         0.015,         0.738
         0.001,         0.023,         0.736
         0.002,         0.023,         0.736
         0.002,         0.025,         0.735
         0.002,         0.025,         0.735
         0.002,         0.035,         0.729
         0.002,         0.035,         0.728
         0.002,         0.038,         0.722
         0.002,         0.038,         0.720
         0.002,         0.040,         0.719
         0.003,         0.040,         0.718
         0.003,         0.045,         0.718
         0.003,         0.045,         0.717
         0.003,         0.050,         0.717
         0.004,         0.050,         0.714
         0.004,         0.053,         0.714
         0.004,         0.053,         0.713
         0.004,         0.058,         0.712
         0.005,         0.058,         0.710
         0.005,         0.060,         0.709
         0.006,         0.060,         0.702
         0.006,         0.063,         0.701
         0.007,         0.063,         0.699
         0.007,         0.065,         0.698
         0.008,         0.065,         0.698
         0.008,         0.068,         0.697
         0.008,         0.068,         0.697
         0.008,         0.071,         0.697
         0.009,         0.071,         0.694
         0.009,         0.076,         0.694
         0.010,         0.076,         0.692
         0.010,         0.076,         0.692
         0.011,         0.076,         0.690
         0.011,         0.078,         0.689
         0.012,         0.078,         0.688
         0.012,         0.081,         0.688
         0.012,         0.081,         0.687
         0.012,         0.086,         0.686
         0.013,         0.086,         0.685
         0.013,         0.086,         0.685
         0.014,         0.086,         0.682
         0.014,         0.096,         0.681
         0.015,         0.096,         0.681
         0.015,         0.101,         0.680
         0.015,         0.101,         0.679
         0.015,         0.103,         0.679
         0.015,         0.103,         0.678
         0.015,         0.106,         0.678
         0.016,         0.106,         0.677
         0.016,         0.108,         0.677
         0.017,         0.108,         0.676
         0.017,         0.113,         0.675
         0.017,         0.113,         0.675
         0.017,         0.116,         0.674
         0.018,         0.116,         0.672
         0.018,         0.118,         0.672
         0.018,         0.118,         0.671
         0.018,         0.121,         0.670
         0.019,         0.121,         0.668
         0.019,         0.121,         0.668
         0.020,         0.121,         0.667
         0.021,         0.121,         0.666
         0.022,         0.121,         0.663
         0.022,         0.123,         0.663
         0.023,         0.123,         0.661
         0.023,         0.126,         0.661
         0.024,         0.126,         0.660
         0.024,         0.131,         0.659
         0.024,         0.131,         0.659
         0.024,         0.134,         0.659
         0.024,         0.134,         0.659
         0.024,         0.136,         0.659
         0.025,         0.136,         0.658
         0.025,         0.141,         0.657
         0.025,         0.141,         0.657
         0.025,         0.144,         0.656
         0.026,         0.144,         0.655
         0.026,         0.146,         0.654
         0.027,         0.146,         0.654
         0.027,         0.149,         0.653
         0.027,         0.149,         0.653
         0.027,         0.151,         0.652
         0.029,         0.151,         0.651
         0.029,         0.154,         0.651
         0.029,         0.154,         0.651
         0.029,         0.159,         0.649
         0.030,         0.159,         0.648
         0.030,         0.169,         0.647
         0.030,         0.169,         0.647
         0.030,         0.171,         0.647
         0.031,         0.171,         0.645
         0.031,         0.174,         0.645
         0.032,         0.174,         0.643
         0.032,         0.176,         0.643
         0.034,         0.176,         0.640
         0.034,         0.181,         0.640
         0.034,         0.181,         0.640
         0.034,         0.184,         0.640
         0.035,         0.184,         0.638
         0.035,         0.186,         0.638
         0.035,         0.186,         0.638
         0.035,         0.191,         0.638
         0.035,         0.191,         0.638
         0.035,         0.194,         0.637
         0.036,         0.194,         0.637
         0.036,         0.194,         0.637
         0.036,         0.199,         0.636
         0.037,         0.199,         0.636
         0.037,         0.204,         0.636
         0.037,         0.204,         0.634
         0.037,         0.207,         0.634
         0.037,         0.207,         0.633
         0.037,         0.207,         0.633
         0.039,         0.207,         0.631
         0.039,         0.212,         0.630
         0.040,         0.212,         0.630
         0.040,         0.212,         0.630
         0.040,         0.214,         0.630
         0.041,         0.214,         0.630
         0.041,         0.217,         0.629
         0.042,         0.217,         0.627
         0.042,         0.222,         0.627
         0.043,         0.222,         0.627
         0.044,         0.222,         0.625
         0.044,         0.224,         0.624
         0.046,         0.224,         0.622
         0.046,         0.227,         0.622
         0.047,         0.227,         0.621
         0.047,         0.232,         0.620
         0.048,         0.232,         0.620
         0.048,         0.234,         0.620
         0.048,         0.234,         0.619
         0.048,         0.237,         0.619
         0.049,         0.237,         0.618
         0.049,         0.239,         0.618
         0.050,         0.239,         0.616
         0.050,         0.242,         0.616
         0.051,         0.242,         0.615
         0.051,         0.247,         0.615
         0.051,         0.247,         0.614
         0.051,         0.249,         0.613
         0.053,         0.249,         0.611
         0.053,         0.252,         0.611
         0.056,         0.252,         0.609
         0.056,         0.254,         0.609
         0.056,         0.254,         0.608
         0.056,         0.257,         0.607
         0.057,         0.257,         0.607
         0.057,         0.259,         0.607
         0.058,         0.259,         0.606
         0.058,         0.262,         0.606
         0.060,         0.262,         0.604
         0.060,         0.264,         0.604
         0.060,         0.264,         0.604
         0.060,         0.270,         0.604
         0.061,         0.270,         0.603
         0.061,         0.272,         0.603
         0.061,         0.272,         0.602
         0.061,         0.277,         0.602
         0.062,         0.277,         0.600
         0.062,         0.280,         0.600
         0.063,         0.280,         0.600
         0.063,         0.282,         0.599
         0.063,         0.282,         0.598
         0.063,         0.285,         0.598
         0.064,         0.285,         0.598
         0.064,         0.285,         0.598
         0.064,         0.285,         0.598
         0.064,         0.287,         0.597
         0.065,         0.287,         0.597
         0.065,         0.292,         0.597
         0.065,         0.292,         0.596
         0.065,         0.295,         0.596
         0.065,         0.295,         0.596
         0.065,         0.297,         0.596
         0.066,         0.297,         0.596
         0.067,         0.297,         0.596
         0.067,         0.297,         0.596
         0.071,         0.297,         0.592
         0.071,         0.297,         0.592
         0.075,         0.297,         0.590
         0.075,         0.300,         0.590
         0.076,         0.300,         0.588
         0.076,         0.300,         0.588
         0.076,         0.302,         0.588
         0.077,         0.302,         0.588
         0.077,         0.305,         0.588
         0.078,         0.305,         0.587
         0.078,         0.307,         0.587
         0.079,         0.307,         0.586
         0.079,         0.310,         0.586
         0.080,         0.310,         0.586
         0.080,         0.310,         0.586
         0.082,         0.310,         0.584
         0.082,         0.312,         0.584
         0.083,         0.312,         0.583
         0.083,         0.315,         0.583
         0.084,         0.315,         0.583
         0.084,         0.315,         0.583
         0.087,         0.315,         0.579
         0.087,         0.317,         0.578
         0.088,         0.317,         0.578
         0.088,         0.320,         0.577
         0.089,         0.320,         0.577
         0.089,         0.325,         0.577
         0.089,         0.325,         0.577
         0.090,         0.325,         0.576
         0.090,         0.330,         0.575
         0.091,         0.330,         0.573
         0.091,         0.332,         0.573
         0.092,         0.332,         0.572
         0.092,         0.335,         0.572
         0.093,         0.335,         0.572
         0.093,         0.338,         0.572
         0.093,         0.338,         0.572
         0.093,         0.338,         0.572
         0.093,         0.343,         0.572
         0.093,         0.345,         0.572
         0.095,         0.345,         0.570
         0.096,         0.345,         0.570
         0.096,         0.345,         0.570
         0.096,         0.345,         0.570
         0.097,         0.345,         0.570
         0.097,         0.345,         0.570
         0.097,         0.345,         0.569
         0.097,         0.350,         0.568
         0.098,         0.350,         0.568
         0.098,         0.353,         0.568
         0.098,         0.353,         0.568
         0.098,         0.358,         0.568
         0.099,         0.358,         0.567
         0.099,         0.360,         0.567
         0.100,         0.360,         0.567
         0.100,         0.363,         0.567
         0.101,         0.363,         0.566
         0.101,         0.365,         0.566
         0.103,         0.365,         0.564
         0.103,         0.365,         0.564
         0.103,         0.365,         0.564
         0.103,         0.370,         0.563
         0.104,         0.370,         0.563
         0.104,         0.373,         0.563
         0.105,         0.373,         0.561
         0.105,         0.375,         0.561
         0.106,         0.375,         0.561
         0.106,         0.378,         0.561
         0.107,         0.378,         0.560
         0.107,         0.380,         0.560
         0.109,         0.380,         0.559
         0.109,         0.383,         0.559
         0.109,         0.383,         0.559
         0.110,         0.383,         0.559
         0.110,         0.383,         0.559
         0.110,         0.385,         0.559
         0.111,         0.385,         0.558
         0.111,         0.388,         0.558
         0.111,         0.388,         0.558
         0.111,         0.393,         0.558
         0.112,         0.393,         0.558
         0.112,         0.398,         0.557
         0.114,         0.398,         0.556
         0.114,         0.403,         0.556
         0.115,         0.403,         0.556
         0.115,         0.408,         0.556
         0.115,         0.408,         0.556
         0.115,         0.411,         0.556
         0.117,         0.411,         0.555
         0.117,         0.413,         0.555
         0.117,         0.413,         0.555
         0.117,         0.416,         0.554
         0.118,         0.416,         0.554
         0.118,         0.418,         0.554
         0.118,         0.418,         0.553
         0.118,         0.421,         0.553
         0.118,         0.421,         0.553
         0.118,         0.423,         0.553
         0.119,         0.423,         0.553
         0.119,         0.426,         0.552
         0.119,         0.426,         0.552
         0.119,         0.428,         0.552
         0.120,         0.428,         0.552
         0.120,         0.431,         0.552
         0.120,         0.431,         0.552
         0.120,         0.433,         0.551
         0.120,         0.433,         0.551
         0.120,         0.436,         0.551
         0.121,         0.436,         0.551
         0.121,         0.438,         0.550
         0.122,         0.438,         0.550
         0.122,         0.441,         0.550
         0.122,         0.441,         0.550
         0.122,         0.443,         0.550
         0.122,         0.443,         0.549
         0.122,         0.446,         0.549
         0.125,         0.446,         0.548
         0.125,         0.448,         0.548
         0.126,         0.448,         0.547
         0.126,         0.451,         0.547
         0.127,         0.451,         0.547
         0.127,         0.458,         0.547
         0.127,         0.458,         0.547
         0.127,         0.463,         0.546
         0.128,         0.463,         0.546
         0.128,         0.466,         0.545
         0.128,         0.466,         0.545
         0.128,         0.469,         0.545
         0.129,         0.469,         0.545
         0.131,         0.471,         0.545
         0.131,         0.474,         0.545
         0.134,         0.474,         0.543
         0.134,         0.476,         0.543
         0.136,         0.476,         0.542
         0.136,         0.479,         0.542
         0.137,         0.479,         0.542
         0.137,         0.481,         0.542
         0.142,         0.481,         0.538
         0.142,         0.484,         0.537
         0.144,         0.484,         0.537
         0.144,         0.486,         0.537
         0.146,         0.486,         0.536
         0.146,         0.489,         0.536
         0.146,         0.489,         0.535
         0.146,         0.491,         0.535
         0.147,         0.491,         0.535
         0.147,         0.491,         0.535
         0.148,         0.491,         0.534
         0.148,         0.494,         0.534
         0.150,         0.494,         0.533
         0.150,         0.496,         0.533
         0.152,         0.496,         0.532
         0.152,         0.501,         0.532
         0.153,         0.501,         0.531
         0.153,         0.504,         0.531
         0.153,         0.504,         0.531
         0.153,         0.506,         0.531
         0.157,         0.506,         0.528
         0.157,         0.509,         0.528
         0.160,         0.509,         0.525
         0.160,         0.511,         0.525
         0.163,         0.511,         0.524
         0.163,         0.514,         0.524
         0.164,         0.514,         0.524
         0.164,         0.514,         0.524
         0.166,         0.514,         0.523
         0.166,         0.516,         0.523
         0.168,         0.516,         0.522
         0.168,         0.519,         0.522
         0.171,         0.519,         0.521
         0.171,         0.521,         0.520
         0.173,         0.521,         0.519
         0.173,         0.524,         0.519
         0.173,         0.524,         0.519
         0.174,         0.524,         0.519
         0.176,         0.524,         0.518
         0.176,         0.526,         0.518
         0.176,         0.526,         0.517
         0.176,         0.529,         0.517
         0.177,         0.529,         0.516
         0.177,         0.531,         0.516
         0.178,         0.531,         0.516
         0.178,         0.531,         0.515
         0.180,         0.531,         0.515
         0.180,         0.531,         0.515
         0.181,         0.531,         0.514
         0.181,         0.539,         0.513
         0.183,         0.539,         0.512
         0.183,         0.542,         0.512
         0.184,         0.542,         0.511
         0.184,         0.547,         0.511
         0.186,         0.547,         0.509
         0.186,         0.549,         0.509
         0.186,         0.549,         0.509
         0.192,         0.549,         0.506
         0.192,         0.552,         0.506
         0.192,         0.552,         0.506
         0.192,         0.554,         0.506
         0.193,         0.554,         0.505
         0.193,         0.557,         0.505
         0.194,         0.557,         0.505
         0.194,         0.559,         0.505
         0.195,         0.559,         0.504
         0.195,         0.562,         0.504
         0.200,         0.562,         0.502
         0.200,         0.564,         0.502
         0.203,         0.564,         0.501
         0.203,         0.567,         0.501
         0.205,         0.567,         0.499
         0.205,         0.569,         0.499
         0.209,         0.569,         0.497
         0.209,         0.572,         0.497
         0.210,         0.572,         0.496
         0.210,         0.577,         0.496
         0.215,         0.577,         0.494
         0.218,         0.577,         0.494
         0.218,         0.579,         0.493
         0.219,         0.579,         0.493
         0.219,         0.582,         0.493
         0.221,         0.582,         0.492
         0.221,         0.584,         0.491
         0.222,         0.584,         0.491
         0.222,         0.587,         0.491
         0.226,         0.587,         0.490
         0.226,         0.587,         0.490
         0.228,         0.587,         0.489
         0.228,         0.589,         0.489
         0.228,         0.589,         0.489
         0.228,         0.592,         0.489
         0.229,         0.592,         0.488
         0.229,         0.594,         0.488
         0.232,         0.594,         0.487
         0.232,         0.597,         0.487
         0.234,         0.597,         0.486
         0.234,         0.599,         0.486
         0.236,         0.599,         0.485
         0.236,         0.602,         0.485
         0.237,         0.602,         0.484
         0.237,         0.602,         0.484
         0.237,         0.602,         0.484
         0.237,         0.605,         0.484
         0.239,         0.605,         0.483
         0.239,         0.607,         0.483
         0.240,         0.607,         0.483
         0.240,         0.607,         0.483
         0.240,         0.607,         0.483
         0.240,         0.610,         0.483
         0.240,         0.610,         0.483
         0.240,         0.612,         0.483
         0.241,         0.612,         0.482
         0.241,         0.615,         0.482
         0.242,         0.615,         0.482
         0.242,         0.617,         0.482
         0.243,         0.617,         0.482
         0.243,         0.617,         0.481
         0.243,         0.620,         0.481
         0.245,         0.620,         0.481
         0.245,         0.622,         0.481
         0.248,         0.622,         0.479
         0.248,         0.627,         0.479
         0.248,         0.627,         0.479
         0.248,         0.630,         0.479
         0.249,         0.630,         0.478
         0.249,         0.632,         0.478
         0.252,         0.632,         0.477
         0.252,         0.635,         0.477
         0.254,         0.635,         0.477
         0.254,         0.637,         0.477
         0.255,         0.637,         0.476
         0.255,         0.640,         0.476
         0.258,         0.640,         0.474
         0.258,         0.642,         0.474
         0.262,         0.642,         0.473
         0.262,         0.645,         0.473
         0.263,         0.645,         0.472
         0.263,         0.647,         0.472
         0.265,         0.647,         0.471
         0.265,         0.650,         0.471
         0.266,         0.650,         0.470
         0.266,         0.652,         0.470
         0.271,         0.652,         0.467
         0.271,         0.655,         0.467
         0.271,         0.655,         0.467
         0.271,         0.657,         0.467
         0.272,         0.657,         0.467
         0.272,         0.660,         0.467
         0.275,         0.660,         0.465
         0.275,         0.662,         0.465
         0.276,         0.662,         0.465
         0.276,         0.665,         0.465
         0.276,         0.665,         0.465
         0.276,         0.668,         0.465
         0.276,         0.668,         0.465
         0.276,         0.670,         0.465
         0.287,         0.670,         0.460
         0.289,         0.670,         0.460
         0.289,         0.670,         0.460
         0.289,         0.673,         0.460
         0.290,         0.673,         0.459
         0.290,         0.675,         0.459
         0.295,         0.675,         0.458
         0.295,         0.678,         0.458
         0.295,         0.678,         0.457
         0.295,         0.680,         0.457
         0.296,         0.680,         0.457
         0.296,         0.683,         0.457
         0.306,         0.683,         0.453
         0.306,         0.685,         0.453
         0.313,         0.685,         0.450
         0.313,         0.688,         0.450
         0.316,         0.688,         0.449
         0.316,         0.688,         0.449
         0.317,         0.688,         0.448
         0.317,         0.690,         0.448
         0.317,         0.690,         0.448
         0.317,         0.693,         0.448
         0.320,         0.693,         0.447
         0.320,         0.695,         0.447
         0.323,         0.695,         0.445
         0.323,         0.695,         0.445
         0.323,         0.698,         0.445
         0.325,         0.698,         0.444
         0.325,         0.700,         0.444
         0.326,         0.700,         0.444
         0.326,         0.703,         0.444
         0.327,         0.703,         0.443
         0.327,         0.705,         0.443
         0.328,         0.705,         0.442
         0.328,         0.708,         0.442
         0.331,         0.708,         0.441
         0.331,         0.710,         0.441
         0.331,         0.710,         0.440
         0.331,         0.713,         0.440
         0.332,         0.713,         0.440
         0.332,         0.718,         0.440
         0.332,         0.718,         0.440
         0.333,         0.718,         0.440
         0.334,         0.718,         0.439
         0.334,         0.720,         0.439
         0.335,         0.720,         0.438
         0.335,         0.723,         0.438
         0.335,         0.723,         0.438
         0.335,         0.725,         0.438
         0.337,         0.725,         0.437
         0.337,         0.728,         0.437
         0.341,         0.728,         0.436
         0.341,         0.730,         0.436
         0.342,         0.730,         0.435
         0.342,         0.733,         0.435
         0.348,         0.733,         0.432
         0.348,         0.736,         0.432
         0.353,         0.736,         0.430
         0.353,         0.738,         0.430
         0.360,         0.738,         0.427
         0.360,         0.741,         0.426
         0.363,         0.741,         0.425
         0.363,         0.741,         0.425
         0.367,         0.741,         0.424
         0.367,         0.743,         0.424
         0.368,         0.743,         0.423
         0.368,         0.746,         0.423
         0.368,         0.746,         0.423
         0.368,         0.748,         0.423
         0.369,         0.748,         0.423
         0.369,         0.751,         0.423
         0.372,         0.751,         0.422
         0.372,         0.753,         0.421
         0.374,         0.753,         0.421
         0.374,         0.756,         0.421
         0.377,         0.756,         0.420
         0.377,         0.758,         0.420
         0.378,         0.758,         0.419
         0.397,         0.758,         0.419
         0.401,         0.758,         0.417
         0.401,         0.761,         0.417
         0.401,         0.761,         0.417
         0.401,         0.763,         0.417
         0.404,         0.763,         0.415
         0.404,         0.766,         0.415
         0.407,         0.766,         0.414
         0.407,         0.768,         0.414
         0.408,         0.768,         0.413
         0.408,         0.771,         0.413
         0.410,         0.771,         0.412
         0.410,         0.773,         0.412
         0.412,         0.773,         0.412
         0.412,         0.776,         0.412
         0.413,         0.776,         0.411
         0.413,         0.778,         0.411
         0.414,         0.778,         0.411
         0.414,         0.781,         0.411
         0.417,         0.781,         0.409
         0.418,         0.781,         0.409
         0.421,         0.781,         0.408
         0.421,         0.786,         0.408
         0.423,         0.786,         0.407
         0.423,         0.788,         0.407
         0.426,         0.788,         0.406
         0.426,         0.788,         0.406
         0.428,         0.788,         0.405
         0.428,         0.791,         0.405
         0.429,         0.791,         0.405
         0.429,         0.793,         0.405
         0.429,         0.793,         0.405
         0.429,         0.796,         0.404
         0.433,         0.796,         0.403
         0.433,         0.798,         0.403
         0.435,         0.798,         0.402
         0.435,         0.798,         0.402
         0.438,         0.798,         0.401
         0.438,         0.801,         0.401
         0.439,         0.801,         0.401
         0.439,         0.801,         0.401
         0.448,         0.801,         0.397
         0.448,         0.804,         0.397
         0.449,         0.804,         0.397
         0.449,         0.806,         0.396
         0.450,         0.806,         0.396
         0.450,         0.809,         0.396
         0.457,         0.809,         0.393
         0.457,         0.811,         0.393
         0.464,         0.811,         0.390
         0.464,         0.814,         0.390
         0.466,         0.814,         0.389
         0.466,         0.816,         0.389
         0.467,         0.816,         0.389
         0.467,         0.819,         0.389
         0.470,         0.819,         0.388
         0.470,         0.821,         0.388
         0.474,         0.821,         0.387
         0.474,         0.824,         0.387
         0.475,         0.824,         0.387
         0.475,         0.826,         0.387
         0.476,         0.826,         0.386
         0.476,         0.829,         0.386
         0.478,         0.829,         0.386
         0.478,         0.834,         0.386
         0.483,         0.834,         0.384
         0.483,         0.836,         0.383
         0.486,         0.836,         0.382
         0.486,         0.839,         0.382
         0.488,         0.839,         0.381
         0.488,         0.841,         0.381
         0.489,         0.841,         0.381
         0.489,         0.844,         0.381
         0.492,         0.844,         0.380
         0.492,         0.846,         0.379
         0.495,         0.846,         0.378
         0.495,         0.849,         0.378
         0.496,         0.849,         0.378
         0.496,         0.851,         0.378
         0.498,         0.851,         0.377
         0.498,         0.854,         0.377
         0.498,         0.854,         0.377
         0.499,         0.854,         0.377
         0.501,         0.854,         0.376
         0.501,         0.856,         0.376
         0.503,         0.856,         0.375
         0.503,         0.859,         0.375
         0.506,         0.859,         0.374
         0.506,         0.861,         0.374
         0.506,         0.861,         0.373
         0.506,         0.864,         0.373
         0.508,         0.864,         0.373
         0.508,         0.866,         0.373
         0.509,         0.866,         0.372
         0.509,         0.869,         0.372
         0.516,         0.869,         0.370
         0.516,         0.872,         0.370
         0.520,         0.872,         0.369
         0.520,         0.874,         0.369
         0.523,         0.874,         0.368
         0.523,         0.877,         0.368
         0.552,         0.877,         0.356
         0.552,         0.879,         0.356
         0.556,         0.879,         0.354
         0.556,         0.882,         0.354
         0.567,         0.882,         0.351
         0.567,         0.884,         0.351
         0.570,         0.884,         0.351
         0.570,         0.887,         0.351
         0.574,         0.887,         0.349
         0.575,         0.887,         0.349
         0.577,         0.887,         0.348
         0.577,         0.889,         0.348
         0.598,         0.889,         0.340
         0.598,         0.892,         0.340
         0.599,         0.892,         0.340
         0.599,         0.894,         0.340
         0.607,         0.894,         0.337
         0.607,         0.897,         0.337
         0.611,         0.897,         0.335
         0.611,         0.899,         0.335
         0.611,         0.899,         0.335
         0.611,         0.902,         0.335
         0.618,         0.902,         0.333
         0.618,         0.904,         0.333
         0.624,         0.904,         0.331
         0.624,         0.907,         0.331
         0.630,         0.907,         0.328
         0.630,         0.909,         0.328
         0.637,         0.909,         0.326
         0.637,         0.912,         0.325
         0.640,         0.912,         0.324
         0.640,         0.914,         0.324
         0.644,         0.914,         0.323
         0.644,         0.917,         0.323
         0.654,         0.917,         0.318
         0.654,         0.919,         0.318
         0.662,         0.919,         0.316
         0.662,         0.922,         0.316
         0.671,         0.922,         0.313
         0.671,         0.924,         0.313
         0.673,         0.924,         0.312
         0.673,         0.927,         0.312
         0.673,         0.927,         0.312
         0.673,         0.929,         0.312
         0.674,         0.929,         0.312
         0.674,         0.932,         0.312
         0.681,         0.932,         0.309
         0.681,         0.935,         0.309
         0.685,         0.935,         0.308
         0.685,         0.937,         0.308
         0.693,         0.937,         0.305
         0.693,         0.940,         0.305
         0.693,         0.940,         0.305
         0.693,         0.942,         0.305
         0.709,         0.942,         0.301
         0.709,         0.945,         0.301
         0.714,         0.945,         0.298
         0.714,         0.947,         0.298
         0.719,         0.947,         0.297
         0.719,         0.947,         0.297
         0.720,         0.947,         0.296
         0.720,         0.950,         0.296
         0.730,         0.950,         0.293
         0.730,         0.952,         0.293
         0.738,         0.952,         0.290
         0.738,         0.955,         0.290
         0.742,         0.955,         0.289
         0.742,         0.957,         0.289
         0.762,         0.957,         0.281
         0.762,         0.960,         0.281
         0.764,         0.960,         0.280
         0.764,         0.962,         0.280
         0.772,         0.962,         0.277
         0.773,         0.962,         0.277
         0.778,         0.962,         0.274
         0.778,         0.965,         0.274
         0.779,         0.965,         0.274
         0.779,         0.967,         0.274
         0.785,         0.967,         0.270
         0.785,         0.970,         0.270
         0.786,         0.970,         0.270
         0.786,         0.972,         0.270
         0.799,         0.972,         0.265
         0.800,         0.972,         0.265
         0.820,         0.972,         0.256
         0.820,         0.975,         0.256
         0.824,         0.975,         0.254
         0.824,         0.977,         0.254
         0.826,         0.977,         0.253
         0.826,         0.977,         0.253
         0.828,         0.977,         0.252
         0.828,         0.977,         0.252
         0.840,         0.977,         0.247
         0.840,         0.980,         0.247
         0.861,         0.980,         0.236
         0.861,         0.980,         0.236
         0.912,         0.980,         0.211
         0.912,         0.982,         0.211
         0.924,         0.982,         0.204
         0.924,         0.985,         0.204
         0.935,         0.985,         0.195
         0.935,         0.987,         0.195
         0.953,         0.987,         0.182
         0.953,         0.990,         0.182
         0.964,         0.990,         0.173
         0.964,         0.995,         0.172
         0.965,         0.995,         0.171
         0.965,         0.997,         0.171
         0.974,         0.997,         0.159
         0.974,         1.000,         0.159
         0.978,         1.000,         0.153
         0.978,         1.000,         0.152
         1.000,         1.000,         0.062
