false_pos_rate,true_pos_rate,threshold
         0.000,         0.000,         1.280
         0.000,         0.003,         0.280
         0.000,         0.005,         0.270
         0.001,         0.005,         0.240
         0.001,         0.010,         0.237
         0.001,         0.010,         0.230
         0.001,         0.013,         0.227
         0.001,         0.013,         0.226
         0.001,         0.018,         0.224
         0.001,         0.018,         0.224
         0.001,         0.023,         0.223
         0.002,         0.023,         0.222
         0.002,         0.025,         0.221
         0.002,         0.025,         0.221
         0.002,         0.035,         0.217
         0.002,         0.035,         0.214
         0.002,         0.038,         0.209
         0.002,         0.038,         0.207
         0.002,         0.045,         0.206
         0.003,         0.045,         0.204
         0.003,         0.050,         0.204
         0.004,         0.050,         0.201
         0.004,         0.055,         0.200
         0.004,         0.055,         0.200
         0.004,         0.058,         0.199
         0.005,         0.058,         0.196
         0.005,         0.060,         0.195
         0.006,         0.060,         0.188
         0.006,         0.063,         0.188
         0.007,         0.063,         0.186
         0.007,         0.065,         0.186
         0.008,         0.065,         0.184
         0.008,         0.068,         0.184
         0.008,         0.068,         0.184
         0.008,         0.071,         0.184
         0.009,         0.071,         0.182
         0.009,         0.073,         0.182
         0.009,         0.073,         0.181
         0.009,         0.076,         0.180
         0.010,         0.076,         0.179
         0.011,         0.076,         0.178
         0.011,         0.076,         0.176
         0.011,         0.078,         0.175
         0.012,         0.078,         0.175
         0.012,         0.081,         0.175
         0.012,         0.081,         0.174
         0.012,         0.083,         0.174
         0.012,         0.083,         0.174
         0.012,         0.086,         0.173
         0.013,         0.086,         0.172
         0.013,         0.086,         0.171
         0.014,         0.086,         0.171
         0.014,         0.088,         0.170
         0.014,         0.088,         0.169
         0.014,         0.091,         0.168
         0.015,         0.091,         0.168
         0.015,         0.096,         0.168
         0.015,         0.096,         0.167
         0.015,         0.101,         0.167
         0.015,         0.101,         0.166
         0.015,         0.103,         0.166
         0.015,         0.103,         0.165
         0.015,         0.106,         0.164
         0.016,         0.106,         0.164
         0.016,         0.108,         0.163
         0.016,         0.108,         0.163
         0.016,         0.111,         0.163
         0.017,         0.111,         0.162
         0.017,         0.113,         0.162
         0.017,         0.113,         0.162
         0.017,         0.116,         0.161
         0.017,         0.116,         0.160
         0.017,         0.118,         0.159
         0.018,         0.118,         0.159
         0.018,         0.121,         0.158
         0.019,         0.121,         0.155
         0.019,         0.121,         0.154
         0.020,         0.121,         0.153
         0.021,         0.121,         0.153
         0.021,         0.121,         0.151
         0.021,         0.123,         0.151
         0.024,         0.123,         0.147
         0.024,         0.128,         0.147
         0.024,         0.128,         0.147
         0.024,         0.131,         0.146
         0.024,         0.131,         0.146
         0.024,         0.134,         0.146
         0.025,         0.134,         0.146
         0.025,         0.139,         0.145
         0.025,         0.139,         0.145
         0.025,         0.141,         0.145
         0.025,         0.141,         0.144
         0.025,         0.144,         0.144
         0.026,         0.144,         0.141
         0.026,         0.149,         0.141
         0.027,         0.149,         0.139
         0.027,         0.151,         0.139
         0.028,         0.151,         0.139
         0.028,         0.154,         0.139
         0.029,         0.154,         0.138
         0.029,         0.156,         0.138
         0.029,         0.156,         0.137
         0.029,         0.159,         0.136
         0.029,         0.159,         0.136
         0.029,         0.164,         0.136
         0.030,         0.164,         0.135
         0.030,         0.169,         0.134
         0.031,         0.169,         0.134
         0.031,         0.171,         0.134
         0.031,         0.171,         0.132
         0.031,         0.176,         0.131
         0.033,         0.176,         0.128
         0.033,         0.179,         0.128
         0.033,         0.179,         0.128
         0.033,         0.181,         0.128
         0.034,         0.181,         0.127
         0.034,         0.184,         0.127
         0.034,         0.184,         0.126
         0.034,         0.189,         0.126
         0.035,         0.189,         0.125
         0.035,         0.194,         0.124
         0.036,         0.194,         0.124
         0.036,         0.196,         0.124
         0.036,         0.196,         0.123
         0.036,         0.202,         0.123
         0.037,         0.202,         0.123
         0.037,         0.204,         0.123
         0.037,         0.204,         0.121
         0.037,         0.207,         0.120
         0.037,         0.207,         0.120
         0.038,         0.207,         0.120
         0.038,         0.207,         0.119
         0.038,         0.209,         0.118
         0.039,         0.209,         0.117
         0.039,         0.214,         0.117
         0.040,         0.214,         0.117
         0.041,         0.214,         0.117
         0.041,         0.217,         0.116
         0.042,         0.217,         0.114
         0.042,         0.222,         0.114
         0.042,         0.222,         0.114
         0.043,         0.222,         0.114
         0.044,         0.222,         0.113
         0.044,         0.224,         0.112
         0.046,         0.224,         0.109
         0.046,         0.232,         0.108
         0.048,         0.232,         0.106
         0.048,         0.234,         0.106
         0.049,         0.234,         0.106
         0.049,         0.239,         0.106
         0.050,         0.239,         0.103
         0.050,         0.244,         0.103
         0.051,         0.244,         0.103
         0.051,         0.247,         0.103
         0.051,         0.247,         0.101
         0.051,         0.249,         0.101
         0.054,         0.249,         0.097
         0.054,         0.252,         0.097
         0.055,         0.252,         0.097
         0.055,         0.254,         0.097
         0.056,         0.254,         0.095
         0.056,         0.257,         0.095
         0.057,         0.257,         0.094
         0.057,         0.259,         0.094
         0.057,         0.259,         0.094
         0.057,         0.262,         0.094
         0.060,         0.262,         0.092
         0.060,         0.264,         0.092
         0.061,         0.264,         0.091
         0.061,         0.272,         0.090
         0.061,         0.272,         0.089
         0.061,         0.277,         0.089
         0.062,         0.277,         0.087
         0.062,         0.280,         0.087
         0.063,         0.280,         0.086
         0.063,         0.285,         0.086
         0.063,         0.285,         0.085
         0.063,         0.287,         0.085
         0.064,         0.287,         0.085
         0.064,         0.287,         0.085
         0.064,         0.290,         0.084
         0.065,         0.290,         0.084
         0.065,         0.292,         0.084
         0.065,         0.292,         0.084
         0.065,         0.295,         0.083
         0.066,         0.295,         0.083
         0.066,         0.297,         0.083
         0.066,         0.297,         0.083
         0.067,         0.297,         0.082
         0.067,         0.297,         0.082
         0.071,         0.297,         0.079
         0.072,         0.297,         0.079
         0.075,         0.297,         0.076
         0.075,         0.300,         0.076
         0.075,         0.300,         0.076
         0.075,         0.302,         0.076
         0.076,         0.302,         0.076
         0.076,         0.305,         0.075
         0.077,         0.305,         0.075
         0.077,         0.305,         0.075
         0.078,         0.305,         0.074
         0.078,         0.307,         0.074
         0.079,         0.307,         0.073
         0.079,         0.310,         0.073
         0.081,         0.310,         0.073
         0.081,         0.310,         0.072
         0.083,         0.310,         0.071
         0.083,         0.312,         0.071
         0.084,         0.312,         0.070
         0.084,         0.315,         0.070
         0.084,         0.315,         0.070
         0.084,         0.315,         0.069
         0.087,         0.315,         0.066
         0.087,         0.317,         0.066
         0.088,         0.317,         0.064
         0.088,         0.320,         0.064
         0.088,         0.320,         0.064
         0.088,         0.322,         0.064
         0.089,         0.322,         0.064
         0.089,         0.325,         0.064
         0.089,         0.325,         0.064
         0.089,         0.327,         0.063
         0.090,         0.327,         0.063
         0.090,         0.330,         0.063
         0.091,         0.330,         0.062
         0.091,         0.332,         0.061
         0.092,         0.332,         0.059
         0.092,         0.335,         0.059
         0.093,         0.335,         0.059
         0.093,         0.338,         0.059
         0.093,         0.338,         0.059
         0.093,         0.340,         0.059
         0.093,         0.340,         0.059
         0.094,         0.340,         0.059
         0.094,         0.345,         0.058
         0.094,         0.345,         0.058
         0.096,         0.345,         0.057
         0.096,         0.345,         0.057
         0.097,         0.345,         0.056
         0.097,         0.348,         0.056
         0.097,         0.348,         0.056
         0.097,         0.348,         0.056
         0.097,         0.350,         0.056
         0.098,         0.350,         0.056
         0.098,         0.353,         0.056
         0.098,         0.353,         0.056
         0.098,         0.358,         0.056
         0.099,         0.358,         0.055
         0.099,         0.360,         0.055
         0.100,         0.360,         0.054
         0.100,         0.363,         0.054
         0.101,         0.363,         0.052
         0.101,         0.365,         0.052
         0.103,         0.365,         0.051
         0.103,         0.368,         0.051
         0.103,         0.368,         0.051
         0.103,         0.370,         0.051
         0.103,         0.370,         0.051
         0.104,         0.370,         0.051
         0.104,         0.373,         0.050
         0.105,         0.373,         0.049
         0.105,         0.375,         0.049
         0.105,         0.375,         0.049
         0.105,         0.378,         0.049
         0.108,         0.378,         0.047
         0.108,         0.380,         0.047
         0.108,         0.380,         0.047
         0.108,         0.383,         0.047
         0.109,         0.383,         0.046
         0.110,         0.383,         0.046
         0.110,         0.388,         0.046
         0.110,         0.388,         0.046
         0.110,         0.390,         0.046
         0.112,         0.390,         0.045
         0.112,         0.393,         0.045
         0.113,         0.393,         0.044
         0.113,         0.395,         0.044
         0.113,         0.395,         0.044
         0.113,         0.398,         0.044
         0.114,         0.398,         0.044
         0.114,         0.406,         0.044
         0.116,         0.406,         0.043
         0.116,         0.411,         0.043
         0.117,         0.411,         0.042
         0.117,         0.413,         0.042
         0.117,         0.413,         0.042
         0.117,         0.416,         0.042
         0.117,         0.416,         0.042
         0.117,         0.418,         0.041
         0.118,         0.418,         0.041
         0.118,         0.421,         0.041
         0.118,         0.421,         0.040
         0.118,         0.423,         0.040
         0.119,         0.423,         0.039
         0.119,         0.426,         0.039
         0.120,         0.426,         0.039
         0.120,         0.428,         0.039
         0.120,         0.428,         0.038
         0.120,         0.433,         0.038
         0.121,         0.433,         0.038
         0.121,         0.436,         0.038
         0.121,         0.436,         0.038
         0.121,         0.438,         0.037
         0.122,         0.438,         0.037
         0.122,         0.441,         0.037
         0.123,         0.441,         0.036
         0.123,         0.446,         0.036
         0.126,         0.446,         0.035
         0.126,         0.453,         0.034
         0.127,         0.453,         0.034
         0.127,         0.456,         0.034
         0.127,         0.456,         0.034
         0.127,         0.458,         0.034
         0.127,         0.458,         0.034
         0.127,         0.461,         0.033
         0.127,         0.461,         0.033
         0.127,         0.463,         0.033
         0.128,         0.463,         0.033
         0.128,         0.466,         0.033
         0.128,         0.466,         0.032
         0.128,         0.469,         0.032
         0.129,         0.469,         0.032
         0.129,         0.471,         0.032
         0.130,         0.471,         0.031
         0.132,         0.474,         0.031
         0.133,         0.474,         0.031
         0.133,         0.476,         0.031
         0.135,         0.476,         0.030
         0.135,         0.479,         0.030
         0.136,         0.479,         0.030
         0.136,         0.481,         0.030
         0.142,         0.481,         0.025
         0.142,         0.484,         0.025
         0.143,         0.484,         0.025
         0.143,         0.486,         0.025
         0.145,         0.486,         0.023
         0.145,         0.489,         0.023
         0.146,         0.489,         0.023
         0.146,         0.489,         0.023
         0.147,         0.489,         0.022
         0.147,         0.491,         0.022
         0.147,         0.491,         0.022
         0.148,         0.491,         0.022
         0.148,         0.494,         0.021
         0.149,         0.494,         0.021
         0.149,         0.496,         0.021
         0.152,         0.496,         0.020
         0.152,         0.501,         0.020
         0.153,         0.501,         0.019
         0.153,         0.504,         0.019
         0.155,         0.504,         0.017
         0.155,         0.506,         0.017
         0.157,         0.506,         0.016
         0.157,         0.509,         0.016
         0.162,         0.509,         0.012
         0.162,         0.511,         0.012
         0.162,         0.511,         0.012
         0.162,         0.514,         0.012
         0.164,         0.514,         0.011
         0.164,         0.516,         0.011
         0.165,         0.516,         0.010
         0.166,         0.516,         0.010
         0.167,         0.516,         0.010
         0.167,         0.519,         0.010
         0.172,         0.519,         0.007
         0.172,         0.521,         0.007
         0.172,         0.521,         0.007
         0.172,         0.524,         0.007
         0.174,         0.524,         0.006
         0.174,         0.526,         0.005
         0.175,         0.526,         0.005
         0.177,         0.526,         0.004
         0.177,         0.529,         0.004
         0.177,         0.529,         0.004
         0.177,         0.531,         0.004
         0.179,         0.531,         0.002
         0.180,         0.531,         0.002
         0.181,         0.531,         0.001
         0.181,         0.531,         0.001
         0.181,         0.539,         0.001
         0.182,         0.539,        -0.000
         0.182,         0.542,        -0.000
         0.183,         0.542,        -0.001
         0.183,         0.547,        -0.001
         0.187,         0.547,        -0.004
         0.187,         0.549,        -0.004
         0.188,         0.549,        -0.005
         0.188,         0.549,        -0.005
         0.191,         0.549,        -0.006
         0.191,         0.552,        -0.006
         0.191,         0.552,        -0.007
         0.191,         0.554,        -0.007
         0.192,         0.554,        -0.007
         0.192,         0.557,        -0.007
         0.195,         0.557,        -0.008
         0.195,         0.559,        -0.008
         0.197,         0.559,        -0.009
         0.197,         0.562,        -0.009
         0.199,         0.562,        -0.010
         0.199,         0.564,        -0.010
         0.204,         0.564,        -0.013
         0.204,         0.567,        -0.013
         0.204,         0.567,        -0.013
         0.204,         0.569,        -0.013
         0.210,         0.569,        -0.016
         0.210,         0.574,        -0.016
         0.211,         0.574,        -0.017
         0.211,         0.577,        -0.017
         0.216,         0.577,        -0.020
         0.219,         0.577,        -0.020
         0.219,         0.579,        -0.020
         0.221,         0.579,        -0.021
         0.221,         0.582,        -0.021
         0.223,         0.582,        -0.022
         0.223,         0.584,        -0.022
         0.224,         0.584,        -0.022
         0.224,         0.587,        -0.022
         0.226,         0.587,        -0.023
         0.226,         0.589,        -0.023
         0.227,         0.589,        -0.024
         0.228,         0.589,        -0.024
         0.230,         0.589,        -0.025
         0.230,         0.592,        -0.025
         0.231,         0.592,        -0.025
         0.231,         0.597,        -0.025
         0.233,         0.597,        -0.026
         0.233,         0.599,        -0.026
         0.236,         0.599,        -0.027
         0.236,         0.602,        -0.028
         0.236,         0.602,        -0.028
         0.236,         0.602,        -0.028
         0.236,         0.605,        -0.028
         0.239,         0.605,        -0.029
         0.239,         0.607,        -0.029
         0.239,         0.607,        -0.029
         0.240,         0.607,        -0.029
         0.240,         0.607,        -0.029
         0.240,         0.610,        -0.029
         0.241,         0.610,        -0.030
         0.241,         0.612,        -0.030
         0.241,         0.612,        -0.030
         0.241,         0.615,        -0.030
         0.242,         0.615,        -0.031
         0.242,         0.617,        -0.031
         0.244,         0.617,        -0.032
         0.244,         0.617,        -0.032
         0.245,         0.617,        -0.032
         0.245,         0.620,        -0.032
         0.246,         0.620,        -0.032
         0.246,         0.622,        -0.032
         0.247,         0.622,        -0.033
         0.247,         0.625,        -0.033
         0.248,         0.625,        -0.034
         0.248,         0.627,        -0.034
         0.249,         0.627,        -0.034
         0.249,         0.630,        -0.034
         0.251,         0.630,        -0.034
         0.251,         0.632,        -0.034
         0.251,         0.632,        -0.035
         0.251,         0.635,        -0.035
         0.255,         0.635,        -0.036
         0.255,         0.637,        -0.036
         0.256,         0.637,        -0.037
         0.256,         0.640,        -0.037
         0.260,         0.640,        -0.039
         0.260,         0.642,        -0.039
         0.261,         0.642,        -0.039
         0.261,         0.645,        -0.039
         0.264,         0.645,        -0.042
         0.264,         0.650,        -0.042
         0.268,         0.650,        -0.044
         0.268,         0.652,        -0.044
         0.270,         0.652,        -0.045
         0.270,         0.655,        -0.045
         0.273,         0.655,        -0.046
         0.273,         0.657,        -0.046
         0.273,         0.657,        -0.047
         0.273,         0.660,        -0.047
         0.274,         0.660,        -0.047
         0.274,         0.662,        -0.047
         0.274,         0.662,        -0.047
         0.274,         0.665,        -0.047
         0.278,         0.665,        -0.048
         0.278,         0.670,        -0.049
         0.286,         0.670,        -0.052
         0.286,         0.673,        -0.052
         0.288,         0.673,        -0.053
         0.290,         0.673,        -0.053
         0.293,         0.673,        -0.054
         0.293,         0.675,        -0.054
         0.294,         0.675,        -0.055
         0.294,         0.678,        -0.055
         0.295,         0.678,        -0.055
         0.295,         0.680,        -0.055
         0.297,         0.680,        -0.056
         0.297,         0.683,        -0.056
         0.305,         0.683,        -0.059
         0.305,         0.685,        -0.059
         0.312,         0.685,        -0.062
         0.312,         0.688,        -0.062
         0.317,         0.688,        -0.064
         0.317,         0.690,        -0.064
         0.317,         0.690,        -0.065
         0.317,         0.693,        -0.065
         0.317,         0.693,        -0.065
         0.318,         0.693,        -0.065
         0.321,         0.693,        -0.067
         0.321,         0.695,        -0.067
         0.322,         0.695,        -0.067
         0.322,         0.698,        -0.067
         0.324,         0.698,        -0.068
         0.324,         0.700,        -0.068
         0.324,         0.700,        -0.068
         0.324,         0.700,        -0.068
         0.325,         0.700,        -0.068
         0.325,         0.703,        -0.068
         0.328,         0.703,        -0.070
         0.328,         0.705,        -0.070
         0.329,         0.705,        -0.070
         0.329,         0.708,        -0.070
         0.330,         0.708,        -0.071
         0.330,         0.710,        -0.071
         0.331,         0.710,        -0.072
         0.331,         0.713,        -0.072
         0.332,         0.713,        -0.072
         0.332,         0.715,        -0.072
         0.332,         0.715,        -0.073
         0.332,         0.715,        -0.073
         0.333,         0.715,        -0.073
         0.333,         0.718,        -0.073
         0.334,         0.718,        -0.074
         0.334,         0.720,        -0.074
         0.334,         0.720,        -0.074
         0.334,         0.723,        -0.074
         0.336,         0.723,        -0.075
         0.336,         0.725,        -0.075
         0.337,         0.725,        -0.075
         0.337,         0.728,        -0.075
         0.340,         0.728,        -0.077
         0.340,         0.730,        -0.077
         0.341,         0.730,        -0.077
         0.341,         0.733,        -0.077
         0.347,         0.733,        -0.080
         0.347,         0.736,        -0.080
         0.352,         0.736,        -0.082
         0.352,         0.738,        -0.082
         0.360,         0.738,        -0.085
         0.360,         0.741,        -0.086
         0.363,         0.741,        -0.087
         0.363,         0.741,        -0.087
         0.366,         0.741,        -0.088
         0.366,         0.743,        -0.088
         0.368,         0.743,        -0.089
         0.368,         0.746,        -0.089
         0.368,         0.746,        -0.089
         0.368,         0.748,        -0.090
         0.370,         0.748,        -0.090
         0.370,         0.751,        -0.090
         0.372,         0.751,        -0.091
         0.372,         0.753,        -0.091
         0.376,         0.753,        -0.092
         0.376,         0.756,        -0.092
         0.378,         0.756,        -0.093
         0.378,         0.758,        -0.093
         0.380,         0.758,        -0.094
         0.398,         0.758,        -0.094
         0.400,         0.758,        -0.095
         0.400,         0.761,        -0.095
         0.401,         0.761,        -0.095
         0.401,         0.763,        -0.095
         0.404,         0.763,        -0.097
         0.404,         0.766,        -0.097
         0.406,         0.766,        -0.098
         0.406,         0.768,        -0.098
         0.410,         0.768,        -0.100
         0.410,         0.773,        -0.100
         0.411,         0.773,        -0.101
         0.411,         0.776,        -0.101
         0.413,         0.776,        -0.101
         0.413,         0.778,        -0.101
         0.416,         0.778,        -0.102
         0.416,         0.781,        -0.102
         0.419,         0.781,        -0.104
         0.420,         0.781,        -0.104
         0.420,         0.781,        -0.104
         0.420,         0.786,        -0.104
         0.422,         0.786,        -0.105
         0.422,         0.788,        -0.105
         0.425,         0.788,        -0.107
         0.426,         0.788,        -0.107
         0.427,         0.788,        -0.107
         0.427,         0.791,        -0.107
         0.428,         0.791,        -0.107
         0.428,         0.793,        -0.107
         0.428,         0.793,        -0.108
         0.428,         0.796,        -0.108
         0.434,         0.796,        -0.110
         0.434,         0.796,        -0.110
         0.435,         0.796,        -0.110
         0.435,         0.798,        -0.110
         0.440,         0.798,        -0.112
         0.440,         0.801,        -0.112
         0.440,         0.801,        -0.113
         0.441,         0.801,        -0.113
         0.449,         0.801,        -0.116
         0.449,         0.804,        -0.116
         0.449,         0.804,        -0.116
         0.449,         0.806,        -0.116
         0.451,         0.806,        -0.117
         0.451,         0.809,        -0.117
         0.459,         0.809,        -0.120
         0.459,         0.811,        -0.120
         0.465,         0.811,        -0.123
         0.465,         0.814,        -0.123
         0.466,         0.814,        -0.123
         0.466,         0.816,        -0.123
         0.467,         0.816,        -0.123
         0.467,         0.819,        -0.123
         0.469,         0.819,        -0.124
         0.469,         0.821,        -0.124
         0.472,         0.821,        -0.125
         0.472,         0.824,        -0.125
         0.475,         0.824,        -0.126
         0.475,         0.826,        -0.126
         0.476,         0.826,        -0.126
         0.476,         0.829,        -0.126
         0.478,         0.829,        -0.127
         0.478,         0.831,        -0.127
         0.480,         0.831,        -0.127
         0.480,         0.834,        -0.127
         0.482,         0.834,        -0.129
         0.482,         0.836,        -0.129
         0.485,         0.836,        -0.130
         0.485,         0.839,        -0.130
         0.488,         0.839,        -0.131
         0.488,         0.841,        -0.131
         0.488,         0.841,        -0.131
         0.488,         0.844,        -0.131
         0.494,         0.844,        -0.134
         0.494,         0.849,        -0.134
         0.494,         0.849,        -0.134
         0.494,         0.851,        -0.134
         0.498,         0.851,        -0.135
         0.498,         0.854,        -0.135
         0.499,         0.854,        -0.136
         0.500,         0.854,        -0.136
         0.500,         0.854,        -0.137
         0.500,         0.856,        -0.137
         0.503,         0.856,        -0.138
         0.503,         0.859,        -0.138
         0.505,         0.859,        -0.139
         0.505,         0.861,        -0.139
         0.507,         0.861,        -0.139
         0.507,         0.864,        -0.139
         0.508,         0.864,        -0.140
         0.508,         0.866,        -0.140
         0.512,         0.866,        -0.141
         0.512,         0.869,        -0.141
         0.519,         0.869,        -0.143
         0.519,         0.872,        -0.143
         0.520,         0.872,        -0.143
         0.520,         0.874,        -0.144
         0.522,         0.874,        -0.144
         0.522,         0.877,        -0.144
         0.555,         0.877,        -0.157
         0.555,         0.879,        -0.157
         0.556,         0.879,        -0.158
         0.556,         0.882,        -0.158
         0.569,         0.882,        -0.162
         0.569,         0.884,        -0.162
         0.569,         0.884,        -0.162
         0.569,         0.887,        -0.162
         0.573,         0.887,        -0.163
         0.573,         0.887,        -0.163
         0.579,         0.887,        -0.165
         0.579,         0.889,        -0.165
         0.596,         0.889,        -0.172
         0.596,         0.892,        -0.172
         0.601,         0.892,        -0.173
         0.601,         0.894,        -0.173
         0.608,         0.894,        -0.177
         0.608,         0.897,        -0.177
         0.609,         0.897,        -0.177
         0.609,         0.902,        -0.177
         0.622,         0.902,        -0.181
         0.622,         0.904,        -0.181
         0.623,         0.904,        -0.181
         0.623,         0.907,        -0.181
         0.632,         0.907,        -0.185
         0.632,         0.909,        -0.185
         0.636,         0.909,        -0.187
         0.636,         0.912,        -0.187
         0.640,         0.912,        -0.188
         0.640,         0.914,        -0.188
         0.643,         0.914,        -0.189
         0.643,         0.917,        -0.190
         0.653,         0.917,        -0.194
         0.653,         0.919,        -0.194
         0.664,         0.919,        -0.197
         0.664,         0.922,        -0.198
         0.670,         0.922,        -0.199
         0.670,         0.924,        -0.199
         0.673,         0.924,        -0.200
         0.673,         0.927,        -0.200
         0.674,         0.927,        -0.201
         0.674,         0.929,        -0.201
         0.676,         0.929,        -0.202
         0.676,         0.932,        -0.202
         0.683,         0.932,        -0.205
         0.683,         0.935,        -0.205
         0.687,         0.935,        -0.206
         0.687,         0.937,        -0.206
         0.692,         0.937,        -0.207
         0.692,         0.940,        -0.207
         0.696,         0.940,        -0.209
         0.696,         0.942,        -0.209
         0.710,         0.942,        -0.213
         0.710,         0.945,        -0.213
         0.717,         0.945,        -0.215
         0.717,         0.947,        -0.215
         0.718,         0.947,        -0.215
         0.718,         0.947,        -0.216
         0.722,         0.947,        -0.217
         0.722,         0.950,        -0.217
         0.729,         0.950,        -0.220
         0.729,         0.952,        -0.220
         0.737,         0.952,        -0.222
         0.737,         0.955,        -0.222
         0.741,         0.955,        -0.223
         0.741,         0.957,        -0.224
         0.763,         0.957,        -0.232
         0.763,         0.960,        -0.233
         0.766,         0.960,        -0.233
         0.766,         0.962,        -0.233
         0.774,         0.962,        -0.237
         0.774,         0.962,        -0.237
         0.777,         0.962,        -0.238
         0.777,         0.965,        -0.238
         0.778,         0.965,        -0.239
         0.778,         0.967,        -0.239
         0.785,         0.967,        -0.242
         0.785,         0.970,        -0.242
         0.787,         0.970,        -0.243
         0.787,         0.972,        -0.244
         0.798,         0.972,        -0.247
         0.799,         0.972,        -0.247
         0.822,         0.972,        -0.257
         0.822,         0.975,        -0.257
         0.825,         0.975,        -0.259
         0.826,         0.975,        -0.259
         0.826,         0.975,        -0.259
         0.826,         0.977,        -0.259
         0.828,         0.977,        -0.260
         0.828,         0.977,        -0.260
         0.839,         0.977,        -0.265
         0.839,         0.980,        -0.265
         0.862,         0.980,        -0.277
         0.863,         0.980,        -0.277
         0.911,         0.980,        -0.301
         0.911,         0.982,        -0.301
         0.924,         0.982,        -0.309
         0.924,         0.985,        -0.309
         0.936,         0.985,        -0.318
         0.936,         0.987,        -0.318
         0.953,         0.987,        -0.330
         0.953,         0.990,        -0.331
         0.964,         0.990,        -0.339
         0.964,         0.995,        -0.340
         0.965,         0.995,        -0.341
         0.965,         0.997,        -0.341
         0.974,         0.997,        -0.353
         0.974,         1.000,        -0.354
         0.977,         1.000,        -0.359
         0.978,         1.000,        -0.360
         1.000,         1.000,        -0.451
