false_pos_rate,true_pos_rate,threshold
         0.000,         0.000,         1.695
         0.000,         0.000,         0.695
         0.000,         0.000,         0.685
         0.000,         0.003,         0.684
         0.001,         0.003,         0.681
         0.001,         0.005,         0.679
         0.001,         0.005,         0.677
         0.001,         0.008,         0.676
         0.001,         0.008,         0.675
         0.001,         0.010,         0.673
         0.002,         0.010,         0.671
         0.002,         0.013,         0.671
         0.002,         0.013,         0.670
         0.002,         0.015,         0.667
         0.002,         0.015,         0.666
         0.002,         0.020,         0.665
         0.003,         0.020,         0.655
         0.003,         0.023,         0.653
         0.003,         0.023,         0.653
         0.003,         0.028,         0.649
         0.004,         0.028,         0.646
         0.004,         0.030,         0.646
         0.004,         0.030,         0.644
         0.004,         0.035,         0.642
         0.004,         0.035,         0.642
         0.004,         0.043,         0.639
         0.004,         0.043,         0.638
         0.004,         0.053,         0.635
         0.005,         0.053,         0.632
         0.005,         0.055,         0.632
         0.006,         0.055,         0.632
         0.006,         0.058,         0.632
         0.007,         0.058,         0.629
         0.007,         0.063,         0.628
         0.007,         0.063,         0.627
         0.007,         0.068,         0.626
         0.010,         0.068,         0.621
         0.010,         0.071,         0.620
         0.010,         0.071,         0.620
         0.010,         0.073,         0.620
         0.011,         0.073,         0.617
         0.011,         0.076,         0.616
         0.011,         0.076,         0.616
         0.011,         0.083,         0.615
         0.012,         0.083,         0.611
         0.012,         0.088,         0.611
         0.013,         0.088,         0.607
         0.013,         0.096,         0.605
         0.013,         0.096,         0.605
         0.013,         0.098,         0.605
         0.015,         0.098,         0.599
         0.015,         0.101,         0.599
         0.016,         0.101,         0.599
         0.016,         0.106,         0.599
         0.017,         0.106,         0.598
         0.017,         0.108,         0.598
         0.017,         0.108,         0.597
         0.017,         0.111,         0.597
         0.017,         0.111,         0.596
         0.017,         0.113,         0.595
         0.018,         0.113,         0.595
         0.018,         0.116,         0.595
         0.018,         0.116,         0.594
         0.018,         0.118,         0.593
         0.019,         0.118,         0.592
         0.019,         0.121,         0.592
         0.020,         0.121,         0.591
         0.020,         0.121,         0.591
         0.020,         0.126,         0.591
         0.020,         0.126,         0.591
         0.021,         0.126,         0.590
         0.021,         0.126,         0.590
         0.021,         0.134,         0.590
         0.022,         0.134,         0.589
         0.022,         0.136,         0.588
         0.022,         0.136,         0.587
         0.022,         0.139,         0.587
         0.023,         0.139,         0.585
         0.023,         0.144,         0.585
         0.024,         0.144,         0.585
         0.024,         0.149,         0.584
         0.024,         0.149,         0.584
         0.024,         0.151,         0.584
         0.025,         0.151,         0.584
         0.025,         0.156,         0.583
         0.026,         0.156,         0.583
         0.026,         0.159,         0.583
         0.026,         0.159,         0.582
         0.026,         0.161,         0.582
         0.027,         0.161,         0.581
         0.027,         0.161,         0.581
         0.027,         0.161,         0.581
         0.027,         0.164,         0.581
         0.027,         0.164,         0.580
         0.027,         0.166,         0.580
         0.028,         0.166,         0.578
         0.028,         0.169,         0.578
         0.029,         0.169,         0.576
         0.029,         0.171,         0.576
         0.030,         0.171,         0.574
         0.030,         0.174,         0.574
         0.030,         0.174,         0.574
         0.030,         0.176,         0.574
         0.030,         0.176,         0.574
         0.030,         0.179,         0.574
         0.031,         0.179,         0.573
         0.031,         0.181,         0.573
         0.031,         0.181,         0.573
         0.031,         0.184,         0.573
         0.031,         0.184,         0.572
         0.031,         0.189,         0.572
         0.032,         0.189,         0.571
         0.032,         0.191,         0.571
         0.032,         0.191,         0.570
         0.032,         0.194,         0.570
         0.032,         0.194,         0.569
         0.032,         0.196,         0.569
         0.032,         0.196,         0.569
         0.032,         0.202,         0.569
         0.033,         0.202,         0.568
         0.033,         0.202,         0.568
         0.033,         0.204,         0.568
         0.033,         0.204,         0.568
         0.033,         0.207,         0.567
         0.034,         0.207,         0.566
         0.034,         0.209,         0.566
         0.035,         0.209,         0.565
         0.035,         0.209,         0.565
         0.035,         0.212,         0.565
         0.036,         0.212,         0.565
         0.036,         0.217,         0.564
         0.037,         0.217,         0.564
         0.037,         0.219,         0.563
         0.037,         0.219,         0.563
         0.037,         0.224,         0.563
         0.039,         0.224,         0.560
         0.039,         0.227,         0.560
         0.041,         0.227,         0.559
         0.041,         0.229,         0.559
         0.042,         0.229,         0.558
         0.042,         0.232,         0.558
         0.042,         0.232,         0.558
         0.042,         0.232,         0.558
         0.043,         0.232,         0.557
         0.043,         0.232,         0.557
         0.044,         0.232,         0.556
         0.044,         0.237,         0.556
         0.044,         0.237,         0.556
         0.044,         0.239,         0.556
         0.047,         0.239,         0.552
         0.047,         0.242,         0.552
         0.048,         0.242,         0.551
         0.048,         0.244,         0.551
         0.048,         0.244,         0.551
         0.048,         0.247,         0.550
         0.053,         0.247,         0.547
         0.053,         0.252,         0.547
         0.054,         0.252,         0.546
         0.054,         0.252,         0.546
         0.054,         0.254,         0.546
         0.055,         0.254,         0.546
         0.055,         0.257,         0.546
         0.058,         0.257,         0.544
         0.058,         0.259,         0.543
         0.058,         0.259,         0.543
         0.058,         0.262,         0.543
         0.059,         0.262,         0.543
         0.059,         0.264,         0.542
         0.060,         0.264,         0.542
         0.060,         0.270,         0.542
         0.060,         0.270,         0.541
         0.060,         0.272,         0.541
         0.061,         0.272,         0.540
         0.061,         0.275,         0.540
         0.061,         0.275,         0.540
         0.061,         0.280,         0.539
         0.062,         0.280,         0.539
         0.062,         0.282,         0.539
         0.064,         0.282,         0.538
         0.064,         0.285,         0.538
         0.064,         0.285,         0.537
         0.064,         0.287,         0.537
         0.066,         0.287,         0.535
         0.066,         0.295,         0.535
         0.068,         0.295,         0.534
         0.068,         0.297,         0.534
         0.069,         0.297,         0.533
         0.069,         0.302,         0.532
         0.070,         0.302,         0.531
         0.070,         0.310,         0.531
         0.071,         0.310,         0.530
         0.071,         0.315,         0.529
         0.072,         0.315,         0.529
         0.072,         0.317,         0.529
         0.072,         0.317,         0.529
         0.072,         0.320,         0.529
         0.072,         0.320,         0.529
         0.072,         0.322,         0.529
         0.075,         0.322,         0.527
         0.075,         0.325,         0.527
         0.077,         0.325,         0.526
         0.077,         0.332,         0.526
         0.078,         0.332,         0.525
         0.079,         0.332,         0.525
         0.079,         0.332,         0.524
         0.079,         0.335,         0.524
         0.080,         0.335,         0.524
         0.080,         0.338,         0.523
         0.082,         0.338,         0.522
         0.082,         0.343,         0.522
         0.084,         0.343,         0.520
         0.084,         0.345,         0.520
         0.086,         0.345,         0.520
         0.086,         0.348,         0.520
         0.086,         0.348,         0.519
         0.086,         0.350,         0.519
         0.087,         0.350,         0.519
         0.087,         0.353,         0.518
         0.088,         0.353,         0.518
         0.088,         0.355,         0.518
         0.090,         0.355,         0.517
         0.090,         0.355,         0.517
         0.090,         0.360,         0.517
         0.094,         0.360,         0.514
         0.094,         0.363,         0.514
         0.094,         0.368,         0.514
         0.094,         0.368,         0.513
         0.094,         0.375,         0.513
         0.096,         0.375,         0.511
         0.096,         0.378,         0.511
         0.096,         0.378,         0.511
         0.096,         0.380,         0.511
         0.097,         0.380,         0.511
         0.097,         0.383,         0.510
         0.099,         0.383,         0.509
         0.099,         0.385,         0.509
         0.103,         0.385,         0.506
         0.103,         0.388,         0.506
         0.103,         0.388,         0.506
         0.103,         0.390,         0.506
         0.103,         0.390,         0.505
         0.103,         0.393,         0.505
         0.104,         0.393,         0.505
         0.104,         0.393,         0.505
         0.105,         0.393,         0.505
         0.105,         0.403,         0.505
         0.105,         0.403,         0.504
         0.105,         0.406,         0.504
         0.106,         0.406,         0.503
         0.106,         0.408,         0.503
         0.107,         0.408,         0.502
         0.108,         0.408,         0.502
         0.108,         0.411,         0.502
         0.108,         0.411,         0.502
         0.108,         0.413,         0.502
         0.110,         0.413,         0.502
         0.110,         0.416,         0.501
         0.113,         0.416,         0.500
         0.113,         0.418,         0.499
         0.113,         0.418,         0.499
         0.113,         0.423,         0.499
         0.114,         0.423,         0.499
         0.114,         0.426,         0.499
         0.114,         0.426,         0.499
         0.114,         0.428,         0.499
         0.115,         0.428,         0.499
         0.115,         0.431,         0.499
         0.118,         0.431,         0.496
         0.118,         0.433,         0.496
         0.119,         0.433,         0.496
         0.119,         0.436,         0.496
         0.120,         0.436,         0.495
         0.120,         0.441,         0.495
         0.121,         0.441,         0.495
         0.121,         0.443,         0.494
         0.122,         0.443,         0.494
         0.122,         0.446,         0.494
         0.124,         0.446,         0.493
         0.124,         0.448,         0.493
         0.126,         0.448,         0.491
         0.126,         0.451,         0.491
         0.127,         0.451,         0.491
         0.129,         0.453,         0.491
         0.130,         0.453,         0.490
         0.130,         0.456,         0.490
         0.131,         0.456,         0.490
         0.131,         0.458,         0.490
         0.134,         0.458,         0.488
         0.135,         0.458,         0.488
         0.136,         0.458,         0.488
         0.136,         0.458,         0.488
         0.138,         0.458,         0.487
         0.138,         0.461,         0.487
         0.139,         0.461,         0.486
         0.139,         0.463,         0.486
         0.139,         0.463,         0.486
         0.139,         0.466,         0.486
         0.139,         0.466,         0.486
         0.139,         0.469,         0.486
         0.142,         0.469,         0.485
         0.142,         0.469,         0.485
         0.142,         0.469,         0.485
         0.142,         0.471,         0.484
         0.144,         0.471,         0.484
         0.145,         0.471,         0.484
         0.145,         0.471,         0.483
         0.145,         0.474,         0.483
         0.146,         0.474,         0.483
         0.146,         0.476,         0.483
         0.147,         0.476,         0.482
         0.147,         0.479,         0.482
         0.147,         0.479,         0.482
         0.147,         0.481,         0.481
         0.148,         0.481,         0.481
         0.149,         0.481,         0.481
         0.149,         0.481,         0.481
         0.149,         0.484,         0.481
         0.150,         0.484,         0.481
         0.150,         0.486,         0.481
         0.150,         0.486,         0.481
         0.150,         0.491,         0.480
         0.150,         0.491,         0.480
         0.150,         0.494,         0.480
         0.152,         0.494,         0.479
         0.152,         0.496,         0.479
         0.153,         0.496,         0.478
         0.153,         0.499,         0.478
         0.154,         0.499,         0.478
         0.154,         0.501,         0.477
         0.155,         0.501,         0.477
         0.155,         0.504,         0.477
         0.158,         0.504,         0.475
         0.158,         0.511,         0.475
         0.158,         0.511,         0.475
         0.158,         0.514,         0.475
         0.162,         0.514,         0.473
         0.162,         0.516,         0.473
         0.164,         0.516,         0.473
         0.164,         0.519,         0.473
         0.167,         0.519,         0.472
         0.167,         0.521,         0.472
         0.171,         0.521,         0.470
         0.171,         0.524,         0.470
         0.171,         0.524,         0.469
         0.171,         0.529,         0.469
         0.172,         0.529,         0.469
         0.172,         0.531,         0.469
         0.172,         0.531,         0.469
         0.172,         0.534,         0.468
         0.174,         0.534,         0.467
         0.174,         0.537,         0.467
         0.176,         0.537,         0.466
         0.176,         0.539,         0.466
         0.176,         0.539,         0.466
         0.176,         0.542,         0.466
         0.177,         0.542,         0.466
         0.177,         0.544,         0.466
         0.177,         0.544,         0.465
         0.177,         0.547,         0.465
         0.179,         0.547,         0.465
         0.179,         0.554,         0.464
         0.180,         0.554,         0.464
         0.180,         0.559,         0.464
         0.182,         0.559,         0.463
         0.182,         0.559,         0.463
         0.183,         0.559,         0.462
         0.183,         0.562,         0.462
         0.184,         0.562,         0.462
         0.184,         0.564,         0.462
         0.185,         0.564,         0.462
         0.185,         0.564,         0.461
         0.185,         0.567,         0.461
         0.187,         0.567,         0.460
         0.187,         0.569,         0.460
         0.188,         0.569,         0.460
         0.189,         0.569,         0.460
         0.189,         0.569,         0.459
         0.189,         0.572,         0.459
         0.189,         0.572,         0.459
         0.189,         0.574,         0.459
         0.192,         0.574,         0.458
         0.193,         0.574,         0.458
         0.195,         0.574,         0.456
         0.195,         0.577,         0.456
         0.200,         0.577,         0.455
         0.200,         0.579,         0.455
         0.200,         0.579,         0.455
         0.200,         0.584,         0.454
         0.202,         0.584,         0.454
         0.202,         0.587,         0.454
         0.202,         0.587,         0.454
         0.202,         0.589,         0.453
         0.203,         0.589,         0.453
         0.203,         0.592,         0.453
         0.203,         0.592,         0.453
         0.203,         0.594,         0.453
         0.204,         0.594,         0.452
         0.204,         0.599,         0.452
         0.207,         0.599,         0.451
         0.207,         0.605,         0.451
         0.208,         0.605,         0.451
         0.208,         0.607,         0.451
         0.208,         0.607,         0.450
         0.209,         0.607,         0.450
         0.210,         0.607,         0.449
         0.211,         0.607,         0.449
         0.212,         0.607,         0.449
         0.212,         0.610,         0.449
         0.214,         0.610,         0.448
         0.214,         0.612,         0.448
         0.215,         0.612,         0.447
         0.215,         0.615,         0.447
         0.215,         0.615,         0.447
         0.216,         0.615,         0.447
         0.216,         0.615,         0.447
         0.216,         0.617,         0.447
         0.217,         0.617,         0.447
         0.217,         0.620,         0.446
         0.218,         0.620,         0.446
         0.218,         0.622,         0.446
         0.218,         0.622,         0.446
         0.218,         0.622,         0.446
         0.220,         0.622,         0.445
         0.220,         0.625,         0.445
         0.221,         0.625,         0.445
         0.221,         0.627,         0.445
         0.221,         0.627,         0.445
         0.223,         0.627,         0.445
         0.225,         0.627,         0.443
         0.225,         0.630,         0.443
         0.228,         0.630,         0.442
         0.228,         0.632,         0.442
         0.228,         0.632,         0.442
         0.229,         0.632,         0.442
         0.235,         0.632,         0.439
         0.235,         0.635,         0.439
         0.238,         0.635,         0.438
         0.238,         0.635,         0.438
         0.238,         0.637,         0.438
         0.239,         0.637,         0.438
         0.239,         0.640,         0.438
         0.240,         0.640,         0.437
         0.240,         0.642,         0.437
         0.241,         0.642,         0.437
         0.241,         0.645,         0.437
         0.242,         0.645,         0.436
         0.243,         0.645,         0.436
         0.243,         0.645,         0.436
         0.244,         0.645,         0.436
         0.245,         0.645,         0.436
         0.245,         0.647,         0.436
         0.250,         0.647,         0.434
         0.250,         0.650,         0.434
         0.252,         0.650,         0.433
         0.252,         0.655,         0.433
         0.254,         0.655,         0.431
         0.254,         0.657,         0.431
         0.254,         0.657,         0.431
         0.254,         0.660,         0.431
         0.256,         0.660,         0.431
         0.256,         0.662,         0.431
         0.256,         0.662,         0.430
         0.256,         0.665,         0.430
         0.258,         0.665,         0.430
         0.258,         0.668,         0.430
         0.259,         0.668,         0.429
         0.259,         0.673,         0.429
         0.264,         0.673,         0.426
         0.266,         0.673,         0.426
         0.269,         0.673,         0.425
         0.269,         0.675,         0.425
         0.271,         0.675,         0.424
         0.271,         0.678,         0.424
         0.272,         0.678,         0.423
         0.272,         0.680,         0.423
         0.273,         0.680,         0.423
         0.273,         0.683,         0.423
         0.275,         0.683,         0.422
         0.275,         0.685,         0.422
         0.276,         0.685,         0.421
         0.276,         0.688,         0.421
         0.281,         0.688,         0.419
         0.281,         0.690,         0.419
         0.286,         0.690,         0.417
         0.286,         0.693,         0.417
         0.292,         0.693,         0.415
         0.292,         0.695,         0.415
         0.293,         0.695,         0.415
         0.293,         0.700,         0.415
         0.295,         0.700,         0.414
         0.295,         0.703,         0.414
         0.297,         0.703,         0.413
         0.297,         0.705,         0.413
         0.299,         0.705,         0.412
         0.299,         0.710,         0.412
         0.302,         0.710,         0.411
         0.302,         0.713,         0.410
         0.305,         0.713,         0.409
         0.305,         0.715,         0.409
         0.305,         0.715,         0.409
         0.305,         0.718,         0.409
         0.306,         0.718,         0.409
         0.306,         0.720,         0.409
         0.308,         0.720,         0.408
         0.308,         0.723,         0.408
         0.312,         0.723,         0.407
         0.312,         0.725,         0.407
         0.313,         0.725,         0.407
         0.313,         0.728,         0.406
         0.314,         0.728,         0.406
         0.314,         0.730,         0.406
         0.315,         0.730,         0.406
         0.315,         0.733,         0.406
         0.318,         0.733,         0.404
         0.318,         0.736,         0.404
         0.319,         0.736,         0.404
         0.319,         0.736,         0.404
         0.321,         0.736,         0.403
         0.321,         0.736,         0.403
         0.322,         0.736,         0.403
         0.322,         0.738,         0.403
         0.324,         0.738,         0.402
         0.324,         0.743,         0.402
         0.327,         0.743,         0.401
         0.327,         0.746,         0.401
         0.330,         0.746,         0.400
         0.330,         0.753,         0.400
         0.331,         0.753,         0.399
         0.331,         0.756,         0.399
         0.333,         0.756,         0.399
         0.333,         0.758,         0.399
         0.336,         0.758,         0.397
         0.336,         0.758,         0.397
         0.338,         0.758,         0.397
         0.338,         0.761,         0.397
         0.338,         0.761,         0.397
         0.338,         0.761,         0.397
         0.340,         0.761,         0.396
         0.340,         0.763,         0.396
         0.341,         0.763,         0.396
         0.341,         0.763,         0.396
         0.343,         0.763,         0.395
         0.343,         0.766,         0.395
         0.346,         0.766,         0.394
         0.346,         0.768,         0.394
         0.346,         0.768,         0.394
         0.346,         0.771,         0.394
         0.347,         0.771,         0.394
         0.347,         0.773,         0.394
         0.350,         0.773,         0.393
         0.351,         0.773,         0.393
         0.353,         0.773,         0.392
         0.353,         0.776,         0.392
         0.354,         0.776,         0.392
         0.354,         0.778,         0.392
         0.357,         0.778,         0.391
         0.357,         0.781,         0.391
         0.359,         0.781,         0.390
         0.359,         0.783,         0.390
         0.365,         0.783,         0.388
         0.365,         0.786,         0.388
         0.367,         0.786,         0.388
         0.367,         0.788,         0.388
         0.368,         0.788,         0.387
         0.368,         0.791,         0.387
         0.369,         0.791,         0.387
         0.369,         0.793,         0.387
         0.369,         0.793,         0.387
         0.369,         0.796,         0.386
         0.378,         0.796,         0.384
         0.378,         0.798,         0.384
         0.383,         0.798,         0.382
         0.383,         0.798,         0.382
         0.386,         0.798,         0.382
         0.404,         0.798,         0.382
         0.406,         0.798,         0.381
         0.406,         0.801,         0.381
         0.408,         0.801,         0.380
         0.408,         0.801,         0.380
         0.409,         0.801,         0.380
         0.409,         0.804,         0.380
         0.411,         0.804,         0.379
         0.411,         0.806,         0.378
         0.411,         0.806,         0.378
         0.411,         0.809,         0.378
         0.413,         0.809,         0.378
         0.413,         0.811,         0.378
         0.417,         0.811,         0.377
         0.417,         0.816,         0.376
         0.418,         0.816,         0.376
         0.419,         0.816,         0.376
         0.419,         0.819,         0.376
         0.420,         0.819,         0.376
         0.420,         0.821,         0.376
         0.421,         0.821,         0.376
         0.421,         0.824,         0.376
         0.423,         0.824,         0.375
         0.423,         0.824,         0.375
         0.424,         0.824,         0.375
         0.424,         0.826,         0.375
         0.429,         0.826,         0.373
         0.429,         0.829,         0.373
         0.436,         0.829,         0.370
         0.436,         0.831,         0.370
         0.440,         0.831,         0.369
         0.440,         0.834,         0.368
         0.456,         0.834,         0.364
         0.456,         0.836,         0.364
         0.457,         0.836,         0.363
         0.457,         0.839,         0.363
         0.463,         0.839,         0.361
         0.463,         0.841,         0.361
         0.465,         0.841,         0.361
         0.465,         0.844,         0.361
         0.467,         0.844,         0.360
         0.467,         0.849,         0.360
         0.467,         0.849,         0.360
         0.467,         0.851,         0.360
         0.468,         0.851,         0.359
         0.471,         0.851,         0.359
         0.475,         0.851,         0.358
         0.475,         0.854,         0.358
         0.477,         0.854,         0.358
         0.477,         0.856,         0.358
         0.483,         0.856,         0.355
         0.483,         0.859,         0.355
         0.484,         0.859,         0.355
         0.484,         0.861,         0.355
         0.491,         0.861,         0.352
         0.491,         0.864,         0.352
         0.496,         0.864,         0.351
         0.496,         0.866,         0.351
         0.505,         0.866,         0.348
         0.505,         0.869,         0.347
         0.527,         0.869,         0.340
         0.527,         0.872,         0.340
         0.530,         0.872,         0.339
         0.530,         0.874,         0.339
         0.535,         0.874,         0.336
         0.535,         0.877,         0.336
         0.545,         0.877,         0.334
         0.545,         0.879,         0.334
         0.547,         0.879,         0.333
         0.547,         0.884,         0.333
         0.550,         0.884,         0.332
         0.550,         0.887,         0.332
         0.551,         0.887,         0.332
         0.551,         0.889,         0.332
         0.556,         0.889,         0.330
         0.556,         0.892,         0.330
         0.559,         0.892,         0.329
         0.559,         0.892,         0.329
         0.560,         0.892,         0.329
         0.560,         0.894,         0.329
         0.561,         0.894,         0.329
         0.561,         0.897,         0.328
         0.568,         0.897,         0.326
         0.568,         0.899,         0.326
         0.574,         0.899,         0.324
         0.574,         0.902,         0.324
         0.574,         0.902,         0.324
         0.574,         0.904,         0.324
         0.576,         0.904,         0.323
         0.576,         0.907,         0.323
         0.584,         0.907,         0.321
         0.584,         0.909,         0.321
         0.584,         0.909,         0.321
         0.584,         0.912,         0.321
         0.598,         0.912,         0.315
         0.598,         0.917,         0.315
         0.600,         0.917,         0.314
         0.600,         0.919,         0.314
         0.602,         0.919,         0.314
         0.602,         0.922,         0.314
         0.602,         0.922,         0.314
         0.603,         0.922,         0.314
         0.606,         0.922,         0.313
         0.606,         0.924,         0.313
         0.615,         0.924,         0.310
         0.615,         0.927,         0.310
         0.623,         0.927,         0.308
         0.623,         0.929,         0.308
         0.626,         0.929,         0.307
         0.626,         0.932,         0.307
         0.641,         0.932,         0.302
         0.641,         0.935,         0.302
         0.658,         0.935,         0.297
         0.658,         0.937,         0.297
         0.662,         0.937,         0.296
         0.662,         0.940,         0.296
         0.679,         0.940,         0.290
         0.679,         0.942,         0.290
         0.684,         0.942,         0.288
         0.684,         0.945,         0.288
         0.684,         0.945,         0.288
         0.684,         0.947,         0.288
         0.697,         0.947,         0.283
         0.697,         0.947,         0.283
         0.699,         0.947,         0.283
         0.699,         0.950,         0.283
         0.704,         0.950,         0.281
         0.704,         0.952,         0.281
         0.711,         0.952,         0.279
         0.711,         0.955,         0.279
         0.719,         0.955,         0.276
         0.719,         0.955,         0.276
         0.727,         0.955,         0.274
         0.727,         0.957,         0.274
         0.747,         0.957,         0.268
         0.747,         0.960,         0.268
         0.749,         0.960,         0.267
         0.750,         0.960,         0.267
         0.767,         0.960,         0.262
         0.767,         0.962,         0.262
         0.768,         0.962,         0.261
         0.768,         0.962,         0.261
         0.772,         0.962,         0.259
         0.772,         0.965,         0.259
         0.778,         0.965,         0.258
         0.778,         0.967,         0.258
         0.818,         0.967,         0.243
         0.818,         0.967,         0.243
         0.837,         0.967,         0.235
         0.837,         0.970,         0.235
         0.845,         0.970,         0.232
         0.845,         0.972,         0.232
         0.885,         0.972,         0.214
         0.885,         0.975,         0.214
         0.888,         0.975,         0.213
         0.888,         0.977,         0.213
         0.894,         0.977,         0.210
         0.895,         0.977,         0.210
         0.910,         0.977,         0.204
         0.910,         0.980,         0.204
         0.936,         0.980,         0.189
         0.936,         0.982,         0.189
         0.939,         0.982,         0.186
         0.939,         0.985,         0.186
         0.942,         0.985,         0.184
         0.942,         0.987,         0.184
         0.951,         0.987,         0.177
         0.951,         0.990,         0.177
         0.954,         0.990,         0.175
         0.954,         0.992,         0.175
         0.966,         0.992,         0.162
         0.966,         0.995,         0.162
         0.970,         0.995,         0.156
         0.970,         0.997,         0.156
         0.976,         0.997,         0.147
         0.977,         0.997,         0.147
         0.981,         0.997,         0.142
         0.981,         1.000,         0.141
         1.000,         1.000,         0.003
