false_pos_rate,true_pos_rate,threshold
         0.000,         0.000,         1.478
         0.000,         0.003,         0.478
         0.000,         0.030,         0.326
         0.000,         0.030,         0.325
         0.000,         0.035,         0.320
         0.001,         0.035,         0.317
         0.001,         0.040,         0.316
         0.001,         0.043,         0.311
         0.001,         0.043,         0.310
         0.001,         0.045,         0.308
         0.001,         0.045,         0.307
         0.001,         0.050,         0.302
         0.001,         0.050,         0.289
         0.001,         0.058,         0.277
         0.002,         0.058,         0.273
         0.002,         0.060,         0.272
         0.002,         0.060,         0.272
         0.002,         0.063,         0.269
         0.003,         0.063,         0.261
         0.003,         0.068,         0.261
         0.003,         0.068,         0.258
         0.003,         0.071,         0.256
         0.003,         0.073,         0.255
         0.003,         0.073,         0.253
         0.004,         0.073,         0.251
         0.004,         0.073,         0.250
         0.004,         0.076,         0.245
         0.005,         0.078,         0.245
         0.005,         0.078,         0.243
         0.005,         0.081,         0.239
         0.006,         0.081,         0.233
         0.006,         0.083,         0.232
         0.007,         0.083,         0.228
         0.007,         0.086,         0.228
         0.007,         0.086,         0.227
         0.007,         0.088,         0.227
         0.008,         0.088,         0.226
         0.008,         0.088,         0.224
         0.009,         0.088,         0.222
         0.013,         0.091,         0.221
         0.013,         0.091,         0.221
         0.013,         0.093,         0.220
         0.014,         0.093,         0.219
         0.014,         0.093,         0.219
         0.015,         0.096,         0.219
         0.015,         0.098,         0.219
         0.016,         0.098,         0.216
         0.016,         0.098,         0.215
         0.018,         0.101,         0.215
         0.018,         0.101,         0.214
         0.018,         0.103,         0.214
         0.018,         0.106,         0.214
         0.019,         0.106,         0.211
         0.019,         0.108,         0.211
         0.019,         0.108,         0.207
         0.020,         0.108,         0.207
         0.020,         0.108,         0.207
         0.020,         0.108,         0.207
         0.020,         0.111,         0.206
         0.021,         0.111,         0.205
         0.021,         0.111,         0.205
         0.022,         0.111,         0.203
         0.022,         0.111,         0.203
         0.022,         0.113,         0.202
         0.023,         0.113,         0.201
         0.023,         0.113,         0.200
         0.023,         0.116,         0.200
         0.024,         0.116,         0.200
         0.024,         0.116,         0.200
         0.025,         0.116,         0.197
         0.025,         0.118,         0.196
         0.025,         0.118,         0.196
         0.025,         0.121,         0.195
         0.026,         0.121,         0.195
         0.026,         0.121,         0.195
         0.026,         0.121,         0.195
         0.027,         0.121,         0.194
         0.027,         0.121,         0.193
         0.027,         0.123,         0.193
         0.027,         0.123,         0.192
         0.027,         0.126,         0.192
         0.029,         0.126,         0.188
         0.029,         0.128,         0.187
         0.029,         0.128,         0.187
         0.030,         0.128,         0.187
         0.030,         0.131,         0.186
         0.030,         0.134,         0.186
         0.030,         0.136,         0.185
         0.031,         0.136,         0.185
         0.031,         0.136,         0.185
         0.031,         0.139,         0.185
         0.032,         0.139,         0.184
         0.032,         0.139,         0.184
         0.033,         0.139,         0.183
         0.033,         0.139,         0.183
         0.033,         0.139,         0.183
         0.034,         0.141,         0.183
         0.035,         0.141,         0.182
         0.035,         0.141,         0.181
         0.036,         0.141,         0.180
         0.037,         0.141,         0.179
         0.037,         0.144,         0.179
         0.038,         0.146,         0.179
         0.038,         0.146,         0.179
         0.038,         0.149,         0.178
         0.038,         0.149,         0.178
         0.038,         0.151,         0.177
         0.039,         0.156,         0.177
         0.039,         0.156,         0.176
         0.039,         0.159,         0.176
         0.040,         0.161,         0.176
         0.040,         0.161,         0.175
         0.040,         0.164,         0.175
         0.041,         0.164,         0.174
         0.041,         0.164,         0.174
         0.043,         0.164,         0.173
         0.044,         0.164,         0.173
         0.045,         0.164,         0.171
         0.045,         0.166,         0.171
         0.045,         0.166,         0.171
         0.045,         0.166,         0.170
         0.046,         0.166,         0.170
         0.046,         0.166,         0.169
         0.047,         0.169,         0.169
         0.047,         0.169,         0.169
         0.048,         0.176,         0.169
         0.048,         0.176,         0.168
         0.048,         0.179,         0.168
         0.049,         0.179,         0.168
         0.049,         0.179,         0.167
         0.049,         0.181,         0.167
         0.050,         0.181,         0.167
         0.051,         0.181,         0.167
         0.051,         0.186,         0.167
         0.051,         0.189,         0.166
         0.051,         0.189,         0.165
         0.051,         0.191,         0.165
         0.052,         0.191,         0.164
         0.053,         0.191,         0.164
         0.053,         0.196,         0.163
         0.053,         0.196,         0.163
         0.054,         0.196,         0.162
         0.055,         0.196,         0.161
         0.056,         0.196,         0.160
         0.056,         0.202,         0.160
         0.057,         0.202,         0.160
         0.057,         0.202,         0.158
         0.058,         0.202,         0.158
         0.059,         0.202,         0.158
         0.059,         0.202,         0.157
         0.060,         0.202,         0.157
         0.060,         0.202,         0.157
         0.064,         0.204,         0.156
         0.065,         0.204,         0.156
         0.066,         0.204,         0.155
         0.066,         0.204,         0.155
         0.067,         0.204,         0.155
         0.067,         0.204,         0.155
         0.068,         0.204,         0.154
         0.068,         0.207,         0.153
         0.069,         0.207,         0.152
         0.070,         0.207,         0.152
         0.071,         0.209,         0.152
         0.071,         0.209,         0.152
         0.071,         0.209,         0.151
         0.072,         0.209,         0.151
         0.072,         0.209,         0.151
         0.072,         0.209,         0.151
         0.073,         0.209,         0.150
         0.073,         0.209,         0.149
         0.073,         0.212,         0.149
         0.075,         0.214,         0.149
         0.076,         0.214,         0.149
         0.076,         0.219,         0.149
         0.076,         0.219,         0.148
         0.077,         0.219,         0.148
         0.078,         0.219,         0.148
         0.078,         0.219,         0.147
         0.079,         0.219,         0.147
         0.080,         0.224,         0.147
         0.080,         0.224,         0.146
         0.080,         0.227,         0.146
         0.081,         0.227,         0.146
         0.081,         0.229,         0.146
         0.082,         0.229,         0.145
         0.083,         0.229,         0.145
         0.083,         0.232,         0.145
         0.084,         0.232,         0.144
         0.084,         0.232,         0.144
         0.085,         0.232,         0.144
         0.085,         0.234,         0.144
         0.086,         0.234,         0.143
         0.086,         0.234,         0.143
         0.086,         0.234,         0.143
         0.087,         0.239,         0.143
         0.087,         0.239,         0.143
         0.087,         0.244,         0.142
         0.087,         0.244,         0.142
         0.088,         0.244,         0.141
         0.088,         0.244,         0.141
         0.089,         0.244,         0.141
         0.090,         0.244,         0.141
         0.090,         0.247,         0.141
         0.090,         0.247,         0.140
         0.091,         0.249,         0.140
         0.091,         0.249,         0.140
         0.092,         0.249,         0.139
         0.092,         0.252,         0.139
         0.093,         0.252,         0.139
         0.093,         0.254,         0.139
         0.094,         0.257,         0.139
         0.094,         0.257,         0.138
         0.095,         0.257,         0.138
         0.095,         0.257,         0.138
         0.095,         0.257,         0.138
         0.096,         0.257,         0.137
         0.096,         0.257,         0.137
         0.097,         0.257,         0.137
         0.097,         0.259,         0.136
         0.097,         0.259,         0.136
         0.098,         0.259,         0.136
         0.099,         0.259,         0.136
         0.099,         0.259,         0.136
         0.099,         0.259,         0.136
         0.100,         0.259,         0.135
         0.100,         0.259,         0.135
         0.101,         0.264,         0.135
         0.101,         0.267,         0.135
         0.102,         0.267,         0.134
         0.103,         0.267,         0.134
         0.103,         0.267,         0.134
         0.103,         0.270,         0.134
         0.103,         0.270,         0.134
         0.103,         0.275,         0.133
         0.104,         0.277,         0.133
         0.105,         0.277,         0.133
         0.105,         0.277,         0.133
         0.106,         0.280,         0.132
         0.106,         0.282,         0.131
         0.106,         0.285,         0.131
         0.107,         0.285,         0.131
         0.108,         0.285,         0.131
         0.110,         0.295,         0.131
         0.110,         0.295,         0.131
         0.111,         0.295,         0.130
         0.111,         0.295,         0.129
         0.112,         0.295,         0.129
         0.112,         0.295,         0.129
         0.113,         0.297,         0.129
         0.113,         0.297,         0.129
         0.114,         0.297,         0.129
         0.115,         0.297,         0.129
         0.115,         0.297,         0.128
         0.117,         0.297,         0.128
         0.117,         0.297,         0.128
         0.117,         0.297,         0.128
         0.120,         0.297,         0.127
         0.120,         0.297,         0.127
         0.120,         0.300,         0.127
         0.121,         0.302,         0.127
         0.121,         0.302,         0.126
         0.122,         0.305,         0.126
         0.122,         0.307,         0.126
         0.122,         0.307,         0.126
         0.123,         0.307,         0.126
         0.123,         0.307,         0.126
         0.124,         0.307,         0.125
         0.126,         0.315,         0.125
         0.126,         0.315,         0.125
         0.126,         0.315,         0.124
         0.126,         0.315,         0.124
         0.127,         0.315,         0.124
         0.127,         0.315,         0.124
         0.129,         0.315,         0.124
         0.129,         0.315,         0.123
         0.130,         0.315,         0.123
         0.131,         0.315,         0.122
         0.131,         0.317,         0.122
         0.132,         0.317,         0.122
         0.132,         0.322,         0.122
         0.132,         0.322,         0.122
         0.133,         0.327,         0.122
         0.133,         0.327,         0.121
         0.133,         0.330,         0.121
         0.134,         0.330,         0.120
         0.134,         0.330,         0.120
         0.135,         0.332,         0.120
         0.136,         0.332,         0.119
         0.136,         0.332,         0.119
         0.138,         0.332,         0.119
         0.139,         0.335,         0.119
         0.140,         0.335,         0.119
         0.140,         0.335,         0.119
         0.141,         0.335,         0.119
         0.141,         0.335,         0.119
         0.141,         0.335,         0.118
         0.141,         0.338,         0.118
         0.142,         0.338,         0.117
         0.142,         0.338,         0.117
         0.143,         0.338,         0.117
         0.144,         0.338,         0.117
         0.144,         0.338,         0.117
         0.145,         0.338,         0.117
         0.145,         0.338,         0.117
         0.146,         0.338,         0.117
         0.147,         0.338,         0.117
         0.148,         0.340,         0.117
         0.148,         0.340,         0.116
         0.149,         0.340,         0.116
         0.150,         0.340,         0.116
         0.150,         0.340,         0.115
         0.151,         0.343,         0.115
         0.152,         0.343,         0.115
         0.152,         0.343,         0.115
         0.153,         0.343,         0.115
         0.154,         0.348,         0.115
         0.154,         0.348,         0.114
         0.155,         0.353,         0.114
         0.155,         0.353,         0.114
         0.162,         0.360,         0.113
         0.163,         0.360,         0.113
         0.164,         0.360,         0.113
         0.165,         0.360,         0.113
         0.166,         0.360,         0.112
         0.167,         0.363,         0.112
         0.167,         0.363,         0.112
         0.168,         0.365,         0.112
         0.168,         0.368,         0.111
         0.169,         0.368,         0.111
         0.170,         0.368,         0.110
         0.172,         0.368,         0.110
         0.172,         0.370,         0.110
         0.173,         0.370,         0.110
         0.175,         0.375,         0.110
         0.176,         0.375,         0.110
         0.176,         0.375,         0.109
         0.177,         0.378,         0.109
         0.178,         0.378,         0.109
         0.178,         0.378,         0.109
         0.179,         0.378,         0.109
         0.179,         0.378,         0.108
         0.179,         0.378,         0.108
         0.180,         0.383,         0.108
         0.181,         0.385,         0.108
         0.182,         0.385,         0.108
         0.184,         0.388,         0.108
         0.186,         0.388,         0.107
         0.187,         0.388,         0.107
         0.187,         0.388,         0.107
         0.188,         0.390,         0.107
         0.189,         0.390,         0.107
         0.190,         0.390,         0.106
         0.190,         0.390,         0.106
         0.192,         0.390,         0.106
         0.192,         0.390,         0.105
         0.193,         0.390,         0.105
         0.194,         0.390,         0.105
         0.194,         0.393,         0.105
         0.195,         0.393,         0.104
         0.195,         0.393,         0.104
         0.196,         0.398,         0.104
         0.197,         0.398,         0.104
         0.199,         0.401,         0.103
         0.200,         0.401,         0.103
         0.201,         0.406,         0.103
         0.202,         0.406,         0.103
         0.202,         0.406,         0.103
         0.203,         0.408,         0.102
         0.204,         0.408,         0.102
         0.204,         0.408,         0.102
         0.205,         0.408,         0.102
         0.208,         0.408,         0.101
         0.208,         0.408,         0.101
         0.209,         0.413,         0.101
         0.210,         0.416,         0.101
         0.210,         0.416,         0.100
         0.210,         0.416,         0.100
         0.211,         0.418,         0.100
         0.211,         0.423,         0.100
         0.213,         0.423,         0.099
         0.213,         0.423,         0.099
         0.214,         0.426,         0.099
         0.215,         0.428,         0.099
         0.215,         0.428,         0.099
         0.215,         0.431,         0.099
         0.217,         0.433,         0.099
         0.217,         0.433,         0.099
         0.219,         0.433,         0.098
         0.219,         0.433,         0.098
         0.219,         0.433,         0.098
         0.220,         0.433,         0.097
         0.221,         0.433,         0.097
         0.221,         0.433,         0.097
         0.222,         0.436,         0.097
         0.223,         0.436,         0.097
         0.224,         0.436,         0.097
         0.226,         0.436,         0.096
         0.226,         0.436,         0.096
         0.226,         0.436,         0.096
         0.227,         0.441,         0.096
         0.227,         0.441,         0.096
         0.229,         0.443,         0.095
         0.229,         0.443,         0.095
         0.230,         0.443,         0.095
         0.231,         0.446,         0.095
         0.232,         0.446,         0.095
         0.234,         0.446,         0.095
         0.234,         0.448,         0.094
         0.236,         0.448,         0.094
         0.236,         0.448,         0.094
         0.237,         0.448,         0.093
         0.238,         0.448,         0.093
         0.242,         0.453,         0.093
         0.242,         0.453,         0.093
         0.243,         0.453,         0.093
         0.243,         0.453,         0.092
         0.244,         0.458,         0.092
         0.246,         0.458,         0.092
         0.248,         0.458,         0.092
         0.249,         0.458,         0.092
         0.249,         0.458,         0.091
         0.250,         0.458,         0.091
         0.251,         0.458,         0.091
         0.251,         0.458,         0.091
         0.251,         0.463,         0.091
         0.253,         0.469,         0.091
         0.253,         0.469,         0.091
         0.255,         0.469,         0.090
         0.257,         0.469,         0.090
         0.258,         0.469,         0.090
         0.259,         0.471,         0.090
         0.263,         0.471,         0.089
         0.263,         0.471,         0.089
         0.265,         0.471,         0.089
         0.266,         0.474,         0.089
         0.269,         0.476,         0.089
         0.269,         0.476,         0.088
         0.270,         0.476,         0.088
         0.270,         0.476,         0.088
         0.270,         0.476,         0.088
         0.272,         0.476,         0.088
         0.272,         0.476,         0.088
         0.273,         0.476,         0.088
         0.274,         0.481,         0.088
         0.276,         0.481,         0.087
         0.276,         0.481,         0.087
         0.278,         0.481,         0.087
         0.280,         0.484,         0.086
         0.281,         0.484,         0.086
         0.282,         0.484,         0.086
         0.284,         0.484,         0.086
         0.285,         0.484,         0.086
         0.286,         0.489,         0.086
         0.288,         0.491,         0.085
         0.289,         0.494,         0.085
         0.289,         0.494,         0.085
         0.289,         0.494,         0.085
         0.291,         0.494,         0.085
         0.291,         0.494,         0.084
         0.292,         0.494,         0.084
         0.292,         0.494,         0.084
         0.294,         0.499,         0.084
         0.294,         0.499,         0.084
         0.298,         0.511,         0.084
         0.301,         0.511,         0.083
         0.302,         0.511,         0.083
         0.302,         0.511,         0.083
         0.303,         0.514,         0.083
         0.304,         0.514,         0.083
         0.304,         0.516,         0.083
         0.304,         0.516,         0.083
         0.306,         0.516,         0.082
         0.306,         0.516,         0.082
         0.307,         0.519,         0.082
         0.307,         0.519,         0.081
         0.308,         0.521,         0.081
         0.309,         0.521,         0.081
         0.310,         0.521,         0.081
         0.311,         0.521,         0.081
         0.311,         0.521,         0.081
         0.312,         0.521,         0.081
         0.313,         0.526,         0.080
         0.319,         0.537,         0.080
         0.319,         0.539,         0.080
         0.320,         0.539,         0.080
         0.322,         0.539,         0.080
         0.322,         0.539,         0.079
         0.324,         0.539,         0.079
         0.324,         0.542,         0.079
         0.325,         0.542,         0.079
         0.325,         0.542,         0.079
         0.326,         0.542,         0.079
         0.326,         0.542,         0.079
         0.329,         0.542,         0.078
         0.329,         0.542,         0.078
         0.330,         0.542,         0.078
         0.333,         0.542,         0.078
         0.334,         0.542,         0.077
         0.335,         0.542,         0.077
         0.337,         0.542,         0.077
         0.337,         0.542,         0.077
         0.339,         0.544,         0.077
         0.339,         0.544,         0.077
         0.339,         0.544,         0.076
         0.340,         0.544,         0.076
         0.341,         0.547,         0.076
         0.342,         0.547,         0.076
         0.344,         0.547,         0.076
         0.344,         0.547,         0.075
         0.345,         0.547,         0.075
         0.346,         0.547,         0.075
         0.347,         0.547,         0.075
         0.347,         0.547,         0.075
         0.349,         0.549,         0.075
         0.350,         0.549,         0.074
         0.351,         0.552,         0.074
         0.353,         0.552,         0.074
         0.354,         0.552,         0.074
         0.356,         0.554,         0.074
         0.356,         0.554,         0.074
         0.357,         0.554,         0.073
         0.358,         0.554,         0.073
         0.359,         0.554,         0.073
         0.359,         0.554,         0.072
         0.361,         0.557,         0.072
         0.362,         0.557,         0.072
         0.363,         0.562,         0.072
         0.364,         0.562,         0.072
         0.364,         0.562,         0.072
         0.365,         0.564,         0.072
         0.366,         0.564,         0.072
         0.368,         0.567,         0.072
         0.369,         0.567,         0.071
         0.369,         0.567,         0.071
         0.371,         0.569,         0.071
         0.372,         0.569,         0.071
         0.373,         0.569,         0.070
         0.373,         0.569,         0.070
         0.374,         0.569,         0.070
         0.376,         0.572,         0.070
         0.378,         0.572,         0.070
         0.379,         0.572,         0.070
         0.380,         0.572,         0.070
         0.380,         0.572,         0.069
         0.381,         0.574,         0.069
         0.382,         0.574,         0.069
         0.385,         0.577,         0.069
         0.385,         0.577,         0.069
         0.386,         0.577,         0.068
         0.386,         0.577,         0.068
         0.387,         0.577,         0.068
         0.387,         0.577,         0.068
         0.388,         0.577,         0.068
         0.389,         0.577,         0.068
         0.389,         0.577,         0.068
         0.390,         0.577,         0.068
         0.390,         0.579,         0.068
         0.392,         0.584,         0.067
         0.393,         0.584,         0.067
         0.393,         0.584,         0.067
         0.395,         0.584,         0.067
         0.395,         0.584,         0.067
         0.396,         0.584,         0.066
         0.396,         0.584,         0.066
         0.397,         0.584,         0.066
         0.398,         0.584,         0.066
         0.400,         0.592,         0.066
         0.403,         0.597,         0.065
         0.404,         0.599,         0.065
         0.404,         0.599,         0.065
         0.405,         0.599,         0.065
         0.405,         0.602,         0.065
         0.406,         0.602,         0.064
         0.406,         0.605,         0.064
         0.407,         0.605,         0.064
         0.408,         0.605,         0.064
         0.409,         0.605,         0.064
         0.410,         0.607,         0.063
         0.413,         0.615,         0.063
         0.414,         0.620,         0.063
         0.416,         0.620,         0.063
         0.416,         0.620,         0.063
         0.418,         0.622,         0.063
         0.419,         0.622,         0.062
         0.419,         0.622,         0.062
         0.421,         0.625,         0.062
         0.422,         0.625,         0.062
         0.422,         0.625,         0.062
         0.423,         0.630,         0.061
         0.424,         0.630,         0.061
         0.424,         0.630,         0.061
         0.425,         0.630,         0.061
         0.425,         0.630,         0.061
         0.427,         0.630,         0.061
         0.428,         0.630,         0.061
         0.429,         0.630,         0.061
         0.429,         0.630,         0.061
         0.430,         0.630,         0.060
         0.431,         0.630,         0.060
         0.431,         0.630,         0.060
         0.434,         0.642,         0.060
         0.435,         0.642,         0.059
         0.437,         0.650,         0.059
         0.438,         0.650,         0.059
         0.439,         0.655,         0.059
         0.441,         0.655,         0.059
         0.444,         0.655,         0.059
         0.444,         0.655,         0.059
         0.445,         0.655,         0.058
         0.445,         0.655,         0.058
         0.446,         0.655,         0.058
         0.446,         0.655,         0.058
         0.448,         0.655,         0.058
         0.448,         0.655,         0.058
         0.449,         0.655,         0.058
         0.450,         0.655,         0.057
         0.450,         0.655,         0.057
         0.450,         0.655,         0.057
         0.450,         0.655,         0.057
         0.452,         0.655,         0.057
         0.453,         0.655,         0.057
         0.454,         0.655,         0.056
         0.454,         0.655,         0.056
         0.456,         0.657,         0.056
         0.457,         0.660,         0.056
         0.458,         0.660,         0.056
         0.458,         0.660,         0.056
         0.460,         0.660,         0.056
         0.460,         0.660,         0.055
         0.462,         0.668,         0.055
         0.464,         0.668,         0.055
         0.465,         0.668,         0.055
         0.467,         0.668,         0.054
         0.468,         0.668,         0.054
         0.471,         0.673,         0.054
         0.471,         0.678,         0.054
         0.472,         0.678,         0.053
         0.474,         0.683,         0.053
         0.475,         0.683,         0.053
         0.476,         0.683,         0.053
         0.476,         0.683,         0.053
         0.477,         0.683,         0.053
         0.477,         0.683,         0.052
         0.480,         0.683,         0.052
         0.481,         0.683,         0.052
         0.483,         0.683,         0.052
         0.483,         0.683,         0.051
         0.484,         0.683,         0.051
         0.484,         0.683,         0.051
         0.485,         0.685,         0.051
         0.485,         0.685,         0.051
         0.486,         0.693,         0.051
         0.487,         0.695,         0.051
         0.490,         0.698,         0.051
         0.490,         0.698,         0.050
         0.490,         0.698,         0.050
         0.491,         0.698,         0.050
         0.492,         0.698,         0.050
         0.492,         0.698,         0.050
         0.494,         0.698,         0.050
         0.494,         0.698,         0.049
         0.495,         0.698,         0.049
         0.495,         0.698,         0.049
         0.495,         0.700,         0.049
         0.496,         0.700,         0.049
         0.497,         0.700,         0.049
         0.498,         0.700,         0.049
         0.500,         0.700,         0.049
         0.501,         0.705,         0.048
         0.502,         0.705,         0.048
         0.502,         0.705,         0.048
         0.506,         0.713,         0.048
         0.507,         0.713,         0.047
         0.509,         0.713,         0.047
         0.509,         0.713,         0.047
         0.510,         0.713,         0.046
         0.512,         0.715,         0.046
         0.513,         0.715,         0.046
         0.514,         0.715,         0.046
         0.515,         0.718,         0.046
         0.517,         0.720,         0.045
         0.517,         0.720,         0.045
         0.519,         0.720,         0.045
         0.520,         0.720,         0.045
         0.521,         0.723,         0.045
         0.522,         0.723,         0.045
         0.523,         0.723,         0.045
         0.524,         0.723,         0.044
         0.527,         0.723,         0.044
         0.527,         0.723,         0.044
         0.529,         0.723,         0.043
         0.529,         0.723,         0.043
         0.530,         0.723,         0.043
         0.530,         0.723,         0.043
         0.530,         0.723,         0.043
         0.530,         0.723,         0.043
         0.532,         0.725,         0.043
         0.533,         0.725,         0.043
         0.536,         0.728,         0.042
         0.538,         0.728,         0.042
         0.538,         0.728,         0.042
         0.540,         0.728,         0.041
         0.540,         0.728,         0.041
         0.541,         0.728,         0.041
         0.542,         0.728,         0.041
         0.543,         0.728,         0.041
         0.546,         0.730,         0.041
         0.548,         0.730,         0.041
         0.548,         0.730,         0.040
         0.550,         0.730,         0.040
         0.550,         0.730,         0.040
         0.551,         0.730,         0.040
         0.551,         0.730,         0.040
         0.552,         0.733,         0.040
         0.553,         0.733,         0.040
         0.554,         0.733,         0.040
         0.554,         0.733,         0.040
         0.557,         0.733,         0.039
         0.558,         0.733,         0.039
         0.559,         0.733,         0.039
         0.560,         0.736,         0.038
         0.560,         0.736,         0.038
         0.564,         0.738,         0.038
         0.565,         0.741,         0.038
         0.568,         0.743,         0.038
         0.568,         0.743,         0.038
         0.570,         0.743,         0.037
         0.571,         0.743,         0.037
         0.572,         0.743,         0.036
         0.572,         0.743,         0.036
         0.574,         0.743,         0.036
         0.575,         0.748,         0.036
         0.576,         0.748,         0.036
         0.577,         0.748,         0.036
         0.580,         0.748,         0.036
         0.584,         0.758,         0.036
         0.585,         0.758,         0.035
         0.585,         0.758,         0.035
         0.586,         0.758,         0.035
         0.587,         0.758,         0.035
         0.588,         0.758,         0.034
         0.588,         0.758,         0.034
         0.590,         0.758,         0.034
         0.592,         0.758,         0.034
         0.595,         0.758,         0.034
         0.595,         0.758,         0.034
         0.596,         0.758,         0.034
         0.599,         0.758,         0.034
         0.601,         0.766,         0.034
         0.601,         0.766,         0.033
         0.601,         0.766,         0.033
         0.602,         0.771,         0.033
         0.604,         0.771,         0.032
         0.604,         0.771,         0.032
         0.606,         0.771,         0.032
         0.606,         0.771,         0.032
         0.607,         0.773,         0.032
         0.609,         0.773,         0.032
         0.610,         0.773,         0.032
         0.611,         0.773,         0.032
         0.612,         0.773,         0.031
         0.615,         0.778,         0.031
         0.615,         0.778,         0.031
         0.618,         0.778,         0.031
         0.618,         0.778,         0.030
         0.626,         0.783,         0.030
         0.626,         0.783,         0.030
         0.629,         0.783,         0.030
         0.630,         0.783,         0.029
         0.633,         0.783,         0.029
         0.633,         0.783,         0.029
         0.634,         0.783,         0.029
         0.635,         0.783,         0.028
         0.636,         0.783,         0.028
         0.637,         0.783,         0.028
         0.639,         0.783,         0.028
         0.641,         0.783,         0.027
         0.644,         0.783,         0.027
         0.644,         0.783,         0.027
         0.645,         0.791,         0.027
         0.648,         0.791,         0.027
         0.648,         0.791,         0.026
         0.649,         0.791,         0.026
         0.649,         0.791,         0.026
         0.651,         0.791,         0.026
         0.651,         0.791,         0.026
         0.655,         0.801,         0.025
         0.656,         0.801,         0.025
         0.658,         0.801,         0.025
         0.661,         0.801,         0.024
         0.662,         0.801,         0.024
         0.664,         0.804,         0.024
         0.667,         0.816,         0.024
         0.668,         0.816,         0.023
         0.670,         0.816,         0.023
         0.671,         0.816,         0.023
         0.673,         0.819,         0.023
         0.673,         0.819,         0.022
         0.674,         0.819,         0.022
         0.676,         0.819,         0.022
         0.677,         0.819,         0.022
         0.677,         0.819,         0.022
         0.679,         0.821,         0.021
         0.684,         0.826,         0.021
         0.686,         0.829,         0.021
         0.689,         0.829,         0.021
         0.689,         0.829,         0.021
         0.690,         0.839,         0.021
         0.691,         0.841,         0.020
         0.691,         0.841,         0.020
         0.693,         0.841,         0.020
         0.694,         0.841,         0.020
         0.696,         0.846,         0.019
         0.698,         0.849,         0.019
         0.699,         0.849,         0.019
         0.701,         0.849,         0.019
         0.702,         0.849,         0.018
         0.703,         0.849,         0.018
         0.709,         0.851,         0.018
         0.709,         0.851,         0.018
         0.712,         0.856,         0.017
         0.716,         0.856,         0.017
         0.716,         0.856,         0.017
         0.720,         0.866,         0.017
         0.720,         0.866,         0.017
         0.724,         0.869,         0.016
         0.726,         0.869,         0.016
         0.729,         0.869,         0.016
         0.731,         0.869,         0.015
         0.734,         0.874,         0.015
         0.734,         0.874,         0.015
         0.736,         0.874,         0.015
         0.738,         0.877,         0.015
         0.739,         0.877,         0.014
         0.740,         0.877,         0.014
         0.744,         0.889,         0.014
         0.749,         0.889,         0.013
         0.749,         0.889,         0.013
         0.751,         0.889,         0.013
         0.751,         0.889,         0.013
         0.757,         0.904,         0.013
         0.759,         0.904,         0.013
         0.759,         0.904,         0.012
         0.760,         0.904,         0.012
         0.761,         0.904,         0.012
         0.766,         0.914,         0.012
         0.767,         0.914,         0.012
         0.767,         0.914,         0.012
         0.770,         0.914,         0.011
         0.771,         0.914,         0.011
         0.771,         0.914,         0.011
         0.772,         0.914,         0.011
         0.774,         0.914,         0.011
         0.777,         0.914,         0.011
         0.780,         0.919,         0.010
         0.783,         0.919,         0.010
         0.784,         0.919,         0.010
         0.786,         0.922,         0.010
         0.788,         0.922,         0.009
         0.792,         0.922,         0.009
         0.792,         0.922,         0.009
         0.795,         0.922,         0.009
         0.796,         0.922,         0.009
         0.801,         0.929,         0.008
         0.802,         0.929,         0.008
         0.804,         0.932,         0.008
         0.805,         0.932,         0.008
         0.807,         0.932,         0.008
         0.807,         0.932,         0.008
         0.807,         0.932,         0.008
         0.808,         0.935,         0.008
         0.809,         0.935,         0.007
         0.810,         0.935,         0.007
         0.812,         0.937,         0.007
         0.815,         0.937,         0.007
         0.816,         0.937,         0.006
         0.818,         0.937,         0.006
         0.833,         0.952,         0.006
         0.834,         0.952,         0.006
         0.835,         0.952,         0.006
         0.837,         0.952,         0.005
         0.838,         0.955,         0.005
         0.840,         0.955,         0.005
         0.840,         0.955,         0.005
         0.842,         0.955,         0.005
         0.842,         0.955,         0.005
         0.844,         0.955,         0.005
         0.856,         0.957,         0.004
         0.858,         0.957,         0.004
         0.860,         0.957,         0.004
         0.865,         0.962,         0.003
         0.866,         0.962,         0.003
         0.870,         0.962,         0.003
         0.870,         0.962,         0.003
         0.873,         0.962,         0.003
         0.877,         0.962,         0.002
         0.879,         0.962,         0.002
         0.883,         0.962,         0.002
         0.884,         0.962,         0.002
         0.886,         0.962,         0.002
         0.887,         0.962,         0.002
         0.888,         0.962,         0.001
         1.000,         1.000,         0.000
