false_pos_rate,true_pos_rate,threshold
         0.000,         0.000,         1.240
         0.000,         0.003,         0.240
         0.000,         0.003,         0.230
         0.000,         0.008,         0.227
         0.001,         0.008,         0.207
         0.001,         0.010,         0.206
         0.002,         0.010,         0.205
         0.002,         0.013,         0.204
         0.002,         0.013,         0.195
         0.002,         0.015,         0.195
         0.003,         0.015,         0.190
         0.003,         0.018,         0.190
         0.003,         0.018,         0.190
         0.003,         0.021,         0.190
         0.003,         0.021,         0.189
         0.004,         0.021,         0.188
         0.006,         0.021,         0.182
         0.006,         0.023,         0.182
         0.006,         0.023,         0.182
         0.006,         0.026,         0.181
         0.006,         0.026,         0.181
         0.006,         0.028,         0.180
         0.008,         0.028,         0.172
         0.008,         0.031,         0.171
         0.009,         0.031,         0.168
         0.009,         0.033,         0.166
         0.010,         0.033,         0.165
         0.010,         0.036,         0.164
         0.010,         0.036,         0.163
         0.010,         0.038,         0.163
         0.011,         0.038,         0.161
         0.011,         0.041,         0.160
         0.012,         0.041,         0.156
         0.012,         0.044,         0.156
         0.012,         0.044,         0.156
         0.012,         0.046,         0.155
         0.013,         0.046,         0.153
         0.013,         0.051,         0.152
         0.014,         0.051,         0.149
         0.014,         0.056,         0.149
         0.015,         0.056,         0.148
         0.015,         0.059,         0.147
         0.015,         0.059,         0.147
         0.015,         0.064,         0.146
         0.015,         0.064,         0.145
         0.016,         0.064,         0.145
         0.016,         0.064,         0.144
         0.016,         0.067,         0.144
         0.017,         0.067,         0.143
         0.017,         0.072,         0.143
         0.017,         0.072,         0.143
         0.018,         0.077,         0.142
         0.018,         0.077,         0.140
         0.018,         0.079,         0.140
         0.019,         0.079,         0.139
         0.019,         0.082,         0.139
         0.020,         0.082,         0.137
         0.020,         0.087,         0.137
         0.022,         0.087,         0.134
         0.022,         0.092,         0.133
         0.023,         0.092,         0.131
         0.023,         0.095,         0.131
         0.024,         0.095,         0.131
         0.025,         0.095,         0.128
         0.026,         0.095,         0.128
         0.027,         0.095,         0.127
         0.027,         0.097,         0.127
         0.027,         0.097,         0.127
         0.027,         0.100,         0.127
         0.027,         0.100,         0.127
         0.028,         0.100,         0.127
         0.028,         0.103,         0.127
         0.028,         0.103,         0.127
         0.028,         0.105,         0.126
         0.031,         0.105,         0.124
         0.031,         0.108,         0.124
         0.032,         0.108,         0.123
         0.032,         0.110,         0.123
         0.033,         0.110,         0.122
         0.033,         0.113,         0.122
         0.033,         0.113,         0.122
         0.034,         0.113,         0.122
         0.034,         0.115,         0.122
         0.035,         0.115,         0.121
         0.035,         0.118,         0.120
         0.035,         0.118,         0.120
         0.035,         0.123,         0.120
         0.036,         0.123,         0.120
         0.036,         0.123,         0.120
         0.036,         0.128,         0.120
         0.037,         0.128,         0.118
         0.037,         0.133,         0.118
         0.037,         0.133,         0.118
         0.037,         0.136,         0.117
         0.038,         0.136,         0.117
         0.038,         0.144,         0.117
         0.039,         0.144,         0.116
         0.039,         0.149,         0.115
         0.039,         0.149,         0.115
         0.040,         0.149,         0.115
         0.040,         0.151,         0.115
         0.040,         0.151,         0.114
         0.042,         0.151,         0.114
         0.042,         0.154,         0.114
         0.043,         0.154,         0.113
         0.043,         0.154,         0.112
         0.044,         0.154,         0.112
         0.044,         0.154,         0.112
         0.044,         0.154,         0.112
         0.044,         0.156,         0.112
         0.046,         0.156,         0.110
         0.047,         0.156,         0.110
         0.049,         0.156,         0.109
         0.049,         0.159,         0.108
         0.049,         0.159,         0.108
         0.049,         0.162,         0.108
         0.050,         0.162,         0.107
         0.050,         0.164,         0.107
         0.050,         0.164,         0.107
         0.050,         0.167,         0.107
         0.050,         0.167,         0.106
         0.050,         0.169,         0.106
         0.050,         0.169,         0.106
         0.050,         0.172,         0.106
         0.050,         0.172,         0.106
         0.050,         0.177,         0.106
         0.052,         0.177,         0.105
         0.052,         0.179,         0.104
         0.053,         0.179,         0.104
         0.053,         0.182,         0.104
         0.053,         0.187,         0.104
         0.053,         0.187,         0.103
         0.053,         0.190,         0.103
         0.054,         0.190,         0.103
         0.054,         0.195,         0.102
         0.055,         0.195,         0.101
         0.055,         0.197,         0.101
         0.057,         0.197,         0.100
         0.057,         0.203,         0.100
         0.057,         0.203,         0.099
         0.058,         0.203,         0.099
         0.060,         0.203,         0.097
         0.060,         0.205,         0.097
         0.060,         0.205,         0.097
         0.060,         0.208,         0.097
         0.061,         0.208,         0.097
         0.061,         0.208,         0.097
         0.062,         0.208,         0.096
         0.062,         0.213,         0.096
         0.064,         0.213,         0.095
         0.064,         0.215,         0.095
         0.064,         0.215,         0.094
         0.064,         0.221,         0.094
         0.069,         0.221,         0.092
         0.069,         0.223,         0.092
         0.069,         0.223,         0.091
         0.069,         0.226,         0.091
         0.070,         0.226,         0.090
         0.070,         0.228,         0.090
         0.071,         0.228,         0.090
         0.073,         0.236,         0.090
         0.074,         0.236,         0.090
         0.074,         0.238,         0.089
         0.074,         0.238,         0.089
         0.074,         0.241,         0.089
         0.075,         0.241,         0.089
         0.076,         0.241,         0.089
         0.076,         0.241,         0.088
         0.076,         0.244,         0.088
         0.077,         0.244,         0.088
         0.077,         0.249,         0.088
         0.079,         0.249,         0.086
         0.079,         0.251,         0.086
         0.079,         0.251,         0.086
         0.079,         0.254,         0.086
         0.079,         0.259,         0.086
         0.080,         0.259,         0.086
         0.080,         0.262,         0.086
         0.082,         0.262,         0.085
         0.082,         0.267,         0.085
         0.084,         0.267,         0.084
         0.084,         0.269,         0.084
         0.084,         0.269,         0.084
         0.084,         0.272,         0.084
         0.086,         0.272,         0.083
         0.086,         0.274,         0.083
         0.086,         0.274,         0.083
         0.086,         0.277,         0.082
         0.087,         0.277,         0.081
         0.087,         0.279,         0.081
         0.088,         0.279,         0.081
         0.088,         0.282,         0.081
         0.091,         0.282,         0.078
         0.091,         0.285,         0.078
         0.097,         0.285,         0.075
         0.097,         0.287,         0.075
         0.098,         0.287,         0.073
         0.098,         0.290,         0.073
         0.099,         0.290,         0.073
         0.099,         0.292,         0.073
         0.102,         0.292,         0.072
         0.102,         0.295,         0.072
         0.102,         0.295,         0.071
         0.102,         0.297,         0.071
         0.103,         0.297,         0.071
         0.103,         0.297,         0.071
         0.104,         0.297,         0.070
         0.104,         0.300,         0.070
         0.104,         0.300,         0.070
         0.104,         0.303,         0.070
         0.105,         0.303,         0.070
         0.106,         0.305,         0.069
         0.106,         0.305,         0.069
         0.106,         0.308,         0.069
         0.108,         0.308,         0.068
         0.108,         0.310,         0.068
         0.109,         0.310,         0.068
         0.109,         0.313,         0.068
         0.112,         0.313,         0.066
         0.112,         0.315,         0.065
         0.113,         0.315,         0.065
         0.113,         0.318,         0.065
         0.115,         0.318,         0.064
         0.115,         0.323,         0.064
         0.116,         0.323,         0.064
         0.116,         0.326,         0.064
         0.117,         0.326,         0.063
         0.117,         0.328,         0.063
         0.118,         0.328,         0.063
         0.118,         0.333,         0.062
         0.120,         0.333,         0.062
         0.120,         0.336,         0.061
         0.121,         0.336,         0.061
         0.121,         0.341,         0.061
         0.123,         0.341,         0.060
         0.123,         0.344,         0.060
         0.124,         0.344,         0.059
         0.124,         0.346,         0.059
         0.125,         0.346,         0.059
         0.125,         0.346,         0.059
         0.126,         0.346,         0.059
         0.127,         0.346,         0.059
         0.130,         0.346,         0.056
         0.130,         0.349,         0.056
         0.131,         0.349,         0.056
         0.133,         0.349,         0.055
         0.133,         0.351,         0.055
         0.135,         0.351,         0.054
         0.135,         0.354,         0.054
         0.138,         0.354,         0.052
         0.138,         0.356,         0.052
         0.138,         0.356,         0.052
         0.138,         0.359,         0.052
         0.139,         0.359,         0.052
         0.139,         0.364,         0.052
         0.140,         0.364,         0.052
         0.140,         0.367,         0.051
         0.141,         0.367,         0.051
         0.141,         0.369,         0.051
         0.142,         0.369,         0.050
         0.142,         0.372,         0.050
         0.143,         0.372,         0.050
         0.144,         0.372,         0.050
         0.145,         0.372,         0.049
         0.145,         0.374,         0.049
         0.146,         0.374,         0.049
         0.146,         0.377,         0.049
         0.147,         0.377,         0.048
         0.147,         0.379,         0.048
         0.149,         0.379,         0.048
         0.149,         0.382,         0.048
         0.150,         0.382,         0.047
         0.150,         0.385,         0.047
         0.150,         0.385,         0.047
         0.150,         0.387,         0.047
         0.152,         0.387,         0.046
         0.152,         0.390,         0.046
         0.152,         0.390,         0.046
         0.152,         0.392,         0.046
         0.153,         0.392,         0.046
         0.153,         0.395,         0.046
         0.155,         0.395,         0.045
         0.157,         0.395,         0.045
         0.161,         0.395,         0.043
         0.161,         0.397,         0.043
         0.162,         0.397,         0.043
         0.162,         0.400,         0.043
         0.163,         0.400,         0.042
         0.163,         0.403,         0.042
         0.163,         0.403,         0.042
         0.163,         0.405,         0.042
         0.164,         0.405,         0.042
         0.164,         0.405,         0.042
         0.165,         0.405,         0.041
         0.165,         0.408,         0.041
         0.166,         0.408,         0.041
         0.166,         0.410,         0.041
         0.173,         0.410,         0.037
         0.173,         0.413,         0.037
         0.175,         0.413,         0.036
         0.175,         0.418,         0.036
         0.176,         0.418,         0.036
         0.176,         0.421,         0.036
         0.176,         0.421,         0.036
         0.176,         0.426,         0.036
         0.177,         0.426,         0.035
         0.177,         0.428,         0.035
         0.178,         0.428,         0.035
         0.178,         0.431,         0.034
         0.179,         0.431,         0.034
         0.179,         0.433,         0.034
         0.179,         0.433,         0.034
         0.179,         0.436,         0.034
         0.180,         0.436,         0.034
         0.180,         0.438,         0.034
         0.180,         0.438,         0.034
         0.180,         0.441,         0.034
         0.181,         0.441,         0.034
         0.181,         0.444,         0.034
         0.183,         0.444,         0.033
         0.184,         0.444,         0.033
         0.185,         0.444,         0.032
         0.185,         0.446,         0.032
         0.191,         0.446,         0.030
         0.191,         0.449,         0.030
         0.193,         0.449,         0.029
         0.193,         0.451,         0.029
         0.193,         0.451,         0.029
         0.193,         0.454,         0.028
         0.195,         0.454,         0.028
         0.195,         0.454,         0.028
         0.197,         0.454,         0.027
         0.197,         0.459,         0.027
         0.197,         0.459,         0.027
         0.197,         0.462,         0.027
         0.198,         0.462,         0.027
         0.198,         0.464,         0.027
         0.198,         0.464,         0.027
         0.198,         0.467,         0.026
         0.200,         0.467,         0.026
         0.200,         0.472,         0.026
         0.209,         0.472,         0.023
         0.209,         0.472,         0.023
         0.210,         0.472,         0.022
         0.210,         0.474,         0.022
         0.213,         0.474,         0.021
         0.213,         0.474,         0.021
         0.213,         0.474,         0.021
         0.213,         0.477,         0.021
         0.214,         0.477,         0.021
         0.214,         0.479,         0.021
         0.217,         0.479,         0.020
         0.217,         0.482,         0.020
         0.218,         0.482,         0.020
         0.218,         0.485,         0.019
         0.221,         0.485,         0.018
         0.221,         0.487,         0.018
         0.221,         0.487,         0.018
         0.221,         0.492,         0.018
         0.223,         0.492,         0.017
         0.223,         0.497,         0.017
         0.228,         0.497,         0.016
         0.228,         0.500,         0.016
         0.230,         0.500,         0.016
         0.230,         0.505,         0.016
         0.233,         0.505,         0.014
         0.233,         0.508,         0.014
         0.236,         0.508,         0.014
         0.236,         0.510,         0.013
         0.237,         0.510,         0.013
         0.237,         0.515,         0.013
         0.242,         0.515,         0.010
         0.242,         0.523,         0.010
         0.245,         0.523,         0.009
         0.245,         0.526,         0.009
         0.246,         0.526,         0.008
         0.246,         0.528,         0.008
         0.248,         0.528,         0.008
         0.248,         0.531,         0.008
         0.249,         0.531,         0.008
         0.249,         0.533,         0.007
         0.249,         0.533,         0.007
         0.249,         0.536,         0.007
         0.252,         0.536,         0.006
         0.252,         0.538,         0.006
         0.257,         0.538,         0.004
         0.257,         0.541,         0.004
         0.258,         0.541,         0.004
         0.258,         0.544,         0.004
         0.265,         0.544,         0.002
         0.265,         0.546,         0.002
         0.265,         0.546,         0.002
         0.265,         0.549,         0.002
         0.269,         0.549,        -0.000
         0.269,         0.551,        -0.000
         0.269,         0.551,        -0.000
         0.269,         0.554,        -0.000
         0.273,         0.554,        -0.002
         0.273,         0.556,        -0.002
         0.275,         0.556,        -0.002
         0.275,         0.559,        -0.002
         0.275,         0.564,        -0.002
         0.277,         0.564,        -0.003
         0.277,         0.567,        -0.003
         0.277,         0.567,        -0.003
         0.277,         0.569,        -0.003
         0.282,         0.569,        -0.004
         0.282,         0.574,        -0.004
         0.285,         0.574,        -0.005
         0.285,         0.577,        -0.005
         0.286,         0.577,        -0.006
         0.286,         0.579,        -0.006
         0.287,         0.579,        -0.006
         0.287,         0.582,        -0.006
         0.290,         0.582,        -0.007
         0.290,         0.585,        -0.007
         0.291,         0.585,        -0.007
         0.291,         0.587,        -0.007
         0.292,         0.587,        -0.008
         0.292,         0.590,        -0.008
         0.294,         0.590,        -0.008
         0.294,         0.592,        -0.008
         0.297,         0.592,        -0.009
         0.298,         0.592,        -0.009
         0.299,         0.592,        -0.009
         0.299,         0.595,        -0.009
         0.299,         0.595,        -0.009
         0.299,         0.597,        -0.009
         0.300,         0.597,        -0.010
         0.300,         0.600,        -0.010
         0.302,         0.600,        -0.010
         0.302,         0.603,        -0.010
         0.305,         0.603,        -0.011
         0.305,         0.605,        -0.011
         0.305,         0.605,        -0.011
         0.305,         0.608,        -0.011
         0.309,         0.608,        -0.013
         0.309,         0.610,        -0.013
         0.309,         0.610,        -0.013
         0.309,         0.613,        -0.013
         0.311,         0.613,        -0.013
         0.311,         0.615,        -0.013
         0.311,         0.615,        -0.013
         0.311,         0.618,        -0.013
         0.313,         0.618,        -0.014
         0.313,         0.621,        -0.014
         0.314,         0.621,        -0.014
         0.314,         0.623,        -0.014
         0.315,         0.623,        -0.014
         0.315,         0.626,        -0.015
         0.319,         0.626,        -0.016
         0.319,         0.628,        -0.016
         0.320,         0.628,        -0.016
         0.320,         0.628,        -0.016
         0.322,         0.628,        -0.017
         0.322,         0.631,        -0.017
         0.326,         0.631,        -0.019
         0.326,         0.633,        -0.019
         0.327,         0.633,        -0.019
         0.327,         0.636,        -0.019
         0.329,         0.636,        -0.020
         0.329,         0.638,        -0.020
         0.332,         0.638,        -0.021
         0.332,         0.641,        -0.021
         0.333,         0.641,        -0.021
         0.333,         0.644,        -0.021
         0.334,         0.644,        -0.022
         0.334,         0.646,        -0.022
         0.340,         0.646,        -0.024
         0.340,         0.651,        -0.024
         0.340,         0.651,        -0.024
         0.340,         0.654,        -0.024
         0.341,         0.654,        -0.024
         0.341,         0.659,        -0.024
         0.341,         0.659,        -0.024
         0.341,         0.662,        -0.024
         0.344,         0.662,        -0.024
         0.344,         0.664,        -0.025
         0.344,         0.664,        -0.025
         0.344,         0.667,        -0.025
         0.348,         0.667,        -0.026
         0.348,         0.669,        -0.026
         0.348,         0.669,        -0.026
         0.348,         0.672,        -0.026
         0.351,         0.672,        -0.027
         0.351,         0.674,        -0.027
         0.351,         0.674,        -0.027
         0.351,         0.677,        -0.027
         0.352,         0.677,        -0.027
         0.352,         0.679,        -0.027
         0.354,         0.679,        -0.028
         0.354,         0.682,        -0.028
         0.360,         0.682,        -0.030
         0.360,         0.685,        -0.030
         0.361,         0.685,        -0.030
         0.361,         0.687,        -0.030
         0.362,         0.687,        -0.030
         0.362,         0.690,        -0.031
         0.362,         0.690,        -0.031
         0.362,         0.692,        -0.031
         0.365,         0.692,        -0.032
         0.366,         0.692,        -0.032
         0.369,         0.692,        -0.033
         0.369,         0.692,        -0.033
         0.372,         0.692,        -0.034
         0.372,         0.695,        -0.034
         0.373,         0.695,        -0.034
         0.373,         0.700,        -0.035
         0.374,         0.700,        -0.035
         0.374,         0.703,        -0.035
         0.375,         0.703,        -0.035
         0.375,         0.705,        -0.035
         0.380,         0.705,        -0.037
         0.380,         0.708,        -0.037
         0.382,         0.708,        -0.038
         0.382,         0.710,        -0.038
         0.387,         0.710,        -0.039
         0.387,         0.713,        -0.039
         0.389,         0.713,        -0.040
         0.389,         0.721,        -0.040
         0.393,         0.721,        -0.042
         0.393,         0.723,        -0.042
         0.395,         0.723,        -0.042
         0.395,         0.726,        -0.042
         0.396,         0.726,        -0.042
         0.396,         0.731,        -0.042
         0.397,         0.731,        -0.042
         0.397,         0.733,        -0.042
         0.397,         0.733,        -0.042
         0.397,         0.736,        -0.042
         0.405,         0.736,        -0.045
         0.405,         0.738,        -0.045
         0.406,         0.738,        -0.045
         0.406,         0.738,        -0.045
         0.407,         0.738,        -0.045
         0.407,         0.741,        -0.045
         0.408,         0.741,        -0.045
         0.408,         0.744,        -0.045
         0.412,         0.744,        -0.047
         0.412,         0.746,        -0.047
         0.412,         0.746,        -0.047
         0.412,         0.751,        -0.047
         0.416,         0.751,        -0.048
         0.416,         0.751,        -0.048
         0.417,         0.751,        -0.048
         0.417,         0.754,        -0.048
         0.418,         0.754,        -0.048
         0.418,         0.756,        -0.048
         0.419,         0.756,        -0.049
         0.419,         0.756,        -0.049
         0.425,         0.756,        -0.051
         0.425,         0.759,        -0.051
         0.428,         0.759,        -0.052
         0.428,         0.762,        -0.052
         0.435,         0.762,        -0.054
         0.435,         0.764,        -0.054
         0.438,         0.764,        -0.055
         0.438,         0.764,        -0.055
         0.442,         0.764,        -0.056
         0.442,         0.767,        -0.056
         0.445,         0.767,        -0.057
         0.445,         0.769,        -0.057
         0.446,         0.769,        -0.057
         0.446,         0.772,        -0.057
         0.451,         0.772,        -0.058
         0.451,         0.774,        -0.059
         0.459,         0.774,        -0.061
         0.459,         0.777,        -0.061
         0.460,         0.777,        -0.062
         0.460,         0.779,        -0.062
         0.461,         0.779,        -0.062
         0.461,         0.782,        -0.062
         0.462,         0.782,        -0.063
         0.462,         0.785,        -0.063
         0.464,         0.785,        -0.063
         0.464,         0.787,        -0.064
         0.464,         0.787,        -0.064
         0.464,         0.790,        -0.064
         0.465,         0.790,        -0.064
         0.465,         0.792,        -0.064
         0.476,         0.792,        -0.068
         0.476,         0.795,        -0.068
         0.480,         0.795,        -0.069
         0.480,         0.797,        -0.069
         0.481,         0.797,        -0.069
         0.481,         0.800,        -0.069
         0.485,         0.800,        -0.070
         0.485,         0.803,        -0.070
         0.487,         0.803,        -0.071
         0.487,         0.805,        -0.071
         0.489,         0.805,        -0.072
         0.489,         0.808,        -0.072
         0.499,         0.808,        -0.076
         0.499,         0.810,        -0.076
         0.501,         0.810,        -0.076
         0.501,         0.813,        -0.077
         0.502,         0.813,        -0.077
         0.502,         0.815,        -0.077
         0.502,         0.815,        -0.077
         0.503,         0.815,        -0.077
         0.503,         0.815,        -0.077
         0.503,         0.818,        -0.077
         0.503,         0.818,        -0.077
         0.503,         0.821,        -0.077
         0.505,         0.821,        -0.078
         0.505,         0.823,        -0.078
         0.510,         0.823,        -0.080
         0.510,         0.826,        -0.080
         0.510,         0.826,        -0.080
         0.510,         0.828,        -0.080
         0.514,         0.828,        -0.081
         0.514,         0.831,        -0.081
         0.517,         0.831,        -0.081
         0.517,         0.833,        -0.082
         0.518,         0.833,        -0.082
         0.518,         0.836,        -0.082
         0.522,         0.836,        -0.083
         0.522,         0.838,        -0.083
         0.527,         0.838,        -0.084
         0.527,         0.841,        -0.084
         0.528,         0.841,        -0.085
         0.528,         0.844,        -0.085
         0.534,         0.844,        -0.086
         0.534,         0.846,        -0.086
         0.537,         0.846,        -0.087
         0.537,         0.849,        -0.087
         0.541,         0.849,        -0.088
         0.541,         0.851,        -0.088
         0.547,         0.851,        -0.090
         0.547,         0.854,        -0.090
         0.555,         0.854,        -0.092
         0.556,         0.854,        -0.092
         0.556,         0.859,        -0.092
         0.559,         0.859,        -0.093
         0.559,         0.862,        -0.093
         0.561,         0.862,        -0.093
         0.561,         0.864,        -0.093
         0.571,         0.864,        -0.096
         0.571,         0.867,        -0.096
         0.572,         0.867,        -0.097
         0.572,         0.869,        -0.097
         0.574,         0.869,        -0.097
         0.574,         0.872,        -0.097
         0.578,         0.872,        -0.098
         0.578,         0.874,        -0.098
         0.579,         0.874,        -0.098
         0.579,         0.877,        -0.099
         0.579,         0.877,        -0.099
         0.579,         0.879,        -0.099
         0.581,         0.879,        -0.099
         0.581,         0.882,        -0.099
         0.581,         0.882,        -0.099
         0.581,         0.887,        -0.099
         0.583,         0.887,        -0.100
         0.583,         0.890,        -0.100
         0.588,         0.890,        -0.101
         0.588,         0.892,        -0.102
         0.589,         0.892,        -0.102
         0.607,         0.892,        -0.102
         0.608,         0.892,        -0.103
         0.608,         0.895,        -0.103
         0.613,         0.895,        -0.104
         0.613,         0.897,        -0.104
         0.619,         0.897,        -0.106
         0.619,         0.900,        -0.106
         0.621,         0.900,        -0.107
         0.621,         0.903,        -0.107
         0.631,         0.903,        -0.110
         0.631,         0.905,        -0.110
         0.646,         0.905,        -0.115
         0.646,         0.908,        -0.115
         0.648,         0.908,        -0.115
         0.648,         0.910,        -0.115
         0.656,         0.910,        -0.117
         0.656,         0.913,        -0.117
         0.664,         0.913,        -0.120
         0.664,         0.915,        -0.120
         0.676,         0.915,        -0.123
         0.676,         0.918,        -0.123
         0.677,         0.918,        -0.123
         0.677,         0.921,        -0.123
         0.678,         0.921,        -0.124
         0.678,         0.923,        -0.124
         0.683,         0.923,        -0.125
         0.683,         0.926,        -0.125
         0.684,         0.926,        -0.126
         0.684,         0.926,        -0.126
         0.696,         0.926,        -0.129
         0.696,         0.928,        -0.129
         0.701,         0.928,        -0.131
         0.701,         0.933,        -0.131
         0.708,         0.933,        -0.133
         0.708,         0.936,        -0.133
         0.710,         0.936,        -0.134
         0.710,         0.938,        -0.134
         0.717,         0.938,        -0.136
         0.717,         0.941,        -0.136
         0.720,         0.941,        -0.136
         0.720,         0.944,        -0.137
         0.723,         0.944,        -0.137
         0.723,         0.946,        -0.137
         0.726,         0.946,        -0.138
         0.726,         0.949,        -0.138
         0.733,         0.949,        -0.140
         0.733,         0.951,        -0.140
         0.737,         0.951,        -0.141
         0.737,         0.954,        -0.141
         0.743,         0.954,        -0.143
         0.743,         0.956,        -0.143
         0.757,         0.956,        -0.147
         0.757,         0.959,        -0.147
         0.762,         0.959,        -0.148
         0.762,         0.962,        -0.148
         0.768,         0.962,        -0.150
         0.768,         0.964,        -0.150
         0.770,         0.964,        -0.151
         0.770,         0.967,        -0.151
         0.786,         0.967,        -0.154
         0.786,         0.969,        -0.155
         0.789,         0.969,        -0.155
         0.789,         0.972,        -0.155
         0.790,         0.972,        -0.155
         0.790,         0.974,        -0.155
         0.790,         0.974,        -0.156
         0.791,         0.974,        -0.156
         0.794,         0.974,        -0.157
         0.794,         0.977,        -0.157
         0.796,         0.977,        -0.157
         0.796,         0.979,        -0.158
         0.806,         0.979,        -0.161
         0.806,         0.982,        -0.161
         0.828,         0.982,        -0.167
         0.828,         0.985,        -0.168
         0.837,         0.985,        -0.170
         0.837,         0.987,        -0.170
         0.872,         0.987,        -0.184
         0.872,         0.987,        -0.184
         0.878,         0.987,        -0.186
         0.878,         0.990,        -0.186
         0.882,         0.990,        -0.188
         0.882,         0.992,        -0.188
         0.896,         0.992,        -0.193
         0.896,         0.995,        -0.193
         0.915,         0.995,        -0.203
         0.916,         0.995,        -0.203
         0.926,         0.995,        -0.208
         0.926,         0.995,        -0.209
         0.928,         0.995,        -0.210
         0.928,         0.997,        -0.210
         0.934,         0.997,        -0.214
         0.934,         0.997,        -0.214
         0.948,         0.997,        -0.223
         0.948,         0.997,        -0.223
         0.983,         0.997,        -0.261
         0.983,         1.000,        -0.262
         1.000,         1.000,        -0.357
