false_pos_rate,true_pos_rate,threshold
         0.000,         0.000,         1.807
         0.000,         0.003,         0.807
         0.000,         0.003,         0.796
         0.000,         0.008,         0.793
         0.001,         0.008,         0.773
         0.001,         0.010,         0.772
         0.003,         0.010,         0.757
         0.003,         0.013,         0.756
         0.003,         0.013,         0.756
         0.003,         0.015,         0.756
         0.003,         0.015,         0.755
         0.004,         0.015,         0.755
         0.005,         0.015,         0.751
         0.005,         0.018,         0.748
         0.005,         0.018,         0.747
         0.005,         0.021,         0.747
         0.007,         0.021,         0.738
         0.007,         0.023,         0.737
         0.007,         0.023,         0.734
         0.007,         0.026,         0.733
         0.008,         0.026,         0.731
         0.008,         0.028,         0.730
         0.009,         0.028,         0.727
         0.009,         0.031,         0.726
         0.009,         0.031,         0.725
         0.009,         0.036,         0.721
         0.010,         0.036,         0.715
         0.010,         0.041,         0.715
         0.011,         0.041,         0.713
         0.011,         0.044,         0.712
         0.011,         0.044,         0.712
         0.012,         0.044,         0.711
         0.012,         0.044,         0.711
         0.012,         0.046,         0.710
         0.012,         0.046,         0.710
         0.012,         0.051,         0.709
         0.012,         0.051,         0.709
         0.013,         0.056,         0.708
         0.013,         0.056,         0.706
         0.013,         0.059,         0.706
         0.014,         0.059,         0.703
         0.014,         0.062,         0.703
         0.016,         0.062,         0.696
         0.017,         0.062,         0.694
         0.018,         0.062,         0.694
         0.018,         0.064,         0.693
         0.018,         0.064,         0.693
         0.019,         0.064,         0.693
         0.021,         0.064,         0.691
         0.021,         0.067,         0.689
         0.021,         0.067,         0.689
         0.022,         0.067,         0.688
         0.022,         0.067,         0.687
         0.022,         0.074,         0.686
         0.023,         0.074,         0.685
         0.023,         0.077,         0.684
         0.023,         0.077,         0.683
         0.023,         0.085,         0.683
         0.024,         0.085,         0.682
         0.024,         0.087,         0.682
         0.024,         0.087,         0.682
         0.024,         0.090,         0.681
         0.025,         0.090,         0.681
         0.026,         0.090,         0.678
         0.026,         0.092,         0.678
         0.028,         0.092,         0.676
         0.028,         0.092,         0.676
         0.030,         0.092,         0.672
         0.030,         0.095,         0.672
         0.031,         0.095,         0.671
         0.031,         0.097,         0.670
         0.032,         0.097,         0.666
         0.033,         0.097,         0.665
         0.033,         0.097,         0.664
         0.033,         0.100,         0.664
         0.034,         0.100,         0.663
         0.035,         0.100,         0.663
         0.036,         0.100,         0.661
         0.036,         0.103,         0.661
         0.036,         0.103,         0.660
         0.036,         0.105,         0.660
         0.037,         0.105,         0.657
         0.037,         0.108,         0.657
         0.037,         0.108,         0.657
         0.037,         0.110,         0.656
         0.037,         0.110,         0.656
         0.040,         0.118,         0.656
         0.040,         0.118,         0.655
         0.041,         0.118,         0.655
         0.041,         0.123,         0.654
         0.041,         0.123,         0.653
         0.041,         0.126,         0.652
         0.041,         0.126,         0.652
         0.041,         0.131,         0.652
         0.043,         0.131,         0.650
         0.043,         0.136,         0.649
         0.044,         0.136,         0.648
         0.044,         0.138,         0.647
         0.045,         0.138,         0.645
         0.045,         0.141,         0.645
         0.045,         0.141,         0.645
         0.045,         0.144,         0.644
         0.045,         0.144,         0.643
         0.045,         0.146,         0.643
         0.046,         0.146,         0.641
         0.046,         0.149,         0.641
         0.047,         0.149,         0.638
         0.047,         0.151,         0.637
         0.048,         0.151,         0.637
         0.048,         0.151,         0.636
         0.048,         0.154,         0.636
         0.049,         0.154,         0.636
         0.049,         0.156,         0.636
         0.050,         0.156,         0.633
         0.050,         0.159,         0.633
         0.050,         0.159,         0.632
         0.050,         0.162,         0.632
         0.051,         0.162,         0.630
         0.051,         0.164,         0.630
         0.052,         0.164,         0.629
         0.052,         0.167,         0.629
         0.053,         0.167,         0.628
         0.053,         0.169,         0.627
         0.054,         0.169,         0.627
         0.054,         0.172,         0.626
         0.054,         0.172,         0.625
         0.054,         0.174,         0.625
         0.055,         0.174,         0.625
         0.055,         0.174,         0.625
         0.056,         0.174,         0.623
         0.056,         0.174,         0.622
         0.057,         0.174,         0.621
         0.057,         0.177,         0.620
         0.057,         0.177,         0.619
         0.057,         0.179,         0.618
         0.058,         0.179,         0.618
         0.058,         0.182,         0.618
         0.058,         0.182,         0.618
         0.058,         0.185,         0.617
         0.058,         0.185,         0.617
         0.058,         0.187,         0.617
         0.058,         0.187,         0.616
         0.058,         0.197,         0.615
         0.059,         0.197,         0.615
         0.059,         0.200,         0.615
         0.060,         0.200,         0.613
         0.060,         0.203,         0.613
         0.061,         0.203,         0.612
         0.063,         0.203,         0.611
         0.064,         0.203,         0.609
         0.064,         0.205,         0.609
         0.064,         0.205,         0.609
         0.064,         0.208,         0.609
         0.064,         0.208,         0.609
         0.064,         0.210,         0.608
         0.066,         0.210,         0.604
         0.066,         0.213,         0.603
         0.067,         0.213,         0.603
         0.068,         0.218,         0.602
         0.068,         0.223,         0.602
         0.069,         0.223,         0.600
         0.069,         0.226,         0.600
         0.069,         0.226,         0.600
         0.069,         0.226,         0.599
         0.069,         0.228,         0.599
         0.071,         0.228,         0.596
         0.071,         0.231,         0.594
         0.071,         0.231,         0.594
         0.072,         0.231,         0.594
         0.072,         0.231,         0.593
         0.072,         0.233,         0.593
         0.075,         0.233,         0.589
         0.075,         0.233,         0.589
         0.075,         0.233,         0.588
         0.075,         0.236,         0.588
         0.076,         0.236,         0.587
         0.076,         0.238,         0.587
         0.077,         0.238,         0.585
         0.077,         0.246,         0.583
         0.078,         0.246,         0.582
         0.078,         0.249,         0.582
         0.080,         0.249,         0.581
         0.080,         0.251,         0.580
         0.082,         0.251,         0.576
         0.082,         0.256,         0.576
         0.083,         0.256,         0.575
         0.083,         0.259,         0.575
         0.084,         0.259,         0.573
         0.084,         0.264,         0.573
         0.086,         0.264,         0.571
         0.086,         0.267,         0.571
         0.088,         0.267,         0.569
         0.088,         0.269,         0.568
         0.088,         0.269,         0.568
         0.088,         0.274,         0.567
         0.089,         0.274,         0.566
         0.089,         0.277,         0.566
         0.089,         0.277,         0.564
         0.089,         0.279,         0.564
         0.090,         0.279,         0.564
         0.090,         0.282,         0.563
         0.090,         0.282,         0.563
         0.090,         0.285,         0.562
         0.091,         0.285,         0.561
         0.091,         0.287,         0.561
         0.092,         0.287,         0.560
         0.092,         0.290,         0.559
         0.092,         0.290,         0.558
         0.092,         0.292,         0.558
         0.093,         0.292,         0.557
         0.093,         0.295,         0.557
         0.094,         0.295,         0.555
         0.094,         0.300,         0.554
         0.095,         0.300,         0.553
         0.095,         0.305,         0.553
         0.095,         0.305,         0.552
         0.095,         0.308,         0.552
         0.096,         0.308,         0.552
         0.096,         0.310,         0.552
         0.096,         0.310,         0.551
         0.096,         0.310,         0.550
         0.097,         0.310,         0.550
         0.097,         0.310,         0.549
         0.097,         0.313,         0.549
         0.098,         0.313,         0.548
         0.098,         0.318,         0.547
         0.100,         0.318,         0.545
         0.100,         0.321,         0.545
         0.100,         0.321,         0.545
         0.100,         0.323,         0.545
         0.102,         0.323,         0.543
         0.102,         0.328,         0.542
         0.104,         0.328,         0.541
         0.104,         0.328,         0.541
         0.104,         0.331,         0.540
         0.106,         0.331,         0.539
         0.106,         0.333,         0.539
         0.106,         0.333,         0.539
         0.106,         0.336,         0.538
         0.106,         0.336,         0.538
         0.106,         0.338,         0.538
         0.108,         0.338,         0.536
         0.108,         0.341,         0.536
         0.109,         0.341,         0.535
         0.109,         0.344,         0.535
         0.110,         0.344,         0.534
         0.110,         0.344,         0.534
         0.111,         0.344,         0.534
         0.111,         0.344,         0.533
         0.111,         0.349,         0.533
         0.111,         0.349,         0.533
         0.111,         0.351,         0.533
         0.111,         0.351,         0.533
         0.111,         0.356,         0.532
         0.112,         0.356,         0.532
         0.113,         0.356,         0.532
         0.113,         0.359,         0.532
         0.114,         0.359,         0.530
         0.114,         0.362,         0.530
         0.115,         0.362,         0.529
         0.115,         0.367,         0.529
         0.115,         0.367,         0.529
         0.115,         0.369,         0.529
         0.115,         0.369,         0.529
         0.115,         0.372,         0.528
         0.116,         0.372,         0.528
         0.116,         0.377,         0.527
         0.117,         0.377,         0.527
         0.117,         0.379,         0.527
         0.117,         0.379,         0.527
         0.117,         0.382,         0.527
         0.117,         0.382,         0.527
         0.117,         0.387,         0.526
         0.118,         0.387,         0.526
         0.118,         0.392,         0.526
         0.118,         0.395,         0.525
         0.119,         0.395,         0.524
         0.119,         0.400,         0.524
         0.120,         0.400,         0.524
         0.122,         0.400,         0.523
         0.122,         0.403,         0.523
         0.122,         0.403,         0.523
         0.122,         0.405,         0.523
         0.122,         0.405,         0.522
         0.122,         0.408,         0.522
         0.124,         0.408,         0.521
         0.124,         0.410,         0.521
         0.125,         0.410,         0.520
         0.125,         0.415,         0.520
         0.125,         0.415,         0.520
         0.125,         0.418,         0.519
         0.126,         0.418,         0.519
         0.126,         0.421,         0.519
         0.127,         0.421,         0.518
         0.127,         0.426,         0.518
         0.129,         0.426,         0.517
         0.129,         0.431,         0.516
         0.135,         0.431,         0.512
         0.135,         0.433,         0.512
         0.138,         0.433,         0.510
         0.138,         0.436,         0.510
         0.141,         0.436,         0.509
         0.141,         0.438,         0.509
         0.143,         0.438,         0.507
         0.143,         0.441,         0.507
         0.144,         0.441,         0.507
         0.144,         0.444,         0.507
         0.146,         0.444,         0.505
         0.146,         0.449,         0.505
         0.148,         0.449,         0.503
         0.148,         0.451,         0.503
         0.150,         0.451,         0.502
         0.150,         0.454,         0.502
         0.156,         0.454,         0.496
         0.156,         0.454,         0.496
         0.158,         0.454,         0.495
         0.158,         0.456,         0.495
         0.158,         0.456,         0.494
         0.158,         0.459,         0.494
         0.159,         0.459,         0.494
         0.159,         0.462,         0.493
         0.161,         0.462,         0.492
         0.161,         0.464,         0.492
         0.164,         0.464,         0.491
         0.164,         0.467,         0.491
         0.165,         0.467,         0.490
         0.165,         0.469,         0.490
         0.167,         0.469,         0.489
         0.167,         0.469,         0.489
         0.168,         0.469,         0.489
         0.168,         0.472,         0.489
         0.172,         0.472,         0.486
         0.172,         0.474,         0.486
         0.174,         0.474,         0.485
         0.174,         0.477,         0.485
         0.175,         0.477,         0.484
         0.175,         0.479,         0.484
         0.176,         0.479,         0.484
         0.176,         0.482,         0.483
         0.178,         0.482,         0.482
         0.178,         0.487,         0.482
         0.180,         0.487,         0.480
         0.180,         0.490,         0.480
         0.182,         0.490,         0.479
         0.182,         0.492,         0.479
         0.186,         0.492,         0.477
         0.186,         0.495,         0.477
         0.194,         0.495,         0.473
         0.194,         0.497,         0.473
         0.194,         0.497,         0.473
         0.194,         0.500,         0.473
         0.196,         0.500,         0.472
         0.196,         0.503,         0.472
         0.200,         0.503,         0.470
         0.200,         0.505,         0.470
         0.201,         0.505,         0.469
         0.201,         0.508,         0.469
         0.201,         0.508,         0.469
         0.201,         0.510,         0.469
         0.202,         0.510,         0.469
         0.202,         0.513,         0.468
         0.204,         0.513,         0.468
         0.204,         0.515,         0.468
         0.205,         0.515,         0.467
         0.205,         0.518,         0.467
         0.205,         0.518,         0.467
         0.205,         0.521,         0.467
         0.205,         0.521,         0.467
         0.205,         0.523,         0.467
         0.206,         0.523,         0.467
         0.206,         0.526,         0.466
         0.209,         0.526,         0.464
         0.209,         0.528,         0.464
         0.210,         0.528,         0.464
         0.228,         0.528,         0.464
         0.229,         0.528,         0.463
         0.229,         0.531,         0.463
         0.230,         0.531,         0.463
         0.230,         0.533,         0.463
         0.230,         0.533,         0.463
         0.230,         0.536,         0.463
         0.231,         0.536,         0.462
         0.231,         0.536,         0.462
         0.232,         0.536,         0.462
         0.232,         0.538,         0.462
         0.233,         0.538,         0.462
         0.233,         0.541,         0.462
         0.234,         0.541,         0.461
         0.234,         0.544,         0.461
         0.236,         0.544,         0.460
         0.237,         0.544,         0.460
         0.238,         0.544,         0.459
         0.238,         0.546,         0.459
         0.239,         0.546,         0.458
         0.239,         0.549,         0.458
         0.242,         0.549,         0.457
         0.242,         0.554,         0.457
         0.242,         0.554,         0.456
         0.242,         0.556,         0.456
         0.242,         0.556,         0.456
         0.242,         0.559,         0.456
         0.243,         0.559,         0.456
         0.243,         0.562,         0.455
         0.243,         0.562,         0.455
         0.243,         0.567,         0.455
         0.245,         0.567,         0.455
         0.245,         0.569,         0.455
         0.245,         0.569,         0.454
         0.245,         0.572,         0.454
         0.253,         0.572,         0.451
         0.253,         0.574,         0.451
         0.255,         0.574,         0.450
         0.255,         0.577,         0.450
         0.256,         0.577,         0.449
         0.256,         0.579,         0.449
         0.259,         0.579,         0.448
         0.259,         0.582,         0.448
         0.259,         0.582,         0.448
         0.259,         0.585,         0.448
         0.260,         0.585,         0.448
         0.260,         0.587,         0.448
         0.260,         0.587,         0.447
         0.260,         0.590,         0.447
         0.262,         0.590,         0.447
         0.262,         0.592,         0.447
         0.272,         0.592,         0.442
         0.272,         0.595,         0.442
         0.276,         0.595,         0.440
         0.276,         0.597,         0.440
         0.277,         0.597,         0.440
         0.277,         0.600,         0.440
         0.278,         0.600,         0.439
         0.278,         0.603,         0.439
         0.280,         0.603,         0.439
         0.280,         0.608,         0.439
         0.281,         0.608,         0.438
         0.281,         0.610,         0.438
         0.284,         0.610,         0.437
         0.284,         0.613,         0.437
         0.293,         0.613,         0.434
         0.293,         0.615,         0.434
         0.293,         0.615,         0.434
         0.293,         0.618,         0.434
         0.297,         0.618,         0.431
         0.297,         0.621,         0.431
         0.299,         0.621,         0.430
         0.299,         0.623,         0.430
         0.301,         0.623,         0.429
         0.301,         0.626,         0.429
         0.303,         0.626,         0.428
         0.303,         0.628,         0.428
         0.304,         0.628,         0.428
         0.304,         0.631,         0.428
         0.307,         0.631,         0.427
         0.307,         0.633,         0.427
         0.312,         0.633,         0.425
         0.312,         0.636,         0.425
         0.318,         0.636,         0.423
         0.318,         0.641,         0.422
         0.322,         0.641,         0.421
         0.322,         0.644,         0.421
         0.327,         0.644,         0.419
         0.327,         0.646,         0.419
         0.327,         0.646,         0.419
         0.327,         0.649,         0.419
         0.329,         0.649,         0.418
         0.329,         0.651,         0.418
         0.329,         0.651,         0.418
         0.329,         0.654,         0.418
         0.334,         0.654,         0.417
         0.334,         0.656,         0.416
         0.334,         0.656,         0.416
         0.334,         0.659,         0.416
         0.336,         0.659,         0.416
         0.336,         0.662,         0.415
         0.337,         0.662,         0.415
         0.337,         0.664,         0.415
         0.338,         0.664,         0.415
         0.338,         0.667,         0.415
         0.341,         0.667,         0.414
         0.341,         0.669,         0.414
         0.342,         0.669,         0.413
         0.342,         0.672,         0.413
         0.345,         0.672,         0.412
         0.345,         0.674,         0.412
         0.349,         0.674,         0.411
         0.349,         0.677,         0.411
         0.350,         0.677,         0.411
         0.350,         0.679,         0.411
         0.353,         0.679,         0.410
         0.353,         0.682,         0.410
         0.353,         0.682,         0.410
         0.353,         0.685,         0.410
         0.355,         0.685,         0.410
         0.355,         0.687,         0.410
         0.358,         0.687,         0.408
         0.358,         0.690,         0.408
         0.358,         0.690,         0.408
         0.358,         0.692,         0.408
         0.360,         0.692,         0.408
         0.360,         0.695,         0.408
         0.362,         0.695,         0.407
         0.362,         0.697,         0.407
         0.368,         0.697,         0.405
         0.368,         0.700,         0.405
         0.375,         0.700,         0.402
         0.375,         0.703,         0.402
         0.376,         0.703,         0.402
         0.376,         0.705,         0.402
         0.378,         0.705,         0.401
         0.378,         0.708,         0.401
         0.380,         0.708,         0.400
         0.380,         0.710,         0.400
         0.381,         0.710,         0.400
         0.381,         0.713,         0.400
         0.388,         0.713,         0.397
         0.388,         0.718,         0.397
         0.389,         0.718,         0.397
         0.389,         0.721,         0.397
         0.391,         0.721,         0.396
         0.391,         0.723,         0.396
         0.392,         0.723,         0.396
         0.392,         0.726,         0.396
         0.392,         0.726,         0.396
         0.392,         0.728,         0.396
         0.395,         0.728,         0.395
         0.395,         0.731,         0.395
         0.396,         0.731,         0.395
         0.396,         0.733,         0.395
         0.399,         0.733,         0.394
         0.399,         0.736,         0.394
         0.399,         0.736,         0.394
         0.399,         0.738,         0.393
         0.402,         0.738,         0.392
         0.402,         0.741,         0.392
         0.406,         0.741,         0.391
         0.406,         0.744,         0.391
         0.408,         0.744,         0.390
         0.408,         0.746,         0.390
         0.408,         0.746,         0.390
         0.408,         0.749,         0.390
         0.410,         0.749,         0.389
         0.410,         0.751,         0.389
         0.415,         0.751,         0.388
         0.415,         0.751,         0.387
         0.418,         0.751,         0.387
         0.418,         0.754,         0.387
         0.418,         0.754,         0.386
         0.418,         0.756,         0.386
         0.419,         0.756,         0.386
         0.419,         0.759,         0.386
         0.426,         0.759,         0.384
         0.426,         0.762,         0.384
         0.428,         0.762,         0.383
         0.428,         0.764,         0.383
         0.428,         0.764,         0.383
         0.428,         0.767,         0.383
         0.428,         0.767,         0.383
         0.428,         0.769,         0.383
         0.434,         0.769,         0.381
         0.434,         0.777,         0.381
         0.438,         0.777,         0.379
         0.438,         0.779,         0.379
         0.440,         0.779,         0.379
         0.440,         0.782,         0.379
         0.441,         0.782,         0.379
         0.441,         0.785,         0.378
         0.447,         0.785,         0.377
         0.447,         0.787,         0.377
         0.450,         0.787,         0.376
         0.451,         0.787,         0.376
         0.452,         0.787,         0.376
         0.452,         0.790,         0.376
         0.453,         0.790,         0.375
         0.453,         0.792,         0.375
         0.457,         0.792,         0.374
         0.457,         0.797,         0.374
         0.460,         0.797,         0.373
         0.461,         0.797,         0.373
         0.461,         0.797,         0.373
         0.461,         0.800,         0.373
         0.463,         0.800,         0.372
         0.463,         0.800,         0.372
         0.466,         0.800,         0.371
         0.466,         0.803,         0.371
         0.471,         0.803,         0.369
         0.471,         0.805,         0.369
         0.478,         0.805,         0.367
         0.478,         0.808,         0.367
         0.481,         0.808,         0.366
         0.481,         0.808,         0.366
         0.482,         0.808,         0.366
         0.482,         0.810,         0.366
         0.485,         0.810,         0.365
         0.485,         0.813,         0.365
         0.485,         0.813,         0.365
         0.485,         0.815,         0.365
         0.487,         0.815,         0.364
         0.487,         0.818,         0.364
         0.488,         0.818,         0.364
         0.488,         0.821,         0.364
         0.493,         0.821,         0.362
         0.493,         0.823,         0.362
         0.499,         0.823,         0.360
         0.499,         0.826,         0.359
         0.501,         0.826,         0.359
         0.501,         0.828,         0.359
         0.502,         0.828,         0.359
         0.502,         0.831,         0.358
         0.503,         0.831,         0.358
         0.503,         0.833,         0.358
         0.504,         0.833,         0.357
         0.504,         0.836,         0.357
         0.505,         0.836,         0.357
         0.505,         0.838,         0.357
         0.505,         0.838,         0.356
         0.505,         0.841,         0.356
         0.516,         0.841,         0.353
         0.516,         0.844,         0.353
         0.516,         0.844,         0.353
         0.516,         0.846,         0.353
         0.520,         0.846,         0.352
         0.520,         0.849,         0.352
         0.524,         0.849,         0.350
         0.524,         0.851,         0.350
         0.524,         0.851,         0.350
         0.524,         0.854,         0.350
         0.526,         0.854,         0.350
         0.526,         0.856,         0.350
         0.526,         0.856,         0.350
         0.526,         0.859,         0.350
         0.527,         0.859,         0.349
         0.527,         0.862,         0.349
         0.528,         0.862,         0.349
         0.528,         0.864,         0.349
         0.538,         0.864,         0.345
         0.538,         0.867,         0.345
         0.540,         0.867,         0.344
         0.540,         0.869,         0.344
         0.540,         0.869,         0.344
         0.540,         0.872,         0.344
         0.540,         0.872,         0.344
         0.540,         0.874,         0.344
         0.541,         0.874,         0.344
         0.541,         0.877,         0.344
         0.542,         0.877,         0.343
         0.542,         0.879,         0.343
         0.548,         0.879,         0.341
         0.548,         0.882,         0.341
         0.548,         0.882,         0.341
         0.548,         0.885,         0.341
         0.551,         0.885,         0.340
         0.551,         0.887,         0.340
         0.555,         0.887,         0.339
         0.555,         0.890,         0.339
         0.560,         0.890,         0.337
         0.560,         0.892,         0.337
         0.565,         0.892,         0.336
         0.565,         0.895,         0.336
         0.565,         0.895,         0.336
         0.565,         0.897,         0.336
         0.571,         0.897,         0.334
         0.571,         0.900,         0.334
         0.578,         0.900,         0.333
         0.578,         0.903,         0.333
         0.584,         0.903,         0.331
         0.584,         0.905,         0.331
         0.585,         0.905,         0.331
         0.585,         0.908,         0.331
         0.592,         0.908,         0.329
         0.592,         0.908,         0.329
         0.592,         0.908,         0.329
         0.592,         0.910,         0.329
         0.596,         0.910,         0.327
         0.596,         0.915,         0.327
         0.606,         0.915,         0.325
         0.606,         0.918,         0.324
         0.608,         0.918,         0.324
         0.608,         0.921,         0.324
         0.613,         0.921,         0.323
         0.613,         0.923,         0.323
         0.615,         0.923,         0.322
         0.615,         0.926,         0.322
         0.618,         0.926,         0.321
         0.618,         0.928,         0.321
         0.624,         0.928,         0.319
         0.624,         0.931,         0.319
         0.630,         0.931,         0.317
         0.630,         0.933,         0.316
         0.636,         0.933,         0.315
         0.636,         0.936,         0.315
         0.638,         0.936,         0.314
         0.638,         0.938,         0.314
         0.661,         0.938,         0.306
         0.661,         0.941,         0.306
         0.671,         0.941,         0.304
         0.671,         0.944,         0.303
         0.690,         0.944,         0.298
         0.690,         0.946,         0.298
         0.691,         0.946,         0.297
         0.691,         0.949,         0.297
         0.692,         0.949,         0.297
         0.692,         0.951,         0.297
         0.697,         0.951,         0.296
         0.697,         0.954,         0.295
         0.697,         0.954,         0.295
         0.698,         0.954,         0.295
         0.707,         0.954,         0.292
         0.707,         0.956,         0.292
         0.709,         0.956,         0.292
         0.709,         0.959,         0.292
         0.715,         0.959,         0.290
         0.715,         0.962,         0.290
         0.737,         0.962,         0.284
         0.737,         0.964,         0.284
         0.739,         0.964,         0.283
         0.739,         0.967,         0.283
         0.746,         0.967,         0.281
         0.746,         0.969,         0.281
         0.746,         0.969,         0.281
         0.750,         0.969,         0.279
         0.750,         0.972,         0.279
         0.756,         0.972,         0.277
         0.756,         0.974,         0.277
         0.771,         0.974,         0.274
         0.771,         0.977,         0.273
         0.775,         0.977,         0.273
         0.775,         0.979,         0.273
         0.784,         0.979,         0.270
         0.784,         0.982,         0.270
         0.802,         0.982,         0.265
         0.802,         0.985,         0.265
         0.802,         0.985,         0.265
         0.803,         0.985,         0.265
         0.805,         0.985,         0.264
         0.805,         0.987,         0.264
         0.817,         0.987,         0.260
         0.817,         0.990,         0.260
         0.839,         0.990,         0.253
         0.839,         0.992,         0.253
         0.841,         0.992,         0.253
         0.841,         0.992,         0.253
         0.848,         0.992,         0.251
         0.848,         0.995,         0.250
         0.881,         0.995,         0.237
         0.881,         0.995,         0.237
         0.887,         0.995,         0.235
         0.887,         0.997,         0.235
         0.912,         0.997,         0.223
         0.912,         0.997,         0.223
         0.922,         0.997,         0.218
         0.923,         0.997,         0.218
         0.985,         0.997,         0.160
         0.985,         1.000,         0.159
         1.000,         1.000,         0.068
