false_pos_rate,true_pos_rate,threshold
         0.000,         0.000,         1.676
         0.000,         0.005,         0.676
         0.000,         0.128,         0.466
         0.004,         0.128,         0.463
         0.004,         0.152,         0.453
         0.004,         0.152,         0.453
         0.004,         0.175,         0.441
         0.004,         0.175,         0.437
         0.004,         0.275,         0.387
         0.005,         0.275,         0.384
         0.005,         0.289,         0.381
         0.005,         0.289,         0.378
         0.005,         0.299,         0.373
         0.005,         0.313,         0.367
         0.005,         0.313,         0.365
         0.005,         0.327,         0.361
         0.005,         0.327,         0.361
         0.005,         0.351,         0.354
         0.006,         0.351,         0.350
         0.006,         0.360,         0.347
         0.006,         0.360,         0.344
         0.006,         0.374,         0.340
         0.006,         0.374,         0.339
         0.007,         0.374,         0.336
         0.007,         0.389,         0.333
         0.007,         0.393,         0.330
         0.007,         0.393,         0.330
         0.007,         0.398,         0.329
         0.011,         0.408,         0.327
         0.011,         0.412,         0.324
         0.011,         0.412,         0.323
         0.011,         0.450,         0.302
         0.011,         0.450,         0.300
         0.011,         0.464,         0.296
         0.012,         0.464,         0.295
         0.012,         0.464,         0.292
         0.012,         0.469,         0.291
         0.013,         0.469,         0.278
         0.013,         0.469,         0.274
         0.013,         0.469,         0.274
         0.014,         0.474,         0.272
         0.015,         0.474,         0.272
         0.015,         0.479,         0.270
         0.015,         0.483,         0.269
         0.016,         0.483,         0.268
         0.019,         0.483,         0.267
         0.019,         0.488,         0.266
         0.019,         0.488,         0.266
         0.019,         0.498,         0.265
         0.020,         0.498,         0.265
         0.020,         0.498,         0.263
         0.020,         0.498,         0.262
         0.020,         0.507,         0.261
         0.021,         0.512,         0.261
         0.021,         0.521,         0.260
         0.021,         0.521,         0.258
         0.021,         0.526,         0.256
         0.022,         0.526,         0.256
         0.022,         0.526,         0.255
         0.022,         0.531,         0.254
         0.022,         0.531,         0.254
         0.022,         0.540,         0.252
         0.022,         0.540,         0.252
         0.022,         0.545,         0.251
         0.023,         0.545,         0.251
         0.023,         0.555,         0.250
         0.023,         0.555,         0.249
         0.023,         0.564,         0.248
         0.023,         0.564,         0.248
         0.024,         0.564,         0.246
         0.024,         0.564,         0.246
         0.025,         0.564,         0.244
         0.025,         0.578,         0.243
         0.025,         0.578,         0.243
         0.025,         0.583,         0.243
         0.026,         0.583,         0.241
         0.026,         0.588,         0.240
         0.026,         0.588,         0.238
         0.027,         0.588,         0.236
         0.028,         0.588,         0.235
         0.029,         0.592,         0.235
         0.029,         0.592,         0.234
         0.030,         0.597,         0.233
         0.030,         0.597,         0.233
         0.030,         0.602,         0.233
         0.031,         0.602,         0.232
         0.031,         0.602,         0.232
         0.032,         0.602,         0.231
         0.033,         0.607,         0.231
         0.033,         0.607,         0.231
         0.033,         0.611,         0.231
         0.033,         0.611,         0.230
         0.034,         0.616,         0.229
         0.034,         0.616,         0.227
         0.034,         0.630,         0.227
         0.035,         0.630,         0.225
         0.035,         0.645,         0.223
         0.035,         0.645,         0.222
         0.036,         0.645,         0.221
         0.036,         0.649,         0.221
         0.036,         0.649,         0.220
         0.036,         0.654,         0.220
         0.037,         0.654,         0.219
         0.037,         0.654,         0.219
         0.037,         0.654,         0.218
         0.038,         0.654,         0.218
         0.039,         0.654,         0.216
         0.040,         0.654,         0.216
         0.040,         0.659,         0.215
         0.040,         0.659,         0.215
         0.040,         0.664,         0.215
         0.040,         0.668,         0.215
         0.041,         0.668,         0.214
         0.042,         0.668,         0.211
         0.042,         0.673,         0.211
         0.044,         0.673,         0.211
         0.045,         0.673,         0.210
         0.045,         0.678,         0.210
         0.045,         0.682,         0.209
         0.046,         0.682,         0.209
         0.047,         0.682,         0.207
         0.049,         0.682,         0.207
         0.049,         0.687,         0.207
         0.050,         0.687,         0.207
         0.050,         0.687,         0.205
         0.050,         0.692,         0.205
         0.050,         0.692,         0.205
         0.051,         0.692,         0.204
         0.051,         0.697,         0.203
         0.052,         0.697,         0.202
         0.052,         0.701,         0.202
         0.052,         0.701,         0.202
         0.052,         0.711,         0.200
         0.052,         0.720,         0.199
         0.052,         0.720,         0.199
         0.053,         0.720,         0.199
         0.053,         0.725,         0.199
         0.053,         0.725,         0.199
         0.053,         0.725,         0.198
         0.054,         0.725,         0.198
         0.054,         0.725,         0.198
         0.054,         0.725,         0.198
         0.054,         0.730,         0.197
         0.055,         0.730,         0.197
         0.055,         0.730,         0.197
         0.055,         0.730,         0.196
         0.056,         0.730,         0.196
         0.056,         0.735,         0.196
         0.056,         0.735,         0.196
         0.057,         0.735,         0.195
         0.057,         0.735,         0.195
         0.057,         0.739,         0.195
         0.057,         0.739,         0.195
         0.058,         0.739,         0.195
         0.058,         0.744,         0.194
         0.059,         0.744,         0.193
         0.059,         0.744,         0.193
         0.060,         0.744,         0.193
         0.061,         0.744,         0.192
         0.061,         0.744,         0.192
         0.062,         0.744,         0.192
         0.062,         0.744,         0.192
         0.063,         0.744,         0.191
         0.063,         0.744,         0.191
         0.064,         0.749,         0.190
         0.064,         0.749,         0.189
         0.067,         0.749,         0.189
         0.068,         0.749,         0.188
         0.068,         0.749,         0.188
         0.068,         0.749,         0.188
         0.069,         0.749,         0.188
         0.069,         0.754,         0.187
         0.070,         0.754,         0.187
         0.070,         0.754,         0.186
         0.070,         0.754,         0.186
         0.071,         0.754,         0.186
         0.071,         0.754,         0.186
         0.072,         0.754,         0.186
         0.072,         0.754,         0.185
         0.073,         0.768,         0.184
         0.074,         0.768,         0.183
         0.074,         0.773,         0.183
         0.074,         0.777,         0.182
         0.074,         0.777,         0.182
         0.075,         0.782,         0.182
         0.075,         0.782,         0.182
         0.075,         0.782,         0.181
         0.076,         0.782,         0.181
         0.076,         0.787,         0.181
         0.076,         0.787,         0.181
         0.076,         0.787,         0.181
         0.077,         0.787,         0.180
         0.077,         0.787,         0.180
         0.078,         0.787,         0.179
         0.078,         0.787,         0.178
         0.079,         0.787,         0.178
         0.081,         0.787,         0.178
         0.081,         0.787,         0.178
         0.081,         0.787,         0.177
         0.082,         0.787,         0.177
         0.082,         0.791,         0.177
         0.082,         0.796,         0.177
         0.083,         0.796,         0.176
         0.083,         0.801,         0.176
         0.083,         0.801,         0.175
         0.084,         0.801,         0.175
         0.085,         0.801,         0.174
         0.085,         0.806,         0.174
         0.086,         0.806,         0.174
         0.086,         0.806,         0.174
         0.087,         0.806,         0.173
         0.088,         0.806,         0.172
         0.089,         0.806,         0.172
         0.089,         0.806,         0.172
         0.089,         0.810,         0.172
         0.089,         0.810,         0.172
         0.089,         0.810,         0.171
         0.090,         0.810,         0.171
         0.091,         0.810,         0.171
         0.092,         0.810,         0.170
         0.092,         0.810,         0.170
         0.094,         0.810,         0.169
         0.094,         0.810,         0.169
         0.095,         0.810,         0.168
         0.096,         0.810,         0.168
         0.097,         0.810,         0.168
         0.097,         0.810,         0.167
         0.098,         0.810,         0.166
         0.099,         0.810,         0.166
         0.099,         0.810,         0.166
         0.099,         0.810,         0.166
         0.100,         0.810,         0.165
         0.100,         0.810,         0.165
         0.100,         0.815,         0.165
         0.102,         0.815,         0.165
         0.102,         0.820,         0.165
         0.102,         0.820,         0.164
         0.102,         0.825,         0.164
         0.103,         0.825,         0.164
         0.104,         0.825,         0.164
         0.105,         0.825,         0.164
         0.105,         0.829,         0.163
         0.106,         0.829,         0.163
         0.107,         0.829,         0.162
         0.107,         0.829,         0.162
         0.108,         0.829,         0.162
         0.108,         0.829,         0.161
         0.108,         0.829,         0.161
         0.109,         0.829,         0.160
         0.109,         0.829,         0.160
         0.110,         0.829,         0.160
         0.111,         0.829,         0.159
         0.111,         0.829,         0.159
         0.111,         0.829,         0.159
         0.113,         0.829,         0.158
         0.114,         0.834,         0.158
         0.114,         0.834,         0.158
         0.115,         0.834,         0.157
         0.116,         0.834,         0.157
         0.116,         0.834,         0.156
         0.118,         0.834,         0.156
         0.119,         0.834,         0.155
         0.119,         0.839,         0.155
         0.119,         0.839,         0.155
         0.120,         0.839,         0.155
         0.121,         0.839,         0.154
         0.122,         0.839,         0.154
         0.122,         0.839,         0.154
         0.123,         0.839,         0.153
         0.124,         0.839,         0.153
         0.125,         0.839,         0.153
         0.125,         0.839,         0.152
         0.126,         0.839,         0.152
         0.128,         0.839,         0.151
         0.128,         0.839,         0.151
         0.128,         0.839,         0.150
         0.129,         0.839,         0.150
         0.130,         0.839,         0.149
         0.130,         0.839,         0.149
         0.131,         0.839,         0.149
         0.132,         0.839,         0.148
         0.132,         0.839,         0.148
         0.133,         0.839,         0.148
         0.133,         0.839,         0.148
         0.134,         0.839,         0.147
         0.135,         0.839,         0.147
         0.135,         0.839,         0.146
         0.136,         0.839,         0.146
         0.136,         0.839,         0.146
         0.137,         0.839,         0.146
         0.138,         0.839,         0.145
         0.138,         0.839,         0.145
         0.138,         0.839,         0.145
         0.138,         0.839,         0.144
         0.139,         0.839,         0.144
         0.140,         0.839,         0.144
         0.140,         0.839,         0.143
         0.141,         0.839,         0.143
         0.142,         0.839,         0.142
         0.142,         0.839,         0.142
         0.143,         0.839,         0.142
         0.143,         0.839,         0.141
         0.143,         0.844,         0.141
         0.144,         0.848,         0.141
         0.145,         0.848,         0.141
         0.145,         0.848,         0.140
         0.146,         0.848,         0.140
         0.146,         0.848,         0.138
         0.146,         0.853,         0.138
         0.146,         0.853,         0.138
         0.146,         0.853,         0.137
         0.147,         0.853,         0.137
         0.147,         0.853,         0.137
         0.148,         0.853,         0.136
         0.148,         0.853,         0.136
         0.149,         0.853,         0.136
         0.149,         0.853,         0.135
         0.149,         0.853,         0.135
         0.150,         0.853,         0.135
         0.150,         0.853,         0.134
         0.150,         0.858,         0.134
         0.151,         0.858,         0.134
         0.151,         0.858,         0.134
         0.151,         0.858,         0.133
         0.152,         0.858,         0.133
         0.153,         0.858,         0.133
         0.153,         0.858,         0.132
         0.154,         0.858,         0.131
         0.154,         0.858,         0.131
         0.154,         0.858,         0.131
         0.155,         0.858,         0.130
         0.156,         0.858,         0.129
         0.156,         0.858,         0.129
         0.156,         0.858,         0.128
         0.157,         0.858,         0.126
         0.158,         0.858,         0.126
         0.158,         0.858,         0.125
         0.159,         0.858,         0.125
         0.159,         0.858,         0.125
         0.159,         0.858,         0.125
         0.160,         0.858,         0.124
         0.160,         0.858,         0.123
         0.161,         0.858,         0.123
         0.161,         0.858,         0.122
         0.162,         0.858,         0.121
         0.162,         0.858,         0.120
         0.162,         0.863,         0.119
         0.164,         0.863,         0.112
         0.164,         0.867,         0.112
         0.164,         0.867,         0.112
         0.165,         0.867,         0.110
         0.165,         0.872,         0.109
         0.165,         0.872,         0.109
         0.166,         0.872,         0.108
         0.166,         0.872,         0.108
         0.167,         0.872,         0.106
         0.167,         0.877,         0.106
         0.167,         0.877,         0.105
         0.168,         0.877,         0.105
         0.168,         0.877,         0.104
         0.169,         0.877,         0.103
         0.169,         0.877,         0.103
         0.169,         0.882,         0.103
         0.170,         0.882,         0.102
         0.171,         0.882,         0.101
         0.171,         0.882,         0.101
         0.171,         0.882,         0.100
         0.171,         0.886,         0.099
         0.172,         0.886,         0.097
         0.173,         0.886,         0.097
         0.173,         0.886,         0.096
         0.173,         0.886,         0.096
         0.174,         0.886,         0.095
         0.174,         0.886,         0.095
         0.174,         0.886,         0.094
         0.175,         0.891,         0.094
         0.175,         0.891,         0.093
         0.175,         0.891,         0.093
         0.176,         0.891,         0.092
         0.176,         0.896,         0.091
         0.176,         0.896,         0.091
         0.177,         0.896,         0.091
         0.177,         0.896,         0.091
         0.178,         0.896,         0.090
         0.178,         0.896,         0.090
         0.179,         0.896,         0.089
         0.180,         0.896,         0.088
         0.180,         0.896,         0.087
         0.180,         0.896,         0.086
         0.181,         0.896,         0.086
         0.181,         0.896,         0.085
         0.181,         0.900,         0.085
         0.182,         0.900,         0.083
         0.183,         0.900,         0.083
         0.183,         0.905,         0.083
         0.183,         0.905,         0.082
         0.185,         0.905,         0.081
         0.185,         0.905,         0.081
         0.185,         0.905,         0.080
         0.186,         0.905,         0.080
         0.186,         0.905,         0.079
         0.187,         0.905,         0.079
         0.188,         0.905,         0.078
         0.188,         0.905,         0.078
         0.188,         0.910,         0.078
         0.189,         0.910,         0.078
         0.189,         0.910,         0.078
         0.190,         0.910,         0.077
         0.190,         0.910,         0.077
         0.191,         0.910,         0.077
         0.191,         0.910,         0.076
         0.192,         0.910,         0.076
         0.192,         0.910,         0.076
         0.193,         0.910,         0.076
         0.193,         0.910,         0.075
         0.193,         0.910,         0.075
         0.194,         0.919,         0.074
         0.195,         0.919,         0.074
         0.195,         0.924,         0.074
         0.196,         0.924,         0.072
         0.196,         0.924,         0.071
         0.197,         0.924,         0.071
         0.198,         0.924,         0.071
         0.198,         0.924,         0.071
         0.198,         0.924,         0.070
         0.199,         0.924,         0.070
         0.199,         0.924,         0.070
         0.200,         0.924,         0.069
         0.201,         0.924,         0.068
         0.202,         0.924,         0.068
         0.202,         0.924,         0.068
         0.203,         0.924,         0.067
         0.203,         0.924,         0.067
         0.204,         0.924,         0.067
         0.205,         0.924,         0.067
         0.206,         0.924,         0.067
         0.206,         0.924,         0.067
         0.206,         0.924,         0.066
         0.207,         0.924,         0.066
         0.207,         0.924,         0.066
         0.208,         0.924,         0.065
         0.208,         0.924,         0.065
         0.209,         0.924,         0.065
         0.209,         0.924,         0.064
         0.210,         0.924,         0.064
         0.210,         0.924,         0.064
         0.212,         0.924,         0.063
         0.212,         0.924,         0.063
         0.213,         0.924,         0.062
         0.214,         0.924,         0.061
         0.214,         0.924,         0.061
         0.214,         0.924,         0.061
         0.215,         0.929,         0.060
         0.216,         0.929,         0.060
         0.217,         0.929,         0.059
         0.218,         0.929,         0.058
         0.218,         0.929,         0.058
         0.218,         0.929,         0.058
         0.219,         0.929,         0.058
         0.219,         0.929,         0.057
         0.220,         0.929,         0.057
         0.220,         0.929,         0.057
         0.222,         0.929,         0.056
         0.223,         0.929,         0.056
         0.223,         0.929,         0.056
         0.223,         0.929,         0.056
         0.224,         0.929,         0.056
         0.224,         0.929,         0.056
         0.224,         0.929,         0.055
         0.225,         0.929,         0.055
         0.225,         0.929,         0.055
         0.226,         0.929,         0.055
         0.226,         0.929,         0.054
         0.226,         0.929,         0.054
         0.228,         0.929,         0.053
         0.228,         0.929,         0.053
         0.229,         0.929,         0.053
         0.229,         0.929,         0.053
         0.229,         0.929,         0.053
         0.230,         0.929,         0.052
         0.231,         0.929,         0.052
         0.231,         0.929,         0.051
         0.232,         0.929,         0.051
         0.232,         0.929,         0.051
         0.233,         0.929,         0.051
         0.233,         0.929,         0.050
         0.234,         0.929,         0.050
         0.234,         0.929,         0.050
         0.234,         0.929,         0.050
         0.235,         0.929,         0.050
         0.235,         0.929,         0.049
         0.236,         0.929,         0.049
         0.236,         0.929,         0.049
         0.237,         0.929,         0.048
         0.238,         0.929,         0.048
         0.239,         0.929,         0.048
         0.239,         0.929,         0.047
         0.240,         0.929,         0.047
         0.240,         0.929,         0.047
         0.241,         0.929,         0.047
         0.241,         0.929,         0.047
         0.242,         0.929,         0.047
         0.242,         0.929,         0.046
         0.243,         0.929,         0.046
         0.243,         0.929,         0.046
         0.244,         0.929,         0.046
         0.244,         0.934,         0.046
         0.244,         0.934,         0.046
         0.245,         0.934,         0.046
         0.245,         0.934,         0.045
         0.246,         0.934,         0.045
         0.246,         0.934,         0.045
         0.247,         0.934,         0.044
         0.248,         0.934,         0.044
         0.248,         0.934,         0.043
         0.249,         0.934,         0.043
         0.249,         0.934,         0.043
         0.250,         0.934,         0.043
         0.251,         0.934,         0.042
         0.251,         0.934,         0.042
         0.251,         0.934,         0.042
         0.252,         0.938,         0.042
         0.253,         0.938,         0.041
         0.254,         0.938,         0.041
         0.254,         0.938,         0.041
         0.255,         0.938,         0.041
         0.255,         0.938,         0.041
         0.256,         0.938,         0.041
         0.256,         0.938,         0.040
         0.257,         0.938,         0.040
         0.258,         0.938,         0.040
         0.258,         0.938,         0.040
         0.259,         0.938,         0.040
         0.259,         0.938,         0.040
         0.260,         0.938,         0.039
         0.260,         0.938,         0.039
         0.260,         0.938,         0.039
         0.261,         0.938,         0.039
         0.262,         0.938,         0.039
         0.262,         0.938,         0.038
         0.262,         0.938,         0.038
         0.263,         0.943,         0.038
         0.263,         0.943,         0.038
         0.264,         0.943,         0.038
         0.265,         0.943,         0.037
         0.266,         0.943,         0.037
         0.267,         0.943,         0.037
         0.267,         0.943,         0.037
         0.267,         0.943,         0.037
         0.268,         0.943,         0.036
         0.269,         0.943,         0.036
         0.270,         0.943,         0.036
         0.271,         0.943,         0.036
         0.272,         0.943,         0.035
         0.272,         0.943,         0.035
         0.273,         0.943,         0.035
         0.273,         0.943,         0.034
         0.274,         0.948,         0.034
         0.275,         0.948,         0.034
         0.275,         0.948,         0.034
         0.276,         0.948,         0.034
         0.276,         0.948,         0.033
         0.277,         0.948,         0.033
         0.277,         0.948,         0.033
         0.278,         0.948,         0.033
         0.278,         0.948,         0.033
         0.279,         0.948,         0.033
         0.281,         0.948,         0.033
         0.282,         0.948,         0.032
         0.283,         0.948,         0.032
         0.284,         0.948,         0.032
         0.285,         0.948,         0.032
         0.286,         0.948,         0.032
         0.287,         0.948,         0.031
         0.287,         0.948,         0.031
         0.288,         0.948,         0.031
         0.288,         0.948,         0.031
         0.288,         0.948,         0.031
         0.289,         0.948,         0.031
         0.290,         0.948,         0.030
         0.290,         0.948,         0.030
         0.291,         0.948,         0.030
         0.292,         0.948,         0.030
         0.292,         0.948,         0.030
         0.293,         0.948,         0.030
         0.294,         0.948,         0.030
         0.294,         0.948,         0.029
         0.294,         0.948,         0.029
         0.295,         0.948,         0.029
         0.295,         0.948,         0.029
         0.297,         0.948,         0.029
         0.299,         0.948,         0.028
         0.302,         0.948,         0.028
         0.303,         0.948,         0.028
         0.304,         0.948,         0.028
         0.305,         0.948,         0.028
         0.306,         0.948,         0.028
         0.307,         0.948,         0.027
         0.307,         0.948,         0.027
         0.309,         0.948,         0.027
         0.310,         0.948,         0.027
         0.311,         0.948,         0.027
         0.311,         0.948,         0.027
         0.312,         0.948,         0.027
         0.314,         0.948,         0.026
         0.314,         0.948,         0.026
         0.317,         0.948,         0.026
         0.317,         0.948,         0.026
         0.318,         0.948,         0.026
         0.319,         0.948,         0.026
         0.320,         0.948,         0.025
         0.320,         0.948,         0.025
         0.321,         0.948,         0.025
         0.323,         0.948,         0.025
         0.323,         0.948,         0.025
         0.323,         0.948,         0.025
         0.326,         0.948,         0.025
         0.328,         0.948,         0.024
         0.329,         0.948,         0.024
         0.331,         0.948,         0.024
         0.332,         0.948,         0.024
         0.336,         0.948,         0.024
         0.336,         0.948,         0.023
         0.338,         0.948,         0.023
         0.339,         0.948,         0.023
         0.340,         0.948,         0.023
         0.341,         0.948,         0.023
         0.341,         0.948,         0.023
         0.343,         0.948,         0.023
         0.344,         0.948,         0.023
         0.345,         0.948,         0.023
         0.346,         0.948,         0.023
         0.346,         0.948,         0.022
         0.348,         0.948,         0.022
         0.348,         0.953,         0.022
         0.348,         0.953,         0.022
         0.349,         0.953,         0.022
         0.350,         0.953,         0.022
         0.351,         0.953,         0.021
         0.352,         0.953,         0.021
         0.353,         0.962,         0.021
         0.355,         0.962,         0.021
         0.355,         0.962,         0.021
         0.357,         0.962,         0.021
         0.357,         0.962,         0.021
         0.358,         0.962,         0.020
         0.362,         0.962,         0.020
         0.362,         0.962,         0.020
         0.365,         0.967,         0.020
         0.366,         0.967,         0.020
         0.367,         0.967,         0.020
         0.368,         0.967,         0.020
         0.368,         0.967,         0.020
         0.370,         0.967,         0.020
         0.371,         0.967,         0.019
         0.371,         0.967,         0.019
         0.372,         0.967,         0.019
         0.373,         0.967,         0.019
         0.376,         0.967,         0.019
         0.376,         0.967,         0.019
         0.378,         0.967,         0.018
         0.378,         0.967,         0.018
         0.380,         0.972,         0.018
         0.381,         0.972,         0.018
         0.382,         0.972,         0.018
         0.384,         0.972,         0.018
         0.386,         0.972,         0.018
         0.386,         0.972,         0.018
         0.388,         0.972,         0.018
         0.389,         0.972,         0.018
         0.391,         0.972,         0.017
         0.391,         0.972,         0.017
         0.392,         0.972,         0.017
         0.396,         0.976,         0.017
         0.397,         0.976,         0.017
         0.397,         0.976,         0.017
         0.399,         0.976,         0.017
         0.399,         0.976,         0.017
         0.401,         0.976,         0.017
         0.404,         0.976,         0.016
         0.408,         0.976,         0.016
         0.409,         0.976,         0.016
         0.410,         0.976,         0.016
         0.416,         0.976,         0.016
         0.418,         0.976,         0.016
         0.421,         0.976,         0.016
         0.422,         0.976,         0.016
         0.424,         0.976,         0.015
         0.427,         0.981,         0.015
         0.428,         0.981,         0.015
         0.430,         0.981,         0.015
         0.432,         0.981,         0.015
         0.434,         0.981,         0.015
         0.434,         0.981,         0.015
         0.435,         0.981,         0.014
         0.441,         0.986,         0.014
         0.442,         0.986,         0.014
         0.444,         0.986,         0.014
         0.444,         0.986,         0.014
         0.449,         0.986,         0.014
         0.451,         0.986,         0.014
         0.452,         0.986,         0.014
         0.454,         0.986,         0.013
         0.455,         0.986,         0.013
         0.456,         0.986,         0.013
         0.456,         0.986,         0.013
         0.458,         0.986,         0.013
         0.459,         0.986,         0.013
         0.461,         0.986,         0.013
         0.464,         0.986,         0.013
         0.464,         0.986,         0.012
         0.465,         0.986,         0.012
         0.467,         0.986,         0.012
         0.469,         0.986,         0.012
         0.478,         0.986,         0.012
         0.479,         0.986,         0.012
         0.479,         0.986,         0.012
         0.481,         0.986,         0.012
         0.486,         0.986,         0.011
         0.486,         0.986,         0.011
         0.493,         0.991,         0.011
         0.494,         0.991,         0.011
         0.498,         0.991,         0.011
         0.502,         0.991,         0.011
         0.505,         0.991,         0.011
         0.507,         0.991,         0.010
         0.507,         0.991,         0.010
         0.509,         0.991,         0.010
         0.513,         0.991,         0.010
         0.513,         0.991,         0.010
         0.516,         0.991,         0.010
         0.522,         0.991,         0.010
         0.522,         0.991,         0.010
         0.524,         0.991,         0.010
         0.524,         0.991,         0.010
         0.527,         0.991,         0.009
         0.533,         0.991,         0.009
         0.534,         0.991,         0.009
         0.540,         0.995,         0.009
         0.545,         0.995,         0.009
         0.546,         0.995,         0.009
         0.548,         0.995,         0.009
         0.548,         0.995,         0.009
         0.549,         0.995,         0.009
         0.557,         0.995,         0.009
         0.559,         0.995,         0.008
         0.560,         0.995,         0.008
         0.564,         0.995,         0.008
         0.565,         0.995,         0.008
         0.578,         0.995,         0.008
         0.578,         0.995,         0.008
         0.582,         0.995,         0.008
         0.585,         0.995,         0.008
         0.586,         0.995,         0.008
         0.588,         0.995,         0.007
         0.593,         0.995,         0.007
         0.596,         1.000,         0.007
         0.597,         1.000,         0.007
         0.604,         1.000,         0.007
         0.609,         1.000,         0.007
         0.609,         1.000,         0.007
         0.611,         1.000,         0.007
         0.612,         1.000,         0.006
         0.614,         1.000,         0.006
         0.619,         1.000,         0.006
         0.621,         1.000,         0.006
         0.627,         1.000,         0.006
         0.627,         1.000,         0.006
         0.629,         1.000,         0.006
         0.640,         1.000,         0.006
         0.641,         1.000,         0.006
         0.646,         1.000,         0.005
         0.646,         1.000,         0.005
         0.651,         1.000,         0.005
         0.652,         1.000,         0.005
         0.655,         1.000,         0.005
         0.656,         1.000,         0.005
         0.661,         1.000,         0.005
         0.661,         1.000,         0.005
         0.663,         1.000,         0.005
         0.672,         1.000,         0.005
         0.676,         1.000,         0.005
         0.677,         1.000,         0.004
         0.677,         1.000,         0.004
         0.682,         1.000,         0.004
         0.682,         1.000,         0.004
         0.702,         1.000,         0.004
         0.702,         1.000,         0.004
         0.705,         1.000,         0.004
         0.707,         1.000,         0.004
         0.715,         1.000,         0.004
         0.715,         1.000,         0.004
         0.716,         1.000,         0.003
         0.717,         1.000,         0.003
         0.723,         1.000,         0.003
         0.723,         1.000,         0.003
         0.724,         1.000,         0.003
         0.732,         1.000,         0.003
         0.733,         1.000,         0.003
         0.750,         1.000,         0.003
         0.755,         1.000,         0.003
         0.760,         1.000,         0.003
         0.761,         1.000,         0.002
         0.773,         1.000,         0.002
         0.774,         1.000,         0.002
         0.783,         1.000,         0.002
         0.783,         1.000,         0.002
         0.787,         1.000,         0.002
         0.788,         1.000,         0.002
         0.793,         1.000,         0.002
         0.799,         1.000,         0.002
         0.805,         1.000,         0.001
         0.809,         1.000,         0.001
         0.813,         1.000,         0.001
         0.815,         1.000,         0.001
         0.816,         1.000,         0.001
         0.816,         1.000,         0.001
         0.817,         1.000,         0.001
         0.818,         1.000,         0.001
         1.000,         1.000,         0.000
