false_pos_rate,true_pos_rate,threshold
         0.000,         0.000,         1.192
         0.000,         0.005,         0.192
         0.000,         0.028,         0.164
         0.000,         0.028,         0.164
         0.000,         0.076,         0.147
         0.000,         0.076,         0.146
         0.000,         0.085,         0.144
         0.001,         0.085,         0.143
         0.001,         0.109,         0.134
         0.001,         0.109,         0.133
         0.001,         0.175,         0.111
         0.001,         0.175,         0.109
         0.001,         0.180,         0.109
         0.001,         0.180,         0.109
         0.001,         0.246,         0.098
         0.001,         0.246,         0.097
         0.001,         0.261,         0.093
         0.001,         0.261,         0.087
         0.001,         0.275,         0.084
         0.002,         0.275,         0.084
         0.002,         0.284,         0.080
         0.002,         0.284,         0.080
         0.002,         0.299,         0.078
         0.002,         0.299,         0.078
         0.002,         0.303,         0.076
         0.002,         0.303,         0.074
         0.002,         0.318,         0.069
         0.003,         0.318,         0.068
         0.003,         0.322,         0.067
         0.003,         0.322,         0.067
         0.003,         0.327,         0.067
         0.003,         0.327,         0.065
         0.003,         0.336,         0.064
         0.004,         0.336,         0.064
         0.004,         0.341,         0.063
         0.004,         0.341,         0.062
         0.004,         0.360,         0.060
         0.004,         0.360,         0.059
         0.004,         0.365,         0.059
         0.005,         0.365,         0.058
         0.005,         0.384,         0.056
         0.005,         0.384,         0.054
         0.005,         0.393,         0.054
         0.005,         0.393,         0.053
         0.005,         0.403,         0.050
         0.006,         0.403,         0.049
         0.006,         0.412,         0.048
         0.006,         0.412,         0.047
         0.006,         0.417,         0.046
         0.007,         0.417,         0.046
         0.007,         0.422,         0.046
         0.007,         0.422,         0.045
         0.007,         0.431,         0.045
         0.008,         0.431,         0.044
         0.008,         0.436,         0.044
         0.008,         0.436,         0.043
         0.008,         0.441,         0.042
         0.008,         0.441,         0.041
         0.008,         0.445,         0.041
         0.009,         0.445,         0.041
         0.009,         0.450,         0.040
         0.009,         0.450,         0.039
         0.009,         0.469,         0.038
         0.011,         0.469,         0.036
         0.011,         0.474,         0.035
         0.011,         0.474,         0.035
         0.011,         0.479,         0.034
         0.012,         0.479,         0.034
         0.012,         0.498,         0.032
         0.012,         0.498,         0.031
         0.012,         0.502,         0.030
         0.012,         0.502,         0.030
         0.012,         0.507,         0.029
         0.013,         0.507,         0.027
         0.013,         0.517,         0.025
         0.013,         0.517,         0.023
         0.013,         0.521,         0.023
         0.013,         0.521,         0.023
         0.013,         0.531,         0.022
         0.014,         0.531,         0.022
         0.014,         0.536,         0.022
         0.014,         0.536,         0.021
         0.014,         0.540,         0.021
         0.014,         0.540,         0.020
         0.014,         0.550,         0.018
         0.016,         0.550,         0.014
         0.016,         0.555,         0.014
         0.017,         0.555,         0.011
         0.017,         0.564,         0.010
         0.017,         0.564,         0.009
         0.017,         0.573,         0.009
         0.019,         0.573,         0.005
         0.019,         0.578,         0.005
         0.019,         0.578,         0.004
         0.019,         0.583,         0.004
         0.022,         0.583,        -0.001
         0.022,         0.592,        -0.002
         0.023,         0.592,        -0.005
         0.023,         0.607,        -0.006
         0.023,         0.607,        -0.007
         0.023,         0.611,        -0.007
         0.023,         0.611,        -0.007
         0.023,         0.616,        -0.008
         0.025,         0.616,        -0.012
         0.025,         0.626,        -0.013
         0.026,         0.626,        -0.013
         0.026,         0.630,        -0.013
         0.026,         0.630,        -0.014
         0.026,         0.635,        -0.014
         0.026,         0.635,        -0.015
         0.026,         0.640,        -0.015
         0.027,         0.640,        -0.016
         0.027,         0.645,        -0.016
         0.029,         0.645,        -0.019
         0.029,         0.649,        -0.019
         0.031,         0.649,        -0.021
         0.031,         0.654,        -0.022
         0.031,         0.654,        -0.022
         0.031,         0.659,        -0.022
         0.033,         0.659,        -0.028
         0.033,         0.664,        -0.028
         0.034,         0.664,        -0.028
         0.034,         0.668,        -0.029
         0.034,         0.668,        -0.032
         0.034,         0.673,        -0.033
         0.035,         0.673,        -0.033
         0.035,         0.678,        -0.033
         0.037,         0.678,        -0.036
         0.037,         0.682,        -0.036
         0.037,         0.682,        -0.037
         0.037,         0.687,        -0.037
         0.038,         0.687,        -0.037
         0.038,         0.692,        -0.037
         0.039,         0.692,        -0.038
         0.039,         0.697,        -0.038
         0.044,         0.697,        -0.041
         0.044,         0.701,        -0.042
         0.045,         0.701,        -0.044
         0.045,         0.711,        -0.044
         0.046,         0.711,        -0.044
         0.046,         0.716,        -0.044
         0.046,         0.716,        -0.045
         0.046,         0.725,        -0.045
         0.046,         0.725,        -0.046
         0.046,         0.735,        -0.046
         0.047,         0.735,        -0.047
         0.047,         0.739,        -0.047
         0.049,         0.739,        -0.050
         0.049,         0.744,        -0.050
         0.050,         0.744,        -0.051
         0.050,         0.749,        -0.051
         0.053,         0.749,        -0.055
         0.053,         0.754,        -0.055
         0.056,         0.754,        -0.058
         0.056,         0.758,        -0.058
         0.064,         0.758,        -0.067
         0.064,         0.763,        -0.067
         0.064,         0.763,        -0.068
         0.064,         0.768,        -0.069
         0.069,         0.768,        -0.075
         0.069,         0.773,        -0.076
         0.071,         0.773,        -0.077
         0.071,         0.777,        -0.077
         0.076,         0.777,        -0.081
         0.076,         0.782,        -0.081
         0.081,         0.782,        -0.086
         0.081,         0.787,        -0.087
         0.087,         0.787,        -0.089
         0.087,         0.791,        -0.089
         0.087,         0.791,        -0.090
         0.087,         0.796,        -0.090
         0.088,         0.796,        -0.090
         0.088,         0.801,        -0.090
         0.088,         0.801,        -0.091
         0.088,         0.806,        -0.091
         0.089,         0.806,        -0.092
         0.089,         0.810,        -0.092
         0.090,         0.810,        -0.093
         0.090,         0.815,        -0.093
         0.091,         0.815,        -0.094
         0.091,         0.825,        -0.094
         0.092,         0.825,        -0.095
         0.092,         0.834,        -0.095
         0.095,         0.834,        -0.096
         0.095,         0.834,        -0.096
         0.097,         0.834,        -0.097
         0.097,         0.839,        -0.097
         0.098,         0.839,        -0.098
         0.098,         0.844,        -0.098
         0.100,         0.844,        -0.100
         0.100,         0.848,        -0.100
         0.103,         0.848,        -0.103
         0.103,         0.853,        -0.103
         0.106,         0.853,        -0.106
         0.106,         0.858,        -0.106
         0.107,         0.858,        -0.107
         0.107,         0.863,        -0.107
         0.113,         0.863,        -0.111
         0.113,         0.867,        -0.111
         0.117,         0.867,        -0.113
         0.117,         0.872,        -0.113
         0.118,         0.872,        -0.113
         0.118,         0.877,        -0.114
         0.128,         0.877,        -0.119
         0.128,         0.882,        -0.119
         0.139,         0.882,        -0.126
         0.139,         0.886,        -0.127
         0.140,         0.886,        -0.127
         0.140,         0.891,        -0.127
         0.140,         0.891,        -0.128
         0.140,         0.896,        -0.128
         0.141,         0.896,        -0.128
         0.141,         0.900,        -0.128
         0.151,         0.900,        -0.135
         0.151,         0.905,        -0.135
         0.151,         0.905,        -0.135
         0.151,         0.910,        -0.135
         0.155,         0.910,        -0.138
         0.155,         0.915,        -0.138
         0.155,         0.915,        -0.138
         0.155,         0.919,        -0.138
         0.170,         0.919,        -0.148
         0.170,         0.924,        -0.149
         0.171,         0.924,        -0.149
         0.172,         0.924,        -0.149
         0.184,         0.924,        -0.158
         0.184,         0.929,        -0.158
         0.195,         0.929,        -0.165
         0.195,         0.934,        -0.165
         0.206,         0.934,        -0.172
         0.206,         0.938,        -0.172
         0.214,         0.938,        -0.175
         0.216,         0.938,        -0.175
         0.217,         0.938,        -0.176
         0.217,         0.943,        -0.176
         0.223,         0.943,        -0.179
         0.223,         0.948,        -0.179
         0.243,         0.948,        -0.190
         0.243,         0.953,        -0.190
         0.244,         0.953,        -0.190
         0.244,         0.957,        -0.191
         0.246,         0.957,        -0.192
         0.246,         0.962,        -0.192
         0.253,         0.962,        -0.195
         0.253,         0.962,        -0.195
         0.261,         0.962,        -0.201
         0.261,         0.967,        -0.201
         0.303,         0.967,        -0.219
         0.303,         0.967,        -0.219
         0.307,         0.967,        -0.222
         0.307,         0.967,        -0.222
         0.314,         0.967,        -0.225
         0.314,         0.972,        -0.225
         0.315,         0.972,        -0.225
         0.316,         0.972,        -0.225
         0.328,         0.972,        -0.232
         0.328,         0.972,        -0.232
         0.363,         0.972,        -0.247
         0.363,         0.972,        -0.247
         0.404,         0.972,        -0.266
         0.404,         0.972,        -0.266
         0.404,         0.976,        -0.266
         0.433,         0.976,        -0.279
         0.433,         0.976,        -0.279
         0.517,         0.976,        -0.310
         0.518,         0.976,        -0.310
         0.518,         0.976,        -0.310
         0.518,         0.981,        -0.311
         0.520,         0.981,        -0.311
         0.520,         0.981,        -0.311
         0.523,         0.981,        -0.313
         0.523,         0.986,        -0.313
         0.530,         0.986,        -0.315
         0.531,         0.986,        -0.315
         0.536,         0.986,        -0.317
         0.537,         0.986,        -0.317
         0.538,         0.986,        -0.318
         0.539,         0.986,        -0.318
         0.542,         0.986,        -0.320
         0.542,         0.991,        -0.320
         0.543,         0.991,        -0.320
         0.543,         0.991,        -0.320
         0.564,         0.991,        -0.331
         0.565,         0.991,        -0.331
         0.566,         0.991,        -0.332
         0.567,         0.991,        -0.332
         0.603,         0.991,        -0.344
         0.603,         0.991,        -0.344
         0.611,         0.991,        -0.346
         0.611,         0.991,        -0.346
         0.618,         0.991,        -0.348
         0.618,         0.991,        -0.348
         0.640,         0.991,        -0.356
         0.642,         0.991,        -0.356
         0.642,         0.991,        -0.356
         0.642,         0.991,        -0.356
         0.645,         0.991,        -0.357
         0.645,         0.991,        -0.357
         0.658,         0.991,        -0.361
         0.658,         0.991,        -0.361
         0.661,         0.991,        -0.362
         0.661,         0.991,        -0.362
         0.663,         0.991,        -0.363
         0.664,         0.991,        -0.363
         0.682,         0.991,        -0.370
         0.683,         0.991,        -0.370
         0.690,         0.991,        -0.374
         0.708,         0.991,        -0.374
         0.710,         0.991,        -0.375
         0.711,         0.991,        -0.375
         0.724,         0.991,        -0.380
         0.725,         0.991,        -0.380
         0.732,         0.991,        -0.383
         0.732,         0.991,        -0.383
         0.736,         0.991,        -0.384
         0.736,         0.995,        -0.384
         0.743,         0.995,        -0.387
         0.743,         1.000,        -0.387
         0.751,         1.000,        -0.390
         0.751,         1.000,        -0.390
         0.757,         1.000,        -0.391
         0.758,         1.000,        -0.391
         0.758,         1.000,        -0.391
         0.760,         1.000,        -0.392
         0.760,         1.000,        -0.392
         0.769,         1.000,        -0.395
         0.769,         1.000,        -0.395
         0.771,         1.000,        -0.396
         0.771,         1.000,        -0.396
         0.776,         1.000,        -0.397
         0.777,         1.000,        -0.398
         0.778,         1.000,        -0.398
         0.778,         1.000,        -0.398
         0.784,         1.000,        -0.399
         0.784,         1.000,        -0.399
         0.792,         1.000,        -0.402
         0.792,         1.000,        -0.402
         0.814,         1.000,        -0.412
         0.814,         1.000,        -0.412
         0.830,         1.000,        -0.419
         0.831,         1.000,        -0.419
         0.840,         1.000,        -0.424
         0.841,         1.000,        -0.424
         0.855,         1.000,        -0.431
         0.856,         1.000,        -0.431
         0.863,         1.000,        -0.437
         0.864,         1.000,        -0.437
         0.871,         1.000,        -0.442
         0.871,         1.000,        -0.442
         0.883,         1.000,        -0.449
         0.883,         1.000,        -0.449
         0.885,         1.000,        -0.450
         0.885,         1.000,        -0.450
         0.892,         1.000,        -0.454
         0.893,         1.000,        -0.454
         0.895,         1.000,        -0.455
         0.895,         1.000,        -0.455
         0.912,         1.000,        -0.465
         0.915,         1.000,        -0.465
         0.927,         1.000,        -0.474
         0.927,         1.000,        -0.474
         0.983,         1.000,        -0.538
         0.983,         1.000,        -0.538
         1.000,         1.000,        -0.723
