false_pos_rate,true_pos_rate,threshold
         0.000,         0.000,         1.693
         0.000,         0.005,         0.693
         0.000,         0.066,         0.579
         0.000,         0.076,         0.572
         0.000,         0.114,         0.517
         0.000,         0.114,         0.517
         0.000,         0.128,         0.500
         0.000,         0.128,         0.495
         0.000,         0.199,         0.465
         0.025,         0.209,         0.463
         0.025,         0.209,         0.462
         0.025,         0.223,         0.454
         0.026,         0.223,         0.453
         0.026,         0.227,         0.451
         0.026,         0.227,         0.450
         0.026,         0.256,         0.439
         0.027,         0.256,         0.432
         0.027,         0.275,         0.427
         0.027,         0.284,         0.426
         0.027,         0.299,         0.423
         0.027,         0.299,         0.417
         0.027,         0.322,         0.409
         0.027,         0.322,         0.407
         0.027,         0.327,         0.405
         0.028,         0.327,         0.404
         0.028,         0.341,         0.402
         0.028,         0.341,         0.402
         0.028,         0.360,         0.393
         0.028,         0.360,         0.386
         0.028,         0.365,         0.381
         0.029,         0.365,         0.379
         0.029,         0.365,         0.378
         0.029,         0.370,         0.377
         0.029,         0.370,         0.376
         0.029,         0.379,         0.374
         0.029,         0.379,         0.374
         0.030,         0.379,         0.372
         0.031,         0.379,         0.367
         0.031,         0.384,         0.367
         0.031,         0.384,         0.365
         0.031,         0.384,         0.364
         0.031,         0.389,         0.364
         0.032,         0.389,         0.361
         0.032,         0.389,         0.359
         0.032,         0.393,         0.358
         0.034,         0.393,         0.356
         0.034,         0.393,         0.356
         0.034,         0.403,         0.351
         0.034,         0.403,         0.347
         0.034,         0.417,         0.345
         0.036,         0.422,         0.344
         0.037,         0.422,         0.344
         0.037,         0.427,         0.343
         0.037,         0.427,         0.342
         0.038,         0.427,         0.342
         0.038,         0.427,         0.340
         0.038,         0.431,         0.340
         0.038,         0.431,         0.339
         0.038,         0.436,         0.339
         0.040,         0.436,         0.339
         0.041,         0.436,         0.337
         0.041,         0.436,         0.337
         0.041,         0.436,         0.337
         0.043,         0.436,         0.336
         0.043,         0.436,         0.335
         0.043,         0.436,         0.335
         0.052,         0.441,         0.333
         0.052,         0.445,         0.332
         0.062,         0.460,         0.330
         0.063,         0.464,         0.330
         0.064,         0.464,         0.328
         0.064,         0.469,         0.327
         0.064,         0.469,         0.326
         0.065,         0.469,         0.325
         0.065,         0.469,         0.324
         0.066,         0.469,         0.323
         0.066,         0.469,         0.318
         0.066,         0.474,         0.318
         0.066,         0.474,         0.317
         0.067,         0.479,         0.317
         0.067,         0.483,         0.316
         0.067,         0.483,         0.315
         0.067,         0.488,         0.314
         0.067,         0.488,         0.314
         0.067,         0.493,         0.312
         0.067,         0.493,         0.312
         0.068,         0.493,         0.311
         0.068,         0.493,         0.310
         0.068,         0.498,         0.309
         0.068,         0.498,         0.308
         0.068,         0.498,         0.308
         0.069,         0.498,         0.307
         0.069,         0.507,         0.306
         0.070,         0.512,         0.304
         0.070,         0.512,         0.302
         0.070,         0.517,         0.302
         0.071,         0.521,         0.302
         0.071,         0.521,         0.301
         0.071,         0.526,         0.300
         0.071,         0.526,         0.299
         0.072,         0.526,         0.298
         0.072,         0.531,         0.297
         0.073,         0.531,         0.297
         0.073,         0.536,         0.296
         0.073,         0.536,         0.296
         0.074,         0.540,         0.295
         0.075,         0.540,         0.294
         0.075,         0.540,         0.293
         0.076,         0.540,         0.290
         0.076,         0.540,         0.290
         0.076,         0.545,         0.289
         0.077,         0.550,         0.288
         0.077,         0.559,         0.288
         0.077,         0.564,         0.286
         0.077,         0.564,         0.286
         0.078,         0.564,         0.286
         0.078,         0.573,         0.284
         0.080,         0.578,         0.284
         0.080,         0.578,         0.283
         0.080,         0.583,         0.283
         0.083,         0.588,         0.281
         0.083,         0.588,         0.280
         0.083,         0.588,         0.279
         0.087,         0.592,         0.279
         0.087,         0.592,         0.278
         0.088,         0.592,         0.277
         0.090,         0.592,         0.277
         0.090,         0.597,         0.275
         0.095,         0.602,         0.274
         0.095,         0.602,         0.274
         0.100,         0.602,         0.272
         0.101,         0.607,         0.272
         0.102,         0.607,         0.272
         0.102,         0.607,         0.271
         0.102,         0.611,         0.271
         0.103,         0.611,         0.270
         0.103,         0.611,         0.268
         0.104,         0.611,         0.268
         0.105,         0.611,         0.266
         0.106,         0.611,         0.266
         0.107,         0.616,         0.265
         0.107,         0.621,         0.265
         0.107,         0.626,         0.264
         0.108,         0.630,         0.263
         0.108,         0.630,         0.263
         0.109,         0.635,         0.262
         0.109,         0.640,         0.261
         0.109,         0.645,         0.260
         0.110,         0.645,         0.259
         0.110,         0.645,         0.259
         0.110,         0.649,         0.258
         0.110,         0.654,         0.257
         0.111,         0.654,         0.256
         0.112,         0.654,         0.256
         0.112,         0.654,         0.256
         0.112,         0.664,         0.254
         0.113,         0.664,         0.253
         0.113,         0.668,         0.253
         0.113,         0.668,         0.252
         0.113,         0.673,         0.252
         0.114,         0.673,         0.252
         0.114,         0.682,         0.251
         0.115,         0.682,         0.250
         0.115,         0.687,         0.250
         0.115,         0.692,         0.248
         0.115,         0.697,         0.248
         0.115,         0.697,         0.248
         0.116,         0.697,         0.248
         0.117,         0.697,         0.247
         0.117,         0.706,         0.246
         0.117,         0.706,         0.246
         0.118,         0.711,         0.246
         0.119,         0.711,         0.246
         0.120,         0.711,         0.245
         0.120,         0.716,         0.245
         0.120,         0.716,         0.245
         0.123,         0.725,         0.244
         0.123,         0.735,         0.243
         0.123,         0.735,         0.243
         0.123,         0.739,         0.243
         0.123,         0.739,         0.243
         0.123,         0.744,         0.243
         0.125,         0.744,         0.241
         0.127,         0.744,         0.239
         0.128,         0.744,         0.239
         0.128,         0.754,         0.239
         0.128,         0.754,         0.238
         0.129,         0.754,         0.237
         0.129,         0.754,         0.237
         0.130,         0.754,         0.236
         0.130,         0.758,         0.236
         0.130,         0.758,         0.235
         0.131,         0.758,         0.233
         0.131,         0.763,         0.231
         0.131,         0.763,         0.230
         0.132,         0.763,         0.230
         0.133,         0.763,         0.229
         0.133,         0.768,         0.228
         0.133,         0.768,         0.227
         0.134,         0.773,         0.227
         0.134,         0.773,         0.225
         0.135,         0.777,         0.225
         0.136,         0.782,         0.225
         0.136,         0.782,         0.224
         0.137,         0.791,         0.223
         0.138,         0.791,         0.222
         0.138,         0.791,         0.222
         0.139,         0.796,         0.221
         0.140,         0.796,         0.220
         0.140,         0.796,         0.218
         0.140,         0.801,         0.217
         0.140,         0.801,         0.217
         0.141,         0.801,         0.216
         0.141,         0.801,         0.216
         0.142,         0.801,         0.214
         0.143,         0.801,         0.214
         0.143,         0.801,         0.214
         0.144,         0.801,         0.212
         0.144,         0.801,         0.211
         0.145,         0.801,         0.210
         0.146,         0.801,         0.209
         0.146,         0.806,         0.208
         0.146,         0.806,         0.206
         0.147,         0.810,         0.205
         0.147,         0.810,         0.205
         0.147,         0.810,         0.204
         0.148,         0.810,         0.204
         0.148,         0.810,         0.202
         0.148,         0.810,         0.202
         0.149,         0.810,         0.202
         0.149,         0.815,         0.202
         0.149,         0.815,         0.201
         0.150,         0.815,         0.200
         0.150,         0.815,         0.200
         0.150,         0.820,         0.199
         0.150,         0.820,         0.199
         0.151,         0.820,         0.199
         0.151,         0.820,         0.198
         0.151,         0.829,         0.197
         0.151,         0.829,         0.197
         0.151,         0.834,         0.196
         0.152,         0.834,         0.196
         0.152,         0.834,         0.195
         0.153,         0.834,         0.195
         0.153,         0.834,         0.194
         0.154,         0.834,         0.192
         0.154,         0.834,         0.192
         0.154,         0.834,         0.189
         0.155,         0.834,         0.189
         0.156,         0.834,         0.181
         0.156,         0.834,         0.181
         0.157,         0.834,         0.178
         0.157,         0.834,         0.178
         0.163,         0.834,         0.177
         0.164,         0.834,         0.173
         0.164,         0.839,         0.172
         0.166,         0.839,         0.162
         0.166,         0.844,         0.161
         0.166,         0.844,         0.161
         0.168,         0.844,         0.160
         0.169,         0.844,         0.151
         0.170,         0.844,         0.151
         0.170,         0.844,         0.150
         0.171,         0.844,         0.149
         0.171,         0.848,         0.148
         0.171,         0.848,         0.148
         0.171,         0.848,         0.146
         0.172,         0.848,         0.145
         0.172,         0.848,         0.143
         0.172,         0.848,         0.143
         0.173,         0.848,         0.142
         0.173,         0.848,         0.141
         0.173,         0.853,         0.141
         0.174,         0.853,         0.138
         0.174,         0.858,         0.138
         0.174,         0.858,         0.137
         0.175,         0.858,         0.137
         0.176,         0.858,         0.135
         0.176,         0.858,         0.135
         0.178,         0.858,         0.134
         0.179,         0.858,         0.131
         0.180,         0.858,         0.131
         0.181,         0.858,         0.129
         0.185,         0.858,         0.128
         0.185,         0.858,         0.128
         0.186,         0.858,         0.128
         0.186,         0.858,         0.127
         0.187,         0.858,         0.127
         0.187,         0.863,         0.125
         0.187,         0.863,         0.125
         0.188,         0.863,         0.125
         0.188,         0.867,         0.125
         0.188,         0.867,         0.123
         0.188,         0.867,         0.122
         0.190,         0.867,         0.121
         0.190,         0.867,         0.121
         0.191,         0.867,         0.120
         0.191,         0.872,         0.119
         0.192,         0.872,         0.119
         0.193,         0.872,         0.117
         0.194,         0.872,         0.116
         0.194,         0.872,         0.115
         0.194,         0.877,         0.114
         0.195,         0.877,         0.114
         0.197,         0.877,         0.113
         0.197,         0.877,         0.112
         0.198,         0.877,         0.112
         0.199,         0.877,         0.110
         0.201,         0.877,         0.109
         0.203,         0.877,         0.109
         0.203,         0.877,         0.108
         0.203,         0.877,         0.108
         0.204,         0.877,         0.107
         0.205,         0.877,         0.107
         0.205,         0.877,         0.106
         0.205,         0.882,         0.106
         0.205,         0.882,         0.105
         0.206,         0.882,         0.105
         0.207,         0.882,         0.104
         0.207,         0.882,         0.103
         0.208,         0.882,         0.103
         0.209,         0.882,         0.102
         0.209,         0.882,         0.101
         0.210,         0.882,         0.101
         0.211,         0.882,         0.100
         0.211,         0.886,         0.099
         0.211,         0.886,         0.099
         0.212,         0.886,         0.097
         0.212,         0.891,         0.097
         0.213,         0.891,         0.097
         0.214,         0.891,         0.095
         0.214,         0.896,         0.095
         0.214,         0.896,         0.095
         0.215,         0.896,         0.094
         0.215,         0.900,         0.094
         0.215,         0.900,         0.092
         0.216,         0.900,         0.091
         0.216,         0.900,         0.091
         0.217,         0.900,         0.091
         0.217,         0.900,         0.090
         0.217,         0.900,         0.090
         0.218,         0.900,         0.089
         0.218,         0.900,         0.089
         0.218,         0.900,         0.088
         0.219,         0.900,         0.088
         0.219,         0.905,         0.087
         0.219,         0.905,         0.087
         0.220,         0.905,         0.086
         0.220,         0.905,         0.086
         0.220,         0.910,         0.085
         0.221,         0.910,         0.085
         0.221,         0.915,         0.085
         0.221,         0.915,         0.085
         0.222,         0.919,         0.085
         0.223,         0.919,         0.084
         0.223,         0.919,         0.084
         0.224,         0.919,         0.084
         0.226,         0.919,         0.083
         0.227,         0.919,         0.083
         0.227,         0.919,         0.082
         0.228,         0.919,         0.081
         0.229,         0.919,         0.079
         0.229,         0.924,         0.079
         0.229,         0.924,         0.079
         0.230,         0.924,         0.079
         0.230,         0.924,         0.077
         0.231,         0.924,         0.077
         0.233,         0.924,         0.076
         0.233,         0.924,         0.074
         0.235,         0.924,         0.074
         0.236,         0.924,         0.074
         0.236,         0.924,         0.072
         0.238,         0.924,         0.072
         0.239,         0.924,         0.072
         0.239,         0.924,         0.071
         0.239,         0.924,         0.071
         0.240,         0.924,         0.070
         0.240,         0.924,         0.070
         0.242,         0.924,         0.070
         0.242,         0.924,         0.069
         0.244,         0.924,         0.068
         0.244,         0.924,         0.068
         0.245,         0.924,         0.067
         0.245,         0.924,         0.067
         0.246,         0.924,         0.067
         0.247,         0.924,         0.066
         0.247,         0.924,         0.066
         0.247,         0.924,         0.065
         0.248,         0.924,         0.064
         0.249,         0.924,         0.064
         0.249,         0.924,         0.064
         0.250,         0.924,         0.063
         0.251,         0.924,         0.063
         0.251,         0.924,         0.062
         0.251,         0.924,         0.062
         0.252,         0.924,         0.062
         0.253,         0.924,         0.061
         0.253,         0.924,         0.061
         0.253,         0.929,         0.060
         0.254,         0.929,         0.059
         0.254,         0.929,         0.059
         0.254,         0.929,         0.059
         0.255,         0.929,         0.058
         0.255,         0.929,         0.058
         0.256,         0.929,         0.058
         0.256,         0.929,         0.058
         0.257,         0.929,         0.057
         0.265,         0.929,         0.056
         0.265,         0.929,         0.056
         0.266,         0.929,         0.054
         0.267,         0.929,         0.054
         0.267,         0.929,         0.054
         0.268,         0.934,         0.054
         0.268,         0.934,         0.054
         0.269,         0.934,         0.053
         0.269,         0.934,         0.053
         0.270,         0.934,         0.052
         0.271,         0.934,         0.052
         0.273,         0.934,         0.051
         0.274,         0.934,         0.051
         0.274,         0.934,         0.051
         0.275,         0.934,         0.050
         0.275,         0.934,         0.049
         0.277,         0.934,         0.049
         0.277,         0.934,         0.049
         0.278,         0.934,         0.048
         0.283,         0.934,         0.048
         0.284,         0.934,         0.048
         0.284,         0.934,         0.047
         0.285,         0.934,         0.047
         0.286,         0.934,         0.046
         0.287,         0.934,         0.046
         0.287,         0.934,         0.046
         0.292,         0.934,         0.046
         0.292,         0.934,         0.045
         0.293,         0.934,         0.044
         0.295,         0.934,         0.044
         0.296,         0.938,         0.044
         0.297,         0.938,         0.044
         0.298,         0.938,         0.043
         0.298,         0.938,         0.043
         0.305,         0.938,         0.043
         0.305,         0.938,         0.043
         0.306,         0.938,         0.042
         0.309,         0.943,         0.042
         0.309,         0.943,         0.042
         0.309,         0.943,         0.041
         0.311,         0.943,         0.041
         0.311,         0.943,         0.041
         0.319,         0.943,         0.040
         0.324,         0.943,         0.040
         0.325,         0.943,         0.040
         0.325,         0.943,         0.040
         0.330,         0.948,         0.040
         0.330,         0.948,         0.039
         0.333,         0.948,         0.038
         0.334,         0.948,         0.038
         0.335,         0.948,         0.038
         0.335,         0.948,         0.038
         0.339,         0.948,         0.037
         0.342,         0.948,         0.037
         0.342,         0.948,         0.037
         0.344,         0.948,         0.036
         0.345,         0.948,         0.036
         0.346,         0.948,         0.036
         0.346,         0.948,         0.035
         0.349,         0.953,         0.035
         0.349,         0.953,         0.035
         0.353,         0.953,         0.034
         0.355,         0.953,         0.034
         0.359,         0.953,         0.034
         0.359,         0.953,         0.033
         0.360,         0.953,         0.033
         0.362,         0.953,         0.033
         0.363,         0.953,         0.032
         0.365,         0.953,         0.032
         0.366,         0.953,         0.032
         0.366,         0.953,         0.031
         0.373,         0.953,         0.031
         0.373,         0.953,         0.031
         0.373,         0.953,         0.031
         0.373,         0.953,         0.031
         0.378,         0.953,         0.030
         0.381,         0.953,         0.030
         0.381,         0.953,         0.030
         0.381,         0.953,         0.030
         0.381,         0.953,         0.030
         0.382,         0.953,         0.029
         0.384,         0.953,         0.029
         0.385,         0.953,         0.028
         0.387,         0.953,         0.028
         0.388,         0.953,         0.028
         0.392,         0.957,         0.028
         0.393,         0.962,         0.027
         0.394,         0.962,         0.027
         0.394,         0.962,         0.026
         0.397,         0.962,         0.026
         0.397,         0.962,         0.026
         0.400,         0.962,         0.026
         0.403,         0.962,         0.026
         0.403,         0.962,         0.025
         0.405,         0.967,         0.025
         0.406,         0.967,         0.024
         0.406,         0.967,         0.024
         0.418,         0.967,         0.024
         0.420,         0.967,         0.023
         0.424,         0.967,         0.023
         0.425,         0.967,         0.023
         0.425,         0.972,         0.023
         0.425,         0.972,         0.023
         0.431,         0.972,         0.023
         0.433,         0.972,         0.022
         0.436,         0.972,         0.022
         0.436,         0.972,         0.021
         0.437,         0.972,         0.021
         0.437,         0.972,         0.021
         0.444,         0.972,         0.021
         0.445,         0.972,         0.020
         0.456,         0.976,         0.020
         0.466,         0.976,         0.020
         0.468,         0.976,         0.020
         0.469,         0.976,         0.020
         0.470,         0.976,         0.020
         0.470,         0.976,         0.019
         0.478,         0.981,         0.019
         0.479,         0.981,         0.018
         0.484,         0.981,         0.018
         0.486,         0.981,         0.018
         0.490,         0.986,         0.018
         0.490,         0.986,         0.017
         0.504,         0.995,         0.017
         0.504,         0.995,         0.017
         0.505,         0.995,         0.017
         0.506,         0.995,         0.016
         0.514,         0.995,         0.016
         0.516,         0.995,         0.016
         0.537,         0.995,         0.016
         0.537,         0.995,         0.015
         0.538,         0.995,         0.015
         0.538,         0.995,         0.015
         0.540,         0.995,         0.014
         0.557,         1.000,         0.014
         0.562,         1.000,         0.014
         0.573,         1.000,         0.014
         0.575,         1.000,         0.014
         0.575,         1.000,         0.013
         0.576,         1.000,         0.013
         0.576,         1.000,         0.013
         0.578,         1.000,         0.013
         0.578,         1.000,         0.012
         0.595,         1.000,         0.012
         0.604,         1.000,         0.012
         0.606,         1.000,         0.012
         0.619,         1.000,         0.011
         0.620,         1.000,         0.011
         0.620,         1.000,         0.011
         0.624,         1.000,         0.010
         0.625,         1.000,         0.010
         0.637,         1.000,         0.009
         0.637,         1.000,         0.009
         0.668,         1.000,         0.009
         0.669,         1.000,         0.008
         0.711,         1.000,         0.008
         0.712,         1.000,         0.008
         0.712,         1.000,         0.007
         0.717,         1.000,         0.007
         0.718,         1.000,         0.006
         0.743,         1.000,         0.006
         0.744,         1.000,         0.005
         0.818,         1.000,         0.004
         1.000,         1.000,         0.000
