false_pos_rate,true_pos_rate,threshold
         0.000,         0.000,         1.711
         0.000,         0.003,         0.711
         0.000,         0.008,         0.672
         0.000,         0.008,         0.661
         0.000,         0.011,         0.656
         0.000,         0.011,         0.653
         0.000,         0.014,         0.645
         0.001,         0.014,         0.639
         0.001,         0.017,         0.639
         0.001,         0.017,         0.637
         0.001,         0.023,         0.635
         0.001,         0.023,         0.633
         0.001,         0.031,         0.630
         0.002,         0.031,         0.628
         0.002,         0.034,         0.627
         0.002,         0.034,         0.624
         0.002,         0.037,         0.623
         0.003,         0.037,         0.621
         0.003,         0.048,         0.616
         0.003,         0.048,         0.615
         0.003,         0.054,         0.614
         0.003,         0.059,         0.613
         0.003,         0.062,         0.613
         0.003,         0.062,         0.611
         0.003,         0.073,         0.607
         0.003,         0.073,         0.607
         0.003,         0.076,         0.607
         0.004,         0.076,         0.601
         0.004,         0.082,         0.599
         0.005,         0.082,         0.597
         0.005,         0.087,         0.597
         0.005,         0.087,         0.595
         0.005,         0.093,         0.593
         0.007,         0.093,         0.590
         0.007,         0.096,         0.590
         0.007,         0.096,         0.589
         0.007,         0.099,         0.589
         0.008,         0.099,         0.588
         0.008,         0.101,         0.586
         0.008,         0.101,         0.585
         0.008,         0.115,         0.584
         0.008,         0.115,         0.584
         0.008,         0.118,         0.583
         0.008,         0.118,         0.583
         0.008,         0.121,         0.583
         0.008,         0.121,         0.583
         0.008,         0.124,         0.582
         0.009,         0.124,         0.582
         0.009,         0.127,         0.582
         0.009,         0.127,         0.581
         0.009,         0.130,         0.581
         0.010,         0.130,         0.579
         0.010,         0.135,         0.579
         0.010,         0.135,         0.578
         0.010,         0.141,         0.577
         0.011,         0.141,         0.577
         0.011,         0.144,         0.576
         0.012,         0.144,         0.575
         0.012,         0.146,         0.574
         0.012,         0.146,         0.573
         0.012,         0.155,         0.572
         0.013,         0.155,         0.571
         0.013,         0.155,         0.571
         0.013,         0.158,         0.571
         0.015,         0.158,         0.570
         0.015,         0.161,         0.570
         0.015,         0.161,         0.570
         0.015,         0.163,         0.570
         0.015,         0.163,         0.569
         0.015,         0.166,         0.569
         0.016,         0.166,         0.568
         0.016,         0.175,         0.567
         0.016,         0.175,         0.567
         0.016,         0.177,         0.566
         0.016,         0.177,         0.566
         0.016,         0.180,         0.566
         0.017,         0.180,         0.565
         0.017,         0.183,         0.565
         0.018,         0.183,         0.564
         0.018,         0.186,         0.564
         0.018,         0.186,         0.564
         0.018,         0.189,         0.564
         0.018,         0.189,         0.564
         0.018,         0.192,         0.563
         0.018,         0.192,         0.563
         0.018,         0.197,         0.563
         0.019,         0.197,         0.562
         0.019,         0.200,         0.562
         0.020,         0.200,         0.561
         0.020,         0.203,         0.561
         0.020,         0.203,         0.560
         0.020,         0.206,         0.560
         0.021,         0.206,         0.559
         0.021,         0.208,         0.559
         0.021,         0.208,         0.559
         0.021,         0.211,         0.558
         0.022,         0.211,         0.558
         0.022,         0.214,         0.558
         0.022,         0.214,         0.557
         0.022,         0.217,         0.557
         0.023,         0.217,         0.556
         0.023,         0.223,         0.555
         0.023,         0.223,         0.555
         0.023,         0.228,         0.554
         0.024,         0.228,         0.554
         0.024,         0.231,         0.554
         0.024,         0.231,         0.554
         0.024,         0.234,         0.553
         0.027,         0.234,         0.550
         0.027,         0.242,         0.549
         0.027,         0.242,         0.549
         0.027,         0.245,         0.549
         0.027,         0.245,         0.549
         0.027,         0.248,         0.549
         0.028,         0.248,         0.548
         0.028,         0.256,         0.548
         0.028,         0.256,         0.547
         0.028,         0.262,         0.546
         0.029,         0.262,         0.546
         0.029,         0.265,         0.546
         0.030,         0.265,         0.545
         0.030,         0.268,         0.545
         0.031,         0.268,         0.544
         0.031,         0.273,         0.543
         0.032,         0.273,         0.542
         0.032,         0.276,         0.542
         0.033,         0.276,         0.541
         0.033,         0.279,         0.541
         0.033,         0.279,         0.541
         0.033,         0.282,         0.541
         0.034,         0.282,         0.540
         0.034,         0.285,         0.540
         0.034,         0.285,         0.540
         0.034,         0.287,         0.540
         0.036,         0.287,         0.539
         0.036,         0.290,         0.539
         0.037,         0.290,         0.538
         0.037,         0.293,         0.538
         0.037,         0.293,         0.537
         0.037,         0.299,         0.537
         0.038,         0.299,         0.537
         0.038,         0.301,         0.537
         0.039,         0.301,         0.536
         0.039,         0.307,         0.535
         0.040,         0.307,         0.535
         0.040,         0.310,         0.535
         0.040,         0.310,         0.535
         0.040,         0.313,         0.535
         0.040,         0.313,         0.535
         0.040,         0.315,         0.534
         0.041,         0.315,         0.534
         0.041,         0.318,         0.534
         0.041,         0.318,         0.534
         0.041,         0.321,         0.534
         0.041,         0.321,         0.534
         0.041,         0.324,         0.534
         0.042,         0.324,         0.533
         0.042,         0.330,         0.533
         0.042,         0.330,         0.532
         0.042,         0.332,         0.532
         0.043,         0.332,         0.531
         0.043,         0.335,         0.531
         0.044,         0.335,         0.531
         0.044,         0.338,         0.530
         0.045,         0.338,         0.529
         0.045,         0.341,         0.529
         0.047,         0.341,         0.528
         0.047,         0.341,         0.528
         0.047,         0.341,         0.528
         0.047,         0.344,         0.527
         0.049,         0.344,         0.526
         0.049,         0.346,         0.526
         0.049,         0.346,         0.526
         0.049,         0.349,         0.526
         0.051,         0.349,         0.525
         0.051,         0.349,         0.525
         0.051,         0.352,         0.525
         0.052,         0.352,         0.524
         0.052,         0.355,         0.524
         0.053,         0.355,         0.524
         0.053,         0.358,         0.523
         0.054,         0.358,         0.522
         0.054,         0.361,         0.522
         0.055,         0.361,         0.522
         0.055,         0.363,         0.522
         0.057,         0.363,         0.519
         0.057,         0.366,         0.519
         0.058,         0.366,         0.519
         0.058,         0.372,         0.519
         0.059,         0.372,         0.518
         0.059,         0.375,         0.518
         0.063,         0.375,         0.515
         0.063,         0.377,         0.515
         0.066,         0.377,         0.514
         0.066,         0.380,         0.514
         0.067,         0.380,         0.513
         0.067,         0.383,         0.513
         0.068,         0.383,         0.513
         0.068,         0.383,         0.513
         0.069,         0.383,         0.513
         0.069,         0.386,         0.513
         0.069,         0.386,         0.513
         0.069,         0.389,         0.513
         0.070,         0.389,         0.512
         0.070,         0.392,         0.512
         0.074,         0.392,         0.510
         0.074,         0.394,         0.510
         0.075,         0.394,         0.510
         0.075,         0.397,         0.510
         0.076,         0.397,         0.509
         0.076,         0.403,         0.508
         0.077,         0.403,         0.508
         0.077,         0.406,         0.508
         0.077,         0.406,         0.508
         0.077,         0.408,         0.508
         0.080,         0.408,         0.506
         0.080,         0.411,         0.506
         0.082,         0.411,         0.506
         0.082,         0.414,         0.505
         0.083,         0.414,         0.505
         0.083,         0.417,         0.505
         0.084,         0.417,         0.505
         0.084,         0.420,         0.504
         0.084,         0.420,         0.504
         0.084,         0.423,         0.504
         0.086,         0.423,         0.503
         0.086,         0.428,         0.503
         0.086,         0.428,         0.503
         0.086,         0.434,         0.502
         0.088,         0.434,         0.502
         0.088,         0.437,         0.501
         0.089,         0.437,         0.501
         0.089,         0.439,         0.501
         0.089,         0.439,         0.501
         0.089,         0.442,         0.501
         0.090,         0.442,         0.500
         0.090,         0.445,         0.500
         0.091,         0.445,         0.500
         0.091,         0.448,         0.500
         0.095,         0.448,         0.497
         0.095,         0.451,         0.497
         0.097,         0.451,         0.496
         0.097,         0.454,         0.496
         0.097,         0.454,         0.496
         0.097,         0.456,         0.496
         0.099,         0.456,         0.495
         0.099,         0.459,         0.495
         0.103,         0.459,         0.493
         0.103,         0.462,         0.493
         0.103,         0.462,         0.493
         0.103,         0.465,         0.493
         0.104,         0.465,         0.492
         0.104,         0.470,         0.492
         0.109,         0.470,         0.490
         0.109,         0.476,         0.490
         0.110,         0.476,         0.489
         0.110,         0.479,         0.489
         0.110,         0.479,         0.489
         0.110,         0.482,         0.489
         0.111,         0.482,         0.489
         0.111,         0.485,         0.489
         0.113,         0.485,         0.488
         0.113,         0.487,         0.488
         0.114,         0.487,         0.488
         0.114,         0.493,         0.487
         0.115,         0.493,         0.487
         0.115,         0.496,         0.487
         0.116,         0.496,         0.486
         0.116,         0.499,         0.486
         0.118,         0.499,         0.485
         0.118,         0.501,         0.485
         0.122,         0.501,         0.484
         0.122,         0.507,         0.484
         0.126,         0.507,         0.483
         0.126,         0.510,         0.483
         0.127,         0.510,         0.483
         0.127,         0.513,         0.483
         0.136,         0.513,         0.479
         0.136,         0.515,         0.479
         0.140,         0.515,         0.478
         0.140,         0.518,         0.478
         0.141,         0.518,         0.477
         0.141,         0.521,         0.477
         0.144,         0.521,         0.476
         0.144,         0.524,         0.476
         0.146,         0.524,         0.474
         0.146,         0.530,         0.474
         0.147,         0.530,         0.474
         0.147,         0.535,         0.473
         0.149,         0.535,         0.473
         0.149,         0.538,         0.473
         0.154,         0.538,         0.471
         0.154,         0.538,         0.471
         0.156,         0.538,         0.470
         0.156,         0.541,         0.470
         0.158,         0.541,         0.469
         0.158,         0.544,         0.469
         0.161,         0.544,         0.468
         0.161,         0.546,         0.468
         0.166,         0.546,         0.466
         0.166,         0.549,         0.466
         0.176,         0.549,         0.461
         0.176,         0.552,         0.461
         0.179,         0.552,         0.460
         0.179,         0.555,         0.460
         0.181,         0.555,         0.460
         0.181,         0.558,         0.460
         0.182,         0.558,         0.459
         0.182,         0.561,         0.459
         0.185,         0.561,         0.458
         0.185,         0.563,         0.457
         0.188,         0.563,         0.456
         0.188,         0.566,         0.456
         0.189,         0.566,         0.456
         0.189,         0.569,         0.456
         0.193,         0.569,         0.455
         0.193,         0.572,         0.455
         0.202,         0.572,         0.451
         0.202,         0.575,         0.451
         0.202,         0.575,         0.451
         0.202,         0.577,         0.451
         0.207,         0.577,         0.450
         0.207,         0.580,         0.450
         0.212,         0.580,         0.448
         0.212,         0.583,         0.448
         0.213,         0.583,         0.447
         0.213,         0.586,         0.447
         0.214,         0.586,         0.447
         0.214,         0.589,         0.447
         0.216,         0.589,         0.446
         0.216,         0.592,         0.446
         0.219,         0.592,         0.445
         0.219,         0.594,         0.445
         0.227,         0.594,         0.442
         0.227,         0.597,         0.442
         0.230,         0.597,         0.441
         0.230,         0.600,         0.441
         0.232,         0.600,         0.440
         0.232,         0.603,         0.440
         0.233,         0.603,         0.440
         0.233,         0.606,         0.440
         0.233,         0.606,         0.440
         0.233,         0.608,         0.440
         0.234,         0.608,         0.439
         0.234,         0.611,         0.439
         0.238,         0.611,         0.438
         0.238,         0.614,         0.438
         0.240,         0.614,         0.437
         0.240,         0.620,         0.437
         0.244,         0.620,         0.436
         0.244,         0.623,         0.435
         0.245,         0.623,         0.435
         0.245,         0.625,         0.435
         0.245,         0.625,         0.435
         0.245,         0.631,         0.435
         0.246,         0.631,         0.435
         0.246,         0.634,         0.434
         0.247,         0.634,         0.434
         0.247,         0.637,         0.434
         0.250,         0.637,         0.434
         0.250,         0.642,         0.433
         0.266,         0.642,         0.427
         0.266,         0.645,         0.427
         0.268,         0.645,         0.426
         0.268,         0.648,         0.426
         0.268,         0.648,         0.426
         0.268,         0.651,         0.426
         0.271,         0.651,         0.425
         0.271,         0.656,         0.425
         0.275,         0.656,         0.424
         0.275,         0.659,         0.424
         0.275,         0.659,         0.424
         0.275,         0.662,         0.424
         0.275,         0.662,         0.424
         0.275,         0.665,         0.424
         0.279,         0.665,         0.423
         0.279,         0.668,         0.422
         0.284,         0.668,         0.420
         0.284,         0.668,         0.420
         0.286,         0.668,         0.420
         0.286,         0.670,         0.420
         0.287,         0.670,         0.419
         0.287,         0.673,         0.419
         0.290,         0.673,         0.419
         0.290,         0.676,         0.418
         0.294,         0.676,         0.417
         0.294,         0.679,         0.417
         0.295,         0.679,         0.417
         0.295,         0.682,         0.417
         0.301,         0.682,         0.415
         0.301,         0.685,         0.415
         0.305,         0.685,         0.414
         0.305,         0.687,         0.414
         0.307,         0.687,         0.413
         0.307,         0.690,         0.413
         0.313,         0.690,         0.412
         0.313,         0.693,         0.412
         0.313,         0.693,         0.412
         0.313,         0.696,         0.412
         0.320,         0.696,         0.409
         0.320,         0.699,         0.409
         0.330,         0.699,         0.407
         0.330,         0.701,         0.407
         0.330,         0.701,         0.407
         0.330,         0.704,         0.407
         0.330,         0.704,         0.407
         0.330,         0.707,         0.407
         0.338,         0.707,         0.405
         0.338,         0.710,         0.405
         0.344,         0.710,         0.403
         0.344,         0.713,         0.403
         0.346,         0.713,         0.402
         0.346,         0.715,         0.402
         0.348,         0.715,         0.401
         0.348,         0.718,         0.401
         0.350,         0.718,         0.401
         0.350,         0.721,         0.401
         0.352,         0.721,         0.401
         0.352,         0.724,         0.401
         0.354,         0.724,         0.400
         0.354,         0.727,         0.400
         0.356,         0.727,         0.399
         0.356,         0.730,         0.399
         0.357,         0.730,         0.399
         0.357,         0.732,         0.399
         0.362,         0.732,         0.397
         0.362,         0.735,         0.397
         0.364,         0.735,         0.397
         0.364,         0.738,         0.397
         0.377,         0.738,         0.393
         0.377,         0.744,         0.393
         0.377,         0.744,         0.393
         0.377,         0.746,         0.393
         0.380,         0.746,         0.392
         0.380,         0.749,         0.392
         0.381,         0.749,         0.392
         0.381,         0.752,         0.392
         0.382,         0.752,         0.391
         0.382,         0.755,         0.391
         0.388,         0.755,         0.390
         0.388,         0.758,         0.390
         0.389,         0.758,         0.389
         0.389,         0.761,         0.389
         0.390,         0.761,         0.389
         0.390,         0.763,         0.389
         0.391,         0.763,         0.388
         0.391,         0.766,         0.388
         0.392,         0.766,         0.388
         0.392,         0.769,         0.388
         0.393,         0.769,         0.388
         0.393,         0.777,         0.388
         0.394,         0.777,         0.387
         0.394,         0.780,         0.387
         0.397,         0.780,         0.387
         0.397,         0.783,         0.386
         0.399,         0.783,         0.386
         0.399,         0.786,         0.386
         0.410,         0.786,         0.383
         0.410,         0.789,         0.383
         0.426,         0.789,         0.379
         0.426,         0.792,         0.379
         0.429,         0.792,         0.378
         0.429,         0.792,         0.378
         0.430,         0.792,         0.378
         0.430,         0.794,         0.378
         0.432,         0.794,         0.378
         0.432,         0.797,         0.378
         0.438,         0.797,         0.376
         0.438,         0.800,         0.376
         0.439,         0.800,         0.375
         0.439,         0.803,         0.375
         0.443,         0.803,         0.374
         0.443,         0.806,         0.374
         0.444,         0.806,         0.374
         0.444,         0.808,         0.374
         0.451,         0.808,         0.372
         0.451,         0.811,         0.372
         0.455,         0.811,         0.371
         0.455,         0.814,         0.371
         0.459,         0.814,         0.370
         0.459,         0.817,         0.370
         0.461,         0.817,         0.369
         0.461,         0.820,         0.369
         0.463,         0.820,         0.369
         0.463,         0.823,         0.369
         0.472,         0.823,         0.366
         0.472,         0.825,         0.366
         0.475,         0.825,         0.365
         0.475,         0.825,         0.365
         0.476,         0.825,         0.365
         0.476,         0.828,         0.365
         0.479,         0.828,         0.365
         0.479,         0.831,         0.365
         0.479,         0.831,         0.365
         0.480,         0.831,         0.364
         0.480,         0.834,         0.364
         0.487,         0.834,         0.363
         0.487,         0.837,         0.363
         0.490,         0.837,         0.362
         0.490,         0.837,         0.362
         0.495,         0.837,         0.361
         0.495,         0.839,         0.360
         0.502,         0.839,         0.359
         0.503,         0.839,         0.359
         0.504,         0.839,         0.358
         0.504,         0.842,         0.358
         0.505,         0.842,         0.358
         0.505,         0.845,         0.357
         0.507,         0.845,         0.357
         0.507,         0.848,         0.357
         0.512,         0.848,         0.356
         0.512,         0.851,         0.356
         0.521,         0.851,         0.353
         0.521,         0.854,         0.353
         0.522,         0.854,         0.353
         0.522,         0.856,         0.353
         0.532,         0.856,         0.350
         0.532,         0.856,         0.350
         0.539,         0.856,         0.348
         0.539,         0.859,         0.348
         0.541,         0.859,         0.348
         0.541,         0.862,         0.348
         0.545,         0.862,         0.347
         0.545,         0.865,         0.347
         0.546,         0.865,         0.346
         0.546,         0.868,         0.346
         0.546,         0.868,         0.346
         0.546,         0.870,         0.346
         0.550,         0.870,         0.345
         0.551,         0.870,         0.345
         0.551,         0.870,         0.344
         0.551,         0.876,         0.344
         0.552,         0.876,         0.344
         0.552,         0.879,         0.344
         0.560,         0.879,         0.342
         0.560,         0.882,         0.342
         0.561,         0.882,         0.342
         0.561,         0.885,         0.342
         0.569,         0.885,         0.339
         0.569,         0.887,         0.339
         0.574,         0.887,         0.338
         0.574,         0.890,         0.338
         0.575,         0.890,         0.338
         0.575,         0.890,         0.338
         0.578,         0.890,         0.337
         0.578,         0.893,         0.337
         0.591,         0.893,         0.334
         0.591,         0.896,         0.334
         0.595,         0.896,         0.332
         0.595,         0.899,         0.332
         0.599,         0.899,         0.331
         0.599,         0.901,         0.331
         0.600,         0.901,         0.331
         0.600,         0.904,         0.331
         0.606,         0.904,         0.330
         0.606,         0.907,         0.330
         0.612,         0.907,         0.329
         0.612,         0.910,         0.329
         0.616,         0.910,         0.328
         0.616,         0.910,         0.328
         0.619,         0.910,         0.327
         0.619,         0.913,         0.327
         0.623,         0.913,         0.326
         0.623,         0.913,         0.326
         0.634,         0.913,         0.323
         0.634,         0.913,         0.323
         0.635,         0.913,         0.323
         0.635,         0.915,         0.323
         0.635,         0.915,         0.323
         0.635,         0.918,         0.323
         0.637,         0.918,         0.322
         0.637,         0.921,         0.322
         0.637,         0.921,         0.322
         0.637,         0.921,         0.322
         0.664,         0.921,         0.315
         0.664,         0.924,         0.315
         0.666,         0.924,         0.315
         0.666,         0.930,         0.315
         0.667,         0.930,         0.315
         0.667,         0.930,         0.315
         0.672,         0.930,         0.313
         0.673,         0.930,         0.313
         0.674,         0.930,         0.313
         0.674,         0.932,         0.313
         0.676,         0.932,         0.312
         0.676,         0.935,         0.312
         0.681,         0.935,         0.310
         0.681,         0.938,         0.310
         0.689,         0.938,         0.309
         0.690,         0.938,         0.309
         0.698,         0.938,         0.306
         0.698,         0.941,         0.306
         0.700,         0.941,         0.306
         0.700,         0.944,         0.306
         0.704,         0.944,         0.305
         0.705,         0.944,         0.305
         0.709,         0.944,         0.304
         0.710,         0.944,         0.304
         0.712,         0.944,         0.303
         0.712,         0.949,         0.303
         0.720,         0.949,         0.301
         0.720,         0.952,         0.301
         0.720,         0.952,         0.301
         0.721,         0.952,         0.301
         0.722,         0.952,         0.300
         0.722,         0.955,         0.300
         0.723,         0.955,         0.300
         0.723,         0.955,         0.300
         0.736,         0.955,         0.295
         0.736,         0.958,         0.295
         0.739,         0.958,         0.294
         0.739,         0.961,         0.294
         0.751,         0.961,         0.291
         0.751,         0.963,         0.291
         0.762,         0.963,         0.287
         0.762,         0.963,         0.287
         0.762,         0.966,         0.287
         0.777,         0.966,         0.282
         0.778,         0.966,         0.282
         0.781,         0.966,         0.280
         0.781,         0.969,         0.280
         0.782,         0.969,         0.280
         0.782,         0.975,         0.280
         0.785,         0.975,         0.279
         0.785,         0.977,         0.278
         0.795,         0.977,         0.274
         0.796,         0.977,         0.274
         0.812,         0.977,         0.267
         0.812,         0.977,         0.267
         0.818,         0.977,         0.265
         0.818,         0.977,         0.265
         0.819,         0.977,         0.264
         0.820,         0.977,         0.264
         0.826,         0.977,         0.262
         0.826,         0.983,         0.262
         0.828,         0.983,         0.261
         0.828,         0.983,         0.261
         0.832,         0.983,         0.260
         0.832,         0.983,         0.260
         0.838,         0.983,         0.257
         0.838,         0.986,         0.257
         0.841,         0.986,         0.256
         0.842,         0.986,         0.255
         0.846,         0.986,         0.254
         0.847,         0.986,         0.254
         0.850,         0.986,         0.252
         0.850,         0.986,         0.252
         0.854,         0.986,         0.250
         0.854,         0.986,         0.250
         0.886,         0.986,         0.234
         0.887,         0.986,         0.233
         0.901,         0.986,         0.226
         0.901,         0.992,         0.225
         0.924,         0.992,         0.209
         0.942,         0.992,         0.209
         0.944,         0.992,         0.208
         0.945,         0.992,         0.208
         0.945,         0.992,         0.208
         0.945,         0.994,         0.208
         0.953,         0.994,         0.199
         0.956,         0.994,         0.199
         0.956,         0.994,         0.199
         0.956,         0.997,         0.198
         0.958,         0.997,         0.196
         0.958,         1.000,         0.196
         0.958,         1.000,         0.196
         0.966,         1.000,         0.187
         0.967,         1.000,         0.187
         0.977,         1.000,         0.174
         0.977,         1.000,         0.173
         0.979,         1.000,         0.169
         0.980,         1.000,         0.169
         1.000,         1.000,         0.024
