false_pos_rate,true_pos_rate,threshold
         0.000,         0.000,         1.632
         0.004,         0.008,         0.632
         0.004,         0.017,         0.531
         0.004,         0.017,         0.516
         0.004,         0.028,         0.499
         0.004,         0.028,         0.482
         0.004,         0.031,         0.475
         0.005,         0.031,         0.462
         0.005,         0.037,         0.460
         0.005,         0.037,         0.458
         0.006,         0.037,         0.453
         0.006,         0.039,         0.453
         0.006,         0.039,         0.451
         0.007,         0.042,         0.449
         0.007,         0.045,         0.448
         0.010,         0.045,         0.447
         0.010,         0.045,         0.446
         0.010,         0.062,         0.438
         0.010,         0.062,         0.434
         0.010,         0.062,         0.426
         0.010,         0.076,         0.419
         0.011,         0.076,         0.417
         0.011,         0.090,         0.406
         0.011,         0.093,         0.406
         0.011,         0.096,         0.405
         0.011,         0.096,         0.400
         0.011,         0.101,         0.397
         0.011,         0.101,         0.397
         0.011,         0.104,         0.396
         0.012,         0.104,         0.396
         0.012,         0.110,         0.395
         0.012,         0.110,         0.391
         0.012,         0.113,         0.390
         0.012,         0.113,         0.388
         0.012,         0.115,         0.387
         0.013,         0.118,         0.386
         0.013,         0.118,         0.383
         0.014,         0.118,         0.383
         0.014,         0.121,         0.380
         0.014,         0.127,         0.380
         0.014,         0.127,         0.379
         0.014,         0.138,         0.376
         0.014,         0.141,         0.375
         0.014,         0.141,         0.374
         0.014,         0.149,         0.372
         0.015,         0.149,         0.372
         0.015,         0.149,         0.370
         0.015,         0.158,         0.369
         0.016,         0.158,         0.368
         0.016,         0.158,         0.367
         0.018,         0.158,         0.367
         0.018,         0.161,         0.366
         0.018,         0.163,         0.365
         0.019,         0.163,         0.365
         0.019,         0.166,         0.364
         0.019,         0.166,         0.364
         0.019,         0.169,         0.361
         0.020,         0.169,         0.359
         0.020,         0.177,         0.358
         0.020,         0.177,         0.357
         0.020,         0.177,         0.357
         0.020,         0.183,         0.353
         0.020,         0.183,         0.352
         0.020,         0.189,         0.352
         0.021,         0.189,         0.351
         0.021,         0.197,         0.347
         0.021,         0.197,         0.346
         0.021,         0.197,         0.345
         0.022,         0.200,         0.345
         0.022,         0.206,         0.344
         0.022,         0.206,         0.342
         0.022,         0.208,         0.342
         0.022,         0.208,         0.341
         0.022,         0.211,         0.339
         0.023,         0.211,         0.339
         0.023,         0.214,         0.338
         0.023,         0.214,         0.336
         0.023,         0.217,         0.336
         0.023,         0.217,         0.335
         0.023,         0.220,         0.335
         0.023,         0.220,         0.334
         0.023,         0.225,         0.332
         0.024,         0.225,         0.330
         0.024,         0.231,         0.330
         0.025,         0.231,         0.329
         0.025,         0.234,         0.329
         0.026,         0.234,         0.326
         0.026,         0.234,         0.325
         0.027,         0.234,         0.325
         0.027,         0.237,         0.324
         0.027,         0.237,         0.323
         0.027,         0.239,         0.322
         0.028,         0.242,         0.322
         0.028,         0.245,         0.322
         0.028,         0.245,         0.321
         0.029,         0.245,         0.319
         0.029,         0.245,         0.318
         0.030,         0.245,         0.317
         0.030,         0.245,         0.316
         0.030,         0.248,         0.316
         0.032,         0.248,         0.316
         0.033,         0.248,         0.312
         0.033,         0.254,         0.310
         0.034,         0.254,         0.310
         0.034,         0.262,         0.310
         0.034,         0.262,         0.309
         0.034,         0.265,         0.308
         0.034,         0.265,         0.307
         0.035,         0.265,         0.307
         0.035,         0.268,         0.306
         0.035,         0.268,         0.306
         0.035,         0.273,         0.305
         0.036,         0.273,         0.305
         0.036,         0.273,         0.305
         0.036,         0.276,         0.304
         0.036,         0.276,         0.304
         0.036,         0.279,         0.304
         0.037,         0.279,         0.304
         0.037,         0.282,         0.303
         0.038,         0.282,         0.301
         0.038,         0.285,         0.301
         0.038,         0.285,         0.301
         0.039,         0.285,         0.299
         0.039,         0.287,         0.299
         0.039,         0.287,         0.299
         0.039,         0.290,         0.299
         0.039,         0.290,         0.299
         0.040,         0.293,         0.298
         0.040,         0.293,         0.298
         0.040,         0.296,         0.298
         0.040,         0.296,         0.298
         0.040,         0.299,         0.298
         0.041,         0.299,         0.297
         0.041,         0.299,         0.296
         0.041,         0.301,         0.294
         0.041,         0.301,         0.294
         0.042,         0.301,         0.294
         0.042,         0.301,         0.291
         0.042,         0.304,         0.291
         0.043,         0.304,         0.291
         0.043,         0.304,         0.291
         0.044,         0.304,         0.290
         0.044,         0.304,         0.289
         0.044,         0.307,         0.289
         0.045,         0.307,         0.288
         0.046,         0.307,         0.288
         0.047,         0.307,         0.287
         0.048,         0.307,         0.287
         0.048,         0.307,         0.286
         0.049,         0.307,         0.286
         0.049,         0.307,         0.286
         0.050,         0.307,         0.285
         0.050,         0.310,         0.285
         0.050,         0.310,         0.285
         0.051,         0.310,         0.285
         0.051,         0.310,         0.285
         0.051,         0.310,         0.284
         0.051,         0.313,         0.284
         0.052,         0.313,         0.284
         0.052,         0.313,         0.283
         0.052,         0.318,         0.282
         0.053,         0.318,         0.281
         0.054,         0.321,         0.281
         0.054,         0.321,         0.280
         0.055,         0.321,         0.279
         0.055,         0.321,         0.279
         0.055,         0.324,         0.279
         0.056,         0.324,         0.278
         0.056,         0.327,         0.278
         0.056,         0.327,         0.276
         0.057,         0.327,         0.276
         0.057,         0.327,         0.275
         0.058,         0.327,         0.274
         0.058,         0.327,         0.274
         0.058,         0.330,         0.273
         0.059,         0.330,         0.272
         0.059,         0.332,         0.272
         0.060,         0.332,         0.271
         0.060,         0.335,         0.270
         0.062,         0.335,         0.267
         0.062,         0.335,         0.267
         0.062,         0.341,         0.266
         0.062,         0.341,         0.266
         0.063,         0.341,         0.265
         0.063,         0.341,         0.264
         0.064,         0.341,         0.264
         0.064,         0.341,         0.263
         0.065,         0.341,         0.263
         0.065,         0.344,         0.263
         0.065,         0.344,         0.262
         0.066,         0.344,         0.262
         0.066,         0.344,         0.262
         0.066,         0.344,         0.262
         0.067,         0.344,         0.262
         0.067,         0.344,         0.261
         0.068,         0.349,         0.261
         0.068,         0.349,         0.261
         0.069,         0.349,         0.260
         0.069,         0.349,         0.260
         0.070,         0.349,         0.259
         0.070,         0.349,         0.259
         0.071,         0.349,         0.259
         0.071,         0.349,         0.258
         0.071,         0.352,         0.258
         0.072,         0.352,         0.257
         0.072,         0.352,         0.257
         0.073,         0.352,         0.257
         0.073,         0.352,         0.257
         0.073,         0.352,         0.257
         0.074,         0.352,         0.256
         0.075,         0.352,         0.255
         0.075,         0.352,         0.255
         0.075,         0.358,         0.254
         0.075,         0.361,         0.254
         0.076,         0.361,         0.253
         0.076,         0.361,         0.253
         0.077,         0.361,         0.253
         0.077,         0.361,         0.252
         0.077,         0.361,         0.251
         0.078,         0.361,         0.249
         0.078,         0.361,         0.249
         0.079,         0.361,         0.249
         0.080,         0.361,         0.248
         0.080,         0.361,         0.248
         0.080,         0.361,         0.248
         0.081,         0.363,         0.248
         0.081,         0.363,         0.248
         0.081,         0.363,         0.247
         0.082,         0.363,         0.246
         0.082,         0.366,         0.246
         0.082,         0.366,         0.246
         0.083,         0.366,         0.246
         0.083,         0.366,         0.245
         0.084,         0.366,         0.245
         0.084,         0.366,         0.245
         0.084,         0.366,         0.244
         0.084,         0.366,         0.244
         0.085,         0.366,         0.244
         0.085,         0.369,         0.244
         0.085,         0.369,         0.243
         0.086,         0.369,         0.243
         0.086,         0.369,         0.242
         0.086,         0.369,         0.242
         0.086,         0.372,         0.242
         0.087,         0.375,         0.242
         0.087,         0.375,         0.241
         0.088,         0.375,         0.241
         0.088,         0.375,         0.241
         0.088,         0.377,         0.240
         0.088,         0.377,         0.240
         0.088,         0.380,         0.240
         0.089,         0.380,         0.240
         0.089,         0.380,         0.240
         0.089,         0.380,         0.240
         0.090,         0.380,         0.240
         0.090,         0.380,         0.239
         0.091,         0.380,         0.239
         0.091,         0.380,         0.239
         0.092,         0.380,         0.238
         0.093,         0.380,         0.238
         0.093,         0.380,         0.237
         0.093,         0.383,         0.236
         0.094,         0.383,         0.235
         0.094,         0.386,         0.235
         0.094,         0.386,         0.235
         0.094,         0.392,         0.234
         0.096,         0.392,         0.233
         0.096,         0.392,         0.233
         0.096,         0.392,         0.233
         0.096,         0.392,         0.233
         0.097,         0.392,         0.233
         0.098,         0.392,         0.232
         0.098,         0.392,         0.231
         0.099,         0.392,         0.231
         0.099,         0.394,         0.231
         0.100,         0.394,         0.231
         0.100,         0.394,         0.230
         0.100,         0.394,         0.230
         0.101,         0.397,         0.230
         0.101,         0.397,         0.229
         0.102,         0.397,         0.229
         0.102,         0.397,         0.228
         0.102,         0.403,         0.228
         0.103,         0.403,         0.228
         0.103,         0.403,         0.228
         0.104,         0.403,         0.228
         0.104,         0.403,         0.228
         0.104,         0.403,         0.227
         0.105,         0.403,         0.227
         0.105,         0.403,         0.227
         0.106,         0.403,         0.226
         0.107,         0.403,         0.226
         0.107,         0.403,         0.225
         0.107,         0.403,         0.225
         0.107,         0.406,         0.225
         0.108,         0.406,         0.225
         0.108,         0.406,         0.224
         0.109,         0.408,         0.224
         0.109,         0.408,         0.224
         0.110,         0.408,         0.223
         0.110,         0.408,         0.223
         0.111,         0.408,         0.223
         0.111,         0.408,         0.223
         0.111,         0.411,         0.223
         0.112,         0.411,         0.222
         0.112,         0.414,         0.222
         0.112,         0.414,         0.222
         0.113,         0.417,         0.221
         0.115,         0.420,         0.221
         0.115,         0.420,         0.221
         0.116,         0.420,         0.220
         0.116,         0.420,         0.219
         0.117,         0.420,         0.219
         0.117,         0.423,         0.219
         0.117,         0.423,         0.219
         0.117,         0.425,         0.218
         0.117,         0.428,         0.218
         0.117,         0.428,         0.218
         0.118,         0.428,         0.218
         0.118,         0.428,         0.216
         0.119,         0.428,         0.216
         0.119,         0.428,         0.216
         0.120,         0.428,         0.216
         0.120,         0.428,         0.216
         0.120,         0.434,         0.215
         0.121,         0.434,         0.215
         0.121,         0.434,         0.215
         0.122,         0.434,         0.214
         0.123,         0.434,         0.214
         0.123,         0.434,         0.213
         0.124,         0.434,         0.213
         0.124,         0.434,         0.213
         0.125,         0.434,         0.212
         0.125,         0.434,         0.212
         0.125,         0.437,         0.211
         0.125,         0.437,         0.211
         0.126,         0.437,         0.211
         0.126,         0.439,         0.211
         0.127,         0.439,         0.211
         0.127,         0.442,         0.210
         0.127,         0.442,         0.210
         0.128,         0.442,         0.210
         0.128,         0.442,         0.209
         0.128,         0.445,         0.209
         0.128,         0.445,         0.209
         0.129,         0.445,         0.208
         0.129,         0.445,         0.208
         0.130,         0.451,         0.208
         0.130,         0.454,         0.207
         0.131,         0.454,         0.207
         0.132,         0.454,         0.207
         0.132,         0.454,         0.206
         0.132,         0.456,         0.206
         0.132,         0.456,         0.206
         0.133,         0.456,         0.205
         0.134,         0.456,         0.205
         0.134,         0.456,         0.204
         0.136,         0.456,         0.202
         0.137,         0.456,         0.202
         0.137,         0.456,         0.202
         0.137,         0.459,         0.201
         0.137,         0.459,         0.201
         0.138,         0.459,         0.200
         0.138,         0.459,         0.200
         0.139,         0.462,         0.200
         0.139,         0.465,         0.199
         0.140,         0.465,         0.197
         0.141,         0.465,         0.197
         0.141,         0.465,         0.197
         0.141,         0.465,         0.196
         0.141,         0.468,         0.196
         0.142,         0.468,         0.196
         0.142,         0.468,         0.195
         0.143,         0.468,         0.193
         0.144,         0.468,         0.193
         0.144,         0.468,         0.193
         0.144,         0.468,         0.193
         0.146,         0.468,         0.191
         0.146,         0.468,         0.191
         0.146,         0.468,         0.191
         0.146,         0.470,         0.190
         0.148,         0.470,         0.187
         0.148,         0.470,         0.186
         0.149,         0.470,         0.186
         0.149,         0.470,         0.186
         0.150,         0.470,         0.185
         0.150,         0.473,         0.185
         0.150,         0.473,         0.184
         0.150,         0.476,         0.183
         0.151,         0.476,         0.182
         0.151,         0.482,         0.182
         0.152,         0.482,         0.182
         0.152,         0.482,         0.182
         0.152,         0.485,         0.182
         0.152,         0.485,         0.180
         0.152,         0.487,         0.180
         0.153,         0.487,         0.180
         0.153,         0.490,         0.179
         0.154,         0.490,         0.178
         0.154,         0.490,         0.177
         0.154,         0.490,         0.177
         0.154,         0.490,         0.177
         0.155,         0.490,         0.177
         0.156,         0.490,         0.175
         0.156,         0.493,         0.175
         0.156,         0.493,         0.175
         0.156,         0.493,         0.174
         0.157,         0.493,         0.174
         0.157,         0.499,         0.173
         0.157,         0.499,         0.172
         0.157,         0.501,         0.172
         0.157,         0.501,         0.172
         0.158,         0.501,         0.171
         0.158,         0.501,         0.170
         0.158,         0.504,         0.170
         0.158,         0.504,         0.170
         0.158,         0.507,         0.170
         0.158,         0.513,         0.169
         0.158,         0.515,         0.168
         0.158,         0.524,         0.168
         0.159,         0.524,         0.166
         0.159,         0.524,         0.165
         0.160,         0.524,         0.164
         0.160,         0.527,         0.163
         0.161,         0.527,         0.162
         0.161,         0.530,         0.162
         0.162,         0.530,         0.160
         0.162,         0.538,         0.159
         0.162,         0.538,         0.158
         0.163,         0.538,         0.158
         0.163,         0.541,         0.158
         0.163,         0.541,         0.157
         0.163,         0.546,         0.157
         0.163,         0.546,         0.157
         0.164,         0.546,         0.156
         0.164,         0.546,         0.155
         0.164,         0.552,         0.155
         0.166,         0.552,         0.150
         0.166,         0.555,         0.149
         0.166,         0.555,         0.147
         0.167,         0.558,         0.147
         0.167,         0.558,         0.146
         0.168,         0.561,         0.145
         0.168,         0.561,         0.145
         0.169,         0.561,         0.144
         0.169,         0.563,         0.144
         0.169,         0.563,         0.143
         0.170,         0.563,         0.143
         0.170,         0.563,         0.142
         0.170,         0.569,         0.142
         0.171,         0.569,         0.141
         0.171,         0.569,         0.140
         0.171,         0.569,         0.139
         0.172,         0.569,         0.139
         0.173,         0.569,         0.138
         0.173,         0.569,         0.138
         0.173,         0.572,         0.138
         0.173,         0.572,         0.137
         0.173,         0.577,         0.137
         0.174,         0.577,         0.137
         0.174,         0.577,         0.137
         0.174,         0.577,         0.135
         0.174,         0.580,         0.135
         0.175,         0.580,         0.135
         0.175,         0.580,         0.135
         0.176,         0.580,         0.135
         0.176,         0.580,         0.134
         0.176,         0.583,         0.134
         0.176,         0.586,         0.134
         0.176,         0.586,         0.134
         0.176,         0.589,         0.134
         0.177,         0.589,         0.133
         0.177,         0.589,         0.133
         0.178,         0.589,         0.131
         0.178,         0.592,         0.131
         0.179,         0.592,         0.130
         0.179,         0.594,         0.130
         0.180,         0.594,         0.130
         0.180,         0.597,         0.130
         0.180,         0.597,         0.129
         0.180,         0.600,         0.129
         0.180,         0.600,         0.129
         0.180,         0.603,         0.129
         0.181,         0.603,         0.128
         0.181,         0.606,         0.128
         0.181,         0.606,         0.128
         0.182,         0.606,         0.128
         0.183,         0.606,         0.126
         0.184,         0.606,         0.126
         0.184,         0.606,         0.125
         0.185,         0.606,         0.124
         0.185,         0.606,         0.123
         0.186,         0.606,         0.123
         0.186,         0.606,         0.123
         0.186,         0.608,         0.123
         0.187,         0.608,         0.122
         0.187,         0.608,         0.122
         0.187,         0.611,         0.122
         0.188,         0.611,         0.121
         0.189,         0.611,         0.121
         0.189,         0.611,         0.120
         0.189,         0.614,         0.120
         0.190,         0.614,         0.120
         0.191,         0.614,         0.118
         0.191,         0.614,         0.118
         0.191,         0.614,         0.118
         0.191,         0.617,         0.118
         0.191,         0.617,         0.117
         0.192,         0.617,         0.117
         0.193,         0.620,         0.117
         0.193,         0.620,         0.117
         0.195,         0.620,         0.117
         0.195,         0.620,         0.116
         0.196,         0.620,         0.116
         0.196,         0.620,         0.116
         0.196,         0.623,         0.116
         0.197,         0.623,         0.115
         0.197,         0.623,         0.115
         0.198,         0.623,         0.115
         0.198,         0.623,         0.114
         0.198,         0.623,         0.114
         0.198,         0.625,         0.114
         0.199,         0.625,         0.114
         0.199,         0.625,         0.113
         0.199,         0.625,         0.113
         0.200,         0.625,         0.113
         0.200,         0.628,         0.112
         0.200,         0.628,         0.112
         0.201,         0.628,         0.112
         0.201,         0.631,         0.112
         0.202,         0.631,         0.111
         0.202,         0.634,         0.111
         0.203,         0.634,         0.111
         0.204,         0.634,         0.110
         0.204,         0.634,         0.110
         0.205,         0.634,         0.110
         0.205,         0.634,         0.109
         0.205,         0.637,         0.109
         0.206,         0.637,         0.109
         0.206,         0.637,         0.109
         0.207,         0.637,         0.109
         0.207,         0.637,         0.108
         0.207,         0.637,         0.108
         0.208,         0.637,         0.108
         0.209,         0.637,         0.108
         0.209,         0.637,         0.107
         0.210,         0.637,         0.107
         0.211,         0.637,         0.106
         0.211,         0.639,         0.106
         0.211,         0.639,         0.106
         0.212,         0.639,         0.106
         0.212,         0.642,         0.106
         0.212,         0.645,         0.105
         0.212,         0.645,         0.105
         0.213,         0.645,         0.105
         0.213,         0.645,         0.104
         0.214,         0.645,         0.104
         0.214,         0.648,         0.104
         0.214,         0.651,         0.104
         0.215,         0.651,         0.104
         0.215,         0.651,         0.103
         0.216,         0.651,         0.103
         0.216,         0.654,         0.103
         0.216,         0.654,         0.103
         0.217,         0.656,         0.103
         0.217,         0.656,         0.103
         0.217,         0.659,         0.102
         0.217,         0.659,         0.102
         0.219,         0.659,         0.102
         0.219,         0.659,         0.101
         0.220,         0.659,         0.101
         0.220,         0.659,         0.101
         0.221,         0.659,         0.101
         0.221,         0.662,         0.100
         0.221,         0.662,         0.100
         0.222,         0.662,         0.100
         0.222,         0.662,         0.100
         0.223,         0.662,         0.100
         0.223,         0.662,         0.100
         0.223,         0.662,         0.100
         0.223,         0.665,         0.100
         0.224,         0.673,         0.099
         0.224,         0.673,         0.099
         0.224,         0.673,         0.099
         0.225,         0.673,         0.099
         0.225,         0.673,         0.098
         0.225,         0.676,         0.098
         0.226,         0.676,         0.098
         0.226,         0.676,         0.098
         0.227,         0.676,         0.097
         0.227,         0.676,         0.097
         0.227,         0.676,         0.097
         0.227,         0.679,         0.097
         0.228,         0.679,         0.097
         0.228,         0.679,         0.097
         0.228,         0.682,         0.097
         0.228,         0.682,         0.097
         0.229,         0.682,         0.096
         0.230,         0.682,         0.096
         0.230,         0.685,         0.096
         0.231,         0.685,         0.096
         0.231,         0.687,         0.096
         0.231,         0.687,         0.096
         0.231,         0.687,         0.096
         0.232,         0.687,         0.095
         0.232,         0.687,         0.095
         0.233,         0.687,         0.095
         0.233,         0.687,         0.095
         0.233,         0.687,         0.094
         0.234,         0.687,         0.094
         0.234,         0.687,         0.094
         0.235,         0.690,         0.094
         0.235,         0.690,         0.093
         0.236,         0.690,         0.093
         0.236,         0.693,         0.093
         0.236,         0.693,         0.093
         0.237,         0.693,         0.093
         0.237,         0.696,         0.092
         0.238,         0.696,         0.092
         0.238,         0.701,         0.092
         0.238,         0.701,         0.092
         0.238,         0.701,         0.092
         0.239,         0.704,         0.091
         0.239,         0.704,         0.091
         0.239,         0.704,         0.091
         0.240,         0.704,         0.091
         0.240,         0.704,         0.091
         0.240,         0.707,         0.090
         0.241,         0.707,         0.090
         0.241,         0.707,         0.089
         0.241,         0.707,         0.089
         0.241,         0.707,         0.089
         0.242,         0.707,         0.089
         0.242,         0.710,         0.089
         0.243,         0.710,         0.089
         0.243,         0.710,         0.089
         0.243,         0.710,         0.089
         0.244,         0.710,         0.088
         0.244,         0.710,         0.088
         0.244,         0.710,         0.088
         0.245,         0.710,         0.088
         0.245,         0.713,         0.088
         0.246,         0.713,         0.087
         0.246,         0.713,         0.087
         0.247,         0.713,         0.086
         0.248,         0.713,         0.086
         0.248,         0.713,         0.086
         0.249,         0.713,         0.086
         0.250,         0.713,         0.086
         0.250,         0.713,         0.086
         0.251,         0.713,         0.085
         0.251,         0.715,         0.085
         0.252,         0.715,         0.085
         0.253,         0.715,         0.085
         0.253,         0.718,         0.085
         0.253,         0.718,         0.085
         0.253,         0.718,         0.085
         0.254,         0.721,         0.085
         0.255,         0.721,         0.084
         0.255,         0.721,         0.084
         0.255,         0.721,         0.084
         0.256,         0.724,         0.084
         0.257,         0.724,         0.084
         0.257,         0.724,         0.083
         0.258,         0.724,         0.083
         0.258,         0.724,         0.083
         0.259,         0.724,         0.083
         0.259,         0.727,         0.083
         0.260,         0.727,         0.082
         0.260,         0.727,         0.082
         0.261,         0.727,         0.082
         0.261,         0.727,         0.082
         0.262,         0.727,         0.081
         0.262,         0.730,         0.081
         0.263,         0.730,         0.081
         0.263,         0.732,         0.081
         0.263,         0.732,         0.081
         0.263,         0.735,         0.081
         0.264,         0.738,         0.081
         0.264,         0.741,         0.081
         0.265,         0.741,         0.081
         0.265,         0.744,         0.081
         0.265,         0.744,         0.080
         0.266,         0.744,         0.080
         0.266,         0.746,         0.080
         0.267,         0.746,         0.080
         0.267,         0.746,         0.080
         0.267,         0.746,         0.080
         0.268,         0.749,         0.080
         0.268,         0.749,         0.080
         0.268,         0.749,         0.080
         0.269,         0.749,         0.080
         0.269,         0.749,         0.079
         0.270,         0.749,         0.079
         0.271,         0.749,         0.079
         0.271,         0.749,         0.079
         0.272,         0.749,         0.079
         0.272,         0.749,         0.078
         0.272,         0.752,         0.078
         0.273,         0.752,         0.078
         0.274,         0.752,         0.078
         0.275,         0.752,         0.078
         0.275,         0.752,         0.077
         0.276,         0.755,         0.077
         0.276,         0.755,         0.077
         0.277,         0.755,         0.077
         0.277,         0.755,         0.077
         0.278,         0.755,         0.076
         0.278,         0.758,         0.076
         0.278,         0.758,         0.076
         0.279,         0.761,         0.076
         0.279,         0.761,         0.076
         0.279,         0.761,         0.075
         0.279,         0.761,         0.075
         0.280,         0.761,         0.075
         0.280,         0.761,         0.075
         0.281,         0.763,         0.075
         0.282,         0.763,         0.075
         0.283,         0.763,         0.075
         0.283,         0.763,         0.074
         0.284,         0.763,         0.074
         0.284,         0.763,         0.074
         0.285,         0.763,         0.074
         0.285,         0.763,         0.074
         0.285,         0.763,         0.074
         0.286,         0.763,         0.074
         0.286,         0.763,         0.074
         0.286,         0.763,         0.073
         0.287,         0.763,         0.073
         0.287,         0.763,         0.073
         0.288,         0.763,         0.073
         0.288,         0.766,         0.073
         0.288,         0.766,         0.073
         0.289,         0.766,         0.073
         0.290,         0.766,         0.072
         0.290,         0.766,         0.072
         0.292,         0.766,         0.072
         0.293,         0.766,         0.072
         0.294,         0.766,         0.072
         0.294,         0.766,         0.071
         0.295,         0.766,         0.071
         0.296,         0.766,         0.071
         0.297,         0.766,         0.071
         0.297,         0.766,         0.071
         0.297,         0.769,         0.070
         0.298,         0.775,         0.070
         0.298,         0.775,         0.070
         0.299,         0.775,         0.070
         0.299,         0.775,         0.070
         0.300,         0.777,         0.070
         0.301,         0.777,         0.069
         0.301,         0.777,         0.069
         0.302,         0.777,         0.069
         0.302,         0.777,         0.069
         0.302,         0.777,         0.069
         0.303,         0.777,         0.069
         0.303,         0.777,         0.069
         0.303,         0.777,         0.069
         0.304,         0.777,         0.069
         0.304,         0.777,         0.068
         0.305,         0.777,         0.068
         0.306,         0.777,         0.068
         0.306,         0.780,         0.068
         0.307,         0.780,         0.068
         0.308,         0.780,         0.067
         0.309,         0.780,         0.067
         0.309,         0.780,         0.067
         0.310,         0.780,         0.067
         0.311,         0.780,         0.067
         0.311,         0.780,         0.067
         0.312,         0.780,         0.066
         0.313,         0.780,         0.066
         0.313,         0.780,         0.066
         0.314,         0.780,         0.066
         0.314,         0.780,         0.066
         0.314,         0.780,         0.066
         0.315,         0.780,         0.066
         0.315,         0.780,         0.066
         0.315,         0.780,         0.065
         0.316,         0.780,         0.065
         0.316,         0.780,         0.065
         0.317,         0.783,         0.065
         0.317,         0.783,         0.065
         0.317,         0.783,         0.065
         0.318,         0.786,         0.064
         0.318,         0.786,         0.064
         0.319,         0.786,         0.064
         0.319,         0.786,         0.064
         0.319,         0.786,         0.064
         0.319,         0.786,         0.064
         0.320,         0.786,         0.064
         0.320,         0.786,         0.064
         0.321,         0.786,         0.063
         0.322,         0.789,         0.063
         0.322,         0.789,         0.063
         0.323,         0.789,         0.063
         0.323,         0.789,         0.063
         0.323,         0.789,         0.063
         0.324,         0.789,         0.063
         0.325,         0.789,         0.063
         0.325,         0.789,         0.062
         0.326,         0.789,         0.062
         0.326,         0.789,         0.062
         0.327,         0.789,         0.062
         0.327,         0.789,         0.062
         0.327,         0.789,         0.062
         0.328,         0.789,         0.062
         0.328,         0.789,         0.062
         0.329,         0.789,         0.061
         0.329,         0.789,         0.061
         0.330,         0.789,         0.061
         0.331,         0.789,         0.061
         0.331,         0.789,         0.061
         0.332,         0.789,         0.061
         0.333,         0.789,         0.060
         0.334,         0.792,         0.060
         0.334,         0.792,         0.060
         0.335,         0.792,         0.060
         0.335,         0.792,         0.060
         0.336,         0.792,         0.060
         0.336,         0.792,         0.060
         0.337,         0.792,         0.060
         0.337,         0.792,         0.060
         0.338,         0.792,         0.059
         0.338,         0.792,         0.059
         0.339,         0.792,         0.059
         0.340,         0.792,         0.059
         0.340,         0.792,         0.059
         0.341,         0.792,         0.059
         0.342,         0.792,         0.059
         0.343,         0.792,         0.059
         0.344,         0.792,         0.058
         0.345,         0.792,         0.058
         0.346,         0.792,         0.058
         0.346,         0.792,         0.058
         0.347,         0.792,         0.057
         0.348,         0.792,         0.057
         0.348,         0.792,         0.057
         0.349,         0.792,         0.057
         0.349,         0.792,         0.057
         0.350,         0.792,         0.056
         0.350,         0.794,         0.056
         0.350,         0.797,         0.056
         0.351,         0.797,         0.056
         0.352,         0.797,         0.056
         0.353,         0.797,         0.056
         0.353,         0.797,         0.056
         0.354,         0.797,         0.055
         0.355,         0.797,         0.055
         0.356,         0.797,         0.055
         0.356,         0.797,         0.055
         0.356,         0.797,         0.055
         0.357,         0.797,         0.055
         0.357,         0.797,         0.055
         0.358,         0.797,         0.055
         0.358,         0.797,         0.054
         0.359,         0.797,         0.054
         0.360,         0.800,         0.054
         0.360,         0.800,         0.054
         0.360,         0.800,         0.054
         0.361,         0.800,         0.054
         0.361,         0.800,         0.054
         0.361,         0.803,         0.054
         0.361,         0.803,         0.054
         0.362,         0.806,         0.054
         0.362,         0.806,         0.053
         0.363,         0.806,         0.053
         0.363,         0.806,         0.053
         0.364,         0.806,         0.053
         0.364,         0.808,         0.053
         0.365,         0.808,         0.053
         0.365,         0.808,         0.053
         0.365,         0.808,         0.052
         0.366,         0.808,         0.052
         0.367,         0.808,         0.052
         0.368,         0.808,         0.052
         0.368,         0.808,         0.052
         0.370,         0.808,         0.052
         0.370,         0.808,         0.052
         0.370,         0.811,         0.052
         0.371,         0.811,         0.051
         0.372,         0.811,         0.051
         0.372,         0.811,         0.051
         0.373,         0.811,         0.051
         0.373,         0.811,         0.051
         0.373,         0.811,         0.051
         0.374,         0.811,         0.051
         0.375,         0.811,         0.051
         0.375,         0.811,         0.050
         0.376,         0.811,         0.050
         0.377,         0.811,         0.050
         0.377,         0.811,         0.050
         0.377,         0.811,         0.050
         0.378,         0.811,         0.050
         0.378,         0.811,         0.049
         0.380,         0.817,         0.049
         0.380,         0.817,         0.049
         0.381,         0.817,         0.049
         0.382,         0.817,         0.049
         0.383,         0.817,         0.049
         0.383,         0.817,         0.049
         0.385,         0.817,         0.049
         0.385,         0.817,         0.048
         0.385,         0.820,         0.048
         0.387,         0.820,         0.048
         0.388,         0.820,         0.048
         0.388,         0.820,         0.048
         0.388,         0.820,         0.048
         0.389,         0.820,         0.048
         0.390,         0.820,         0.048
         0.390,         0.820,         0.047
         0.391,         0.820,         0.047
         0.391,         0.820,         0.047
         0.392,         0.820,         0.047
         0.392,         0.820,         0.047
         0.393,         0.820,         0.046
         0.394,         0.820,         0.046
         0.395,         0.823,         0.046
         0.396,         0.823,         0.046
         0.397,         0.823,         0.046
         0.398,         0.823,         0.046
         0.399,         0.823,         0.045
         0.399,         0.823,         0.045
         0.400,         0.823,         0.045
         0.400,         0.823,         0.045
         0.400,         0.825,         0.045
         0.401,         0.825,         0.045
         0.401,         0.825,         0.045
         0.402,         0.825,         0.044
         0.402,         0.825,         0.044
         0.402,         0.828,         0.044
         0.403,         0.828,         0.044
         0.403,         0.828,         0.044
         0.404,         0.828,         0.044
         0.405,         0.828,         0.044
         0.406,         0.828,         0.044
         0.406,         0.834,         0.044
         0.407,         0.834,         0.043
         0.408,         0.837,         0.043
         0.409,         0.837,         0.043
         0.410,         0.837,         0.043
         0.410,         0.837,         0.043
         0.410,         0.839,         0.043
         0.411,         0.839,         0.043
         0.411,         0.842,         0.043
         0.412,         0.842,         0.043
         0.413,         0.842,         0.042
         0.413,         0.842,         0.042
         0.414,         0.842,         0.042
         0.414,         0.842,         0.042
         0.415,         0.842,         0.042
         0.416,         0.842,         0.041
         0.416,         0.845,         0.041
         0.418,         0.845,         0.041
         0.418,         0.848,         0.041
         0.419,         0.848,         0.041
         0.419,         0.848,         0.041
         0.420,         0.848,         0.041
         0.421,         0.848,         0.041
         0.421,         0.848,         0.041
         0.422,         0.848,         0.041
         0.422,         0.848,         0.040
         0.422,         0.854,         0.040
         0.423,         0.854,         0.040
         0.426,         0.854,         0.040
         0.426,         0.856,         0.040
         0.427,         0.859,         0.040
         0.428,         0.859,         0.040
         0.429,         0.859,         0.040
         0.429,         0.862,         0.039
         0.430,         0.862,         0.039
         0.431,         0.862,         0.039
         0.432,         0.862,         0.039
         0.432,         0.865,         0.039
         0.433,         0.870,         0.039
         0.434,         0.870,         0.039
         0.434,         0.870,         0.038
         0.435,         0.870,         0.038
         0.437,         0.870,         0.038
         0.437,         0.870,         0.038
         0.438,         0.870,         0.038
         0.438,         0.870,         0.038
         0.439,         0.870,         0.038
         0.440,         0.870,         0.037
         0.441,         0.870,         0.037
         0.442,         0.873,         0.037
         0.442,         0.873,         0.037
         0.444,         0.879,         0.037
         0.445,         0.879,         0.037
         0.447,         0.879,         0.037
         0.447,         0.879,         0.037
         0.447,         0.879,         0.036
         0.447,         0.879,         0.036
         0.448,         0.879,         0.036
         0.449,         0.879,         0.036
         0.450,         0.882,         0.036
         0.451,         0.882,         0.036
         0.451,         0.882,         0.036
         0.453,         0.882,         0.035
         0.453,         0.885,         0.035
         0.453,         0.887,         0.035
         0.454,         0.887,         0.035
         0.454,         0.887,         0.035
         0.455,         0.887,         0.035
         0.455,         0.887,         0.035
         0.456,         0.887,         0.035
         0.457,         0.887,         0.035
         0.459,         0.887,         0.035
         0.459,         0.887,         0.035
         0.460,         0.887,         0.034
         0.460,         0.887,         0.034
         0.461,         0.887,         0.034
         0.461,         0.890,         0.034
         0.464,         0.890,         0.034
         0.464,         0.893,         0.034
         0.465,         0.893,         0.034
         0.465,         0.893,         0.034
         0.466,         0.893,         0.033
         0.466,         0.893,         0.033
         0.467,         0.893,         0.033
         0.467,         0.893,         0.033
         0.468,         0.893,         0.033
         0.469,         0.893,         0.033
         0.470,         0.896,         0.033
         0.471,         0.896,         0.032
         0.472,         0.896,         0.032
         0.472,         0.896,         0.032
         0.475,         0.896,         0.032
         0.475,         0.896,         0.032
         0.476,         0.896,         0.032
         0.477,         0.896,         0.031
         0.477,         0.896,         0.031
         0.478,         0.896,         0.031
         0.479,         0.896,         0.031
         0.480,         0.896,         0.031
         0.483,         0.896,         0.031
         0.485,         0.899,         0.030
         0.485,         0.899,         0.030
         0.487,         0.899,         0.030
         0.487,         0.899,         0.030
         0.488,         0.899,         0.030
         0.488,         0.899,         0.030
         0.488,         0.899,         0.030
         0.489,         0.899,         0.030
         0.490,         0.899,         0.029
         0.491,         0.899,         0.029
         0.492,         0.899,         0.029
         0.493,         0.899,         0.029
         0.494,         0.899,         0.029
         0.496,         0.899,         0.029
         0.497,         0.899,         0.029
         0.499,         0.901,         0.028
         0.502,         0.901,         0.028
         0.504,         0.901,         0.028
         0.504,         0.901,         0.028
         0.505,         0.901,         0.028
         0.505,         0.901,         0.028
         0.507,         0.901,         0.028
         0.508,         0.901,         0.028
         0.508,         0.901,         0.027
         0.509,         0.901,         0.027
         0.509,         0.901,         0.027
         0.510,         0.901,         0.027
         0.511,         0.901,         0.027
         0.512,         0.901,         0.027
         0.514,         0.901,         0.027
         0.515,         0.901,         0.027
         0.517,         0.910,         0.026
         0.517,         0.910,         0.026
         0.519,         0.910,         0.026
         0.520,         0.910,         0.026
         0.521,         0.910,         0.026
         0.523,         0.910,         0.026
         0.524,         0.910,         0.026
         0.525,         0.913,         0.026
         0.525,         0.913,         0.026
         0.527,         0.913,         0.026
         0.528,         0.913,         0.025
         0.528,         0.913,         0.025
         0.529,         0.913,         0.025
         0.529,         0.913,         0.025
         0.530,         0.913,         0.025
         0.530,         0.915,         0.025
         0.532,         0.915,         0.025
         0.533,         0.915,         0.025
         0.534,         0.915,         0.025
         0.534,         0.915,         0.025
         0.537,         0.915,         0.025
         0.538,         0.915,         0.024
         0.540,         0.915,         0.024
         0.540,         0.915,         0.024
         0.541,         0.915,         0.024
         0.542,         0.918,         0.024
         0.544,         0.918,         0.024
         0.545,         0.921,         0.023
         0.547,         0.921,         0.023
         0.547,         0.921,         0.023
         0.550,         0.921,         0.023
         0.551,         0.921,         0.023
         0.552,         0.921,         0.023
         0.553,         0.921,         0.023
         0.553,         0.924,         0.023
         0.555,         0.924,         0.022
         0.556,         0.924,         0.022
         0.556,         0.924,         0.022
         0.557,         0.924,         0.022
         0.557,         0.924,         0.022
         0.558,         0.924,         0.022
         0.559,         0.924,         0.022
         0.561,         0.924,         0.022
         0.565,         0.924,         0.021
         0.568,         0.924,         0.021
         0.569,         0.924,         0.021
         0.570,         0.924,         0.021
         0.572,         0.924,         0.021
         0.574,         0.924,         0.021
         0.575,         0.927,         0.021
         0.576,         0.927,         0.020
         0.577,         0.927,         0.020
         0.577,         0.927,         0.020
         0.579,         0.927,         0.020
         0.580,         0.927,         0.020
         0.581,         0.927,         0.020
         0.582,         0.930,         0.020
         0.583,         0.930,         0.020
         0.585,         0.932,         0.020
         0.587,         0.932,         0.019
         0.588,         0.935,         0.019
         0.591,         0.935,         0.019
         0.591,         0.935,         0.019
         0.592,         0.935,         0.019
         0.592,         0.938,         0.019
         0.594,         0.938,         0.019
         0.594,         0.938,         0.019
         0.594,         0.938,         0.019
         0.596,         0.938,         0.019
         0.597,         0.938,         0.018
         0.599,         0.938,         0.018
         0.599,         0.938,         0.018
         0.606,         0.938,         0.018
         0.610,         0.938,         0.018
         0.611,         0.938,         0.018
         0.612,         0.938,         0.018
         0.613,         0.938,         0.017
         0.615,         0.938,         0.017
         0.616,         0.941,         0.017
         0.619,         0.941,         0.017
         0.619,         0.941,         0.017
         0.620,         0.941,         0.017
         0.620,         0.941,         0.017
         0.621,         0.941,         0.017
         0.621,         0.941,         0.017
         0.622,         0.941,         0.016
         0.623,         0.941,         0.016
         0.624,         0.941,         0.016
         0.626,         0.941,         0.016
         0.626,         0.941,         0.016
         0.629,         0.941,         0.016
         0.632,         0.941,         0.016
         0.632,         0.941,         0.016
         0.633,         0.941,         0.016
         0.637,         0.941,         0.015
         0.637,         0.941,         0.015
         0.644,         0.944,         0.015
         0.646,         0.944,         0.015
         0.648,         0.944,         0.015
         0.649,         0.944,         0.015
         0.650,         0.944,         0.015
         0.651,         0.944,         0.015
         0.652,         0.944,         0.015
         0.652,         0.944,         0.014
         0.654,         0.944,         0.014
         0.656,         0.946,         0.014
         0.658,         0.946,         0.014
         0.659,         0.946,         0.014
         0.659,         0.946,         0.014
         0.660,         0.946,         0.014
         0.661,         0.946,         0.014
         0.663,         0.949,         0.014
         0.663,         0.949,         0.014
         0.665,         0.949,         0.013
         0.666,         0.949,         0.013
         0.666,         0.949,         0.013
         0.669,         0.949,         0.013
         0.670,         0.949,         0.013
         0.670,         0.949,         0.013
         0.672,         0.949,         0.013
         0.673,         0.949,         0.013
         0.674,         0.952,         0.013
         0.678,         0.958,         0.012
         0.679,         0.958,         0.012
         0.683,         0.961,         0.012
         0.684,         0.961,         0.012
         0.687,         0.961,         0.012
         0.687,         0.961,         0.012
         0.688,         0.963,         0.012
         0.688,         0.963,         0.012
         0.689,         0.963,         0.012
         0.690,         0.963,         0.012
         0.691,         0.963,         0.012
         0.692,         0.963,         0.011
         0.694,         0.963,         0.011
         0.695,         0.963,         0.011
         0.696,         0.963,         0.011
         0.700,         0.969,         0.011
         0.703,         0.972,         0.011
         0.704,         0.972,         0.011
         0.707,         0.972,         0.011
         0.709,         0.972,         0.010
         0.710,         0.972,         0.010
         0.710,         0.972,         0.010
         0.711,         0.972,         0.010
         0.714,         0.972,         0.010
         0.715,         0.972,         0.010
         0.717,         0.972,         0.010
         0.718,         0.972,         0.010
         0.718,         0.972,         0.009
         0.720,         0.972,         0.009
         0.721,         0.972,         0.009
         0.729,         0.975,         0.009
         0.729,         0.975,         0.009
         0.732,         0.977,         0.009
         0.734,         0.977,         0.009
         0.736,         0.977,         0.009
         0.741,         0.977,         0.009
         0.744,         0.977,         0.008
         0.744,         0.977,         0.008
         0.744,         0.977,         0.008
         0.747,         0.977,         0.008
         0.747,         0.977,         0.008
         0.748,         0.977,         0.008
         0.748,         0.977,         0.008
         0.751,         0.977,         0.008
         0.751,         0.977,         0.008
         0.752,         0.977,         0.008
         0.754,         0.977,         0.008
         0.754,         0.977,         0.007
         0.755,         0.977,         0.007
         0.756,         0.977,         0.007
         0.756,         0.977,         0.007
         0.759,         0.977,         0.007
         0.762,         0.977,         0.007
         0.763,         0.977,         0.007
         0.765,         0.977,         0.007
         0.774,         0.977,         0.007
         0.774,         0.977,         0.006
         0.776,         0.977,         0.006
         0.777,         0.977,         0.006
         0.786,         0.980,         0.006
         0.787,         0.980,         0.006
         0.789,         0.983,         0.006
         0.789,         0.983,         0.006
         0.789,         0.983,         0.006
         0.792,         0.983,         0.005
         0.794,         0.983,         0.005
         0.797,         0.983,         0.005
         0.799,         0.983,         0.005
         0.799,         0.983,         0.005
         0.801,         0.983,         0.005
         0.802,         0.983,         0.005
         0.803,         0.983,         0.005
         0.803,         0.983,         0.005
         0.805,         0.986,         0.005
         0.806,         0.986,         0.005
         0.809,         0.986,         0.005
         0.810,         0.986,         0.004
         0.817,         0.986,         0.004
         0.817,         0.986,         0.004
         0.819,         0.986,         0.004
         0.819,         0.986,         0.004
         0.821,         0.986,         0.004
         0.821,         0.986,         0.004
         0.822,         0.986,         0.004
         0.823,         0.986,         0.004
         0.825,         0.986,         0.004
         0.826,         0.986,         0.004
         0.830,         0.986,         0.004
         0.832,         0.986,         0.003
         0.832,         0.986,         0.003
         0.835,         0.986,         0.003
         0.835,         0.986,         0.003
         0.846,         0.986,         0.003
         0.847,         0.986,         0.003
         0.847,         0.986,         0.003
         0.850,         0.986,         0.003
         0.851,         0.986,         0.003
         0.851,         0.986,         0.003
         0.853,         0.986,         0.003
         0.854,         0.986,         0.002
         0.855,         0.986,         0.002
         0.863,         0.986,         0.002
         0.864,         0.986,         0.002
         0.866,         0.986,         0.002
         0.870,         0.986,         0.002
         0.871,         0.986,         0.002
         0.871,         0.986,         0.002
         0.873,         0.986,         0.002
         0.873,         0.986,         0.001
         0.875,         0.986,         0.001
         0.876,         0.986,         0.001
         0.879,         0.986,         0.001
         0.879,         0.986,         0.001
         0.880,         0.986,         0.001
         0.881,         0.986,         0.001
         0.881,         0.986,         0.001
         1.000,         1.000,         0.000
