false_pos_rate,true_pos_rate,threshold
         0.000,         0.000,         1.772
         0.000,         0.004,         0.772
         0.000,         0.045,         0.730
         0.000,         0.045,         0.729
         0.000,         0.060,         0.722
         0.000,         0.060,         0.718
         0.000,         0.079,         0.708
         0.001,         0.079,         0.706
         0.001,         0.121,         0.692
         0.001,         0.121,         0.688
         0.001,         0.140,         0.678
         0.001,         0.140,         0.674
         0.001,         0.143,         0.674
         0.001,         0.143,         0.669
         0.001,         0.158,         0.666
         0.002,         0.158,         0.665
         0.002,         0.166,         0.663
         0.002,         0.166,         0.662
         0.002,         0.170,         0.662
         0.002,         0.170,         0.659
         0.002,         0.174,         0.659
         0.003,         0.174,         0.658
         0.003,         0.177,         0.657
         0.003,         0.177,         0.656
         0.003,         0.181,         0.656
         0.004,         0.181,         0.654
         0.004,         0.185,         0.653
         0.004,         0.185,         0.652
         0.004,         0.196,         0.650
         0.005,         0.196,         0.648
         0.005,         0.200,         0.648
         0.005,         0.200,         0.647
         0.005,         0.208,         0.646
         0.005,         0.208,         0.646
         0.005,         0.211,         0.645
         0.005,         0.211,         0.645
         0.005,         0.226,         0.643
         0.005,         0.226,         0.643
         0.005,         0.230,         0.642
         0.006,         0.230,         0.642
         0.006,         0.234,         0.642
         0.006,         0.234,         0.641
         0.006,         0.238,         0.641
         0.007,         0.238,         0.640
         0.007,         0.242,         0.640
         0.007,         0.242,         0.640
         0.007,         0.245,         0.639
         0.008,         0.245,         0.637
         0.008,         0.249,         0.637
         0.008,         0.249,         0.636
         0.008,         0.253,         0.636
         0.008,         0.253,         0.636
         0.008,         0.257,         0.635
         0.010,         0.257,         0.632
         0.010,         0.260,         0.632
         0.010,         0.260,         0.631
         0.010,         0.264,         0.631
         0.011,         0.264,         0.629
         0.011,         0.268,         0.629
         0.011,         0.268,         0.629
         0.011,         0.275,         0.627
         0.012,         0.275,         0.624
         0.012,         0.279,         0.624
         0.012,         0.279,         0.623
         0.012,         0.283,         0.623
         0.013,         0.283,         0.620
         0.013,         0.291,         0.619
         0.013,         0.291,         0.619
         0.013,         0.294,         0.618
         0.014,         0.294,         0.617
         0.014,         0.302,         0.616
         0.014,         0.302,         0.615
         0.014,         0.306,         0.614
         0.015,         0.306,         0.614
         0.015,         0.313,         0.613
         0.015,         0.313,         0.613
         0.015,         0.321,         0.612
         0.015,         0.321,         0.610
         0.015,         0.325,         0.610
         0.016,         0.325,         0.609
         0.016,         0.332,         0.606
         0.017,         0.332,         0.604
         0.017,         0.336,         0.603
         0.017,         0.336,         0.603
         0.017,         0.340,         0.603
         0.019,         0.340,         0.599
         0.019,         0.347,         0.599
         0.020,         0.347,         0.596
         0.020,         0.351,         0.596
         0.021,         0.351,         0.596
         0.021,         0.358,         0.595
         0.021,         0.358,         0.593
         0.021,         0.362,         0.592
         0.022,         0.362,         0.591
         0.022,         0.366,         0.591
         0.022,         0.366,         0.590
         0.022,         0.370,         0.590
         0.024,         0.370,         0.588
         0.024,         0.374,         0.587
         0.024,         0.374,         0.587
         0.024,         0.377,         0.587
         0.024,         0.377,         0.586
         0.024,         0.381,         0.585
         0.025,         0.381,         0.585
         0.025,         0.385,         0.585
         0.026,         0.385,         0.584
         0.026,         0.385,         0.583
         0.026,         0.385,         0.583
         0.026,         0.389,         0.583
         0.028,         0.389,         0.580
         0.028,         0.396,         0.579
         0.029,         0.396,         0.578
         0.029,         0.400,         0.577
         0.030,         0.400,         0.576
         0.030,         0.404,         0.576
         0.031,         0.404,         0.575
         0.031,         0.408,         0.575
         0.031,         0.408,         0.574
         0.031,         0.411,         0.574
         0.032,         0.411,         0.572
         0.032,         0.415,         0.572
         0.035,         0.415,         0.568
         0.035,         0.419,         0.568
         0.036,         0.419,         0.567
         0.036,         0.423,         0.567
         0.037,         0.423,         0.566
         0.037,         0.426,         0.566
         0.038,         0.426,         0.565
         0.038,         0.430,         0.565
         0.038,         0.430,         0.564
         0.038,         0.438,         0.563
         0.038,         0.438,         0.563
         0.038,         0.442,         0.563
         0.039,         0.442,         0.561
         0.039,         0.445,         0.561
         0.039,         0.445,         0.560
         0.039,         0.449,         0.560
         0.041,         0.449,         0.558
         0.041,         0.453,         0.558
         0.042,         0.453,         0.556
         0.042,         0.460,         0.555
         0.043,         0.460,         0.554
         0.043,         0.468,         0.554
         0.048,         0.468,         0.545
         0.048,         0.475,         0.544
         0.048,         0.475,         0.543
         0.048,         0.479,         0.543
         0.049,         0.479,         0.543
         0.049,         0.483,         0.543
         0.049,         0.483,         0.542
         0.049,         0.487,         0.542
         0.049,         0.487,         0.542
         0.049,         0.491,         0.542
         0.050,         0.491,         0.541
         0.050,         0.494,         0.541
         0.052,         0.494,         0.539
         0.052,         0.498,         0.539
         0.052,         0.498,         0.539
         0.052,         0.502,         0.538
         0.052,         0.502,         0.538
         0.052,         0.509,         0.538
         0.053,         0.509,         0.536
         0.053,         0.513,         0.536
         0.053,         0.513,         0.536
         0.053,         0.517,         0.536
         0.055,         0.517,         0.533
         0.055,         0.521,         0.533
         0.056,         0.521,         0.531
         0.056,         0.525,         0.531
         0.058,         0.525,         0.529
         0.058,         0.528,         0.528
         0.060,         0.528,         0.526
         0.060,         0.532,         0.525
         0.063,         0.532,         0.523
         0.063,         0.536,         0.522
         0.063,         0.536,         0.522
         0.063,         0.540,         0.522
         0.063,         0.540,         0.522
         0.063,         0.547,         0.521
         0.066,         0.547,         0.519
         0.066,         0.551,         0.519
         0.068,         0.551,         0.518
         0.068,         0.555,         0.517
         0.073,         0.555,         0.514
         0.073,         0.562,         0.514
         0.073,         0.562,         0.514
         0.073,         0.566,         0.514
         0.075,         0.566,         0.512
         0.075,         0.570,         0.512
         0.076,         0.570,         0.511
         0.076,         0.574,         0.511
         0.077,         0.574,         0.511
         0.077,         0.577,         0.511
         0.078,         0.577,         0.509
         0.078,         0.581,         0.509
         0.083,         0.581,         0.505
         0.083,         0.585,         0.505
         0.083,         0.585,         0.505
         0.083,         0.589,         0.505
         0.083,         0.589,         0.504
         0.083,         0.596,         0.504
         0.086,         0.596,         0.501
         0.086,         0.600,         0.501
         0.090,         0.600,         0.498
         0.090,         0.604,         0.498
         0.091,         0.604,         0.496
         0.091,         0.608,         0.496
         0.092,         0.608,         0.495
         0.092,         0.611,         0.495
         0.097,         0.611,         0.492
         0.097,         0.615,         0.491
         0.098,         0.615,         0.490
         0.098,         0.619,         0.490
         0.100,         0.619,         0.489
         0.100,         0.623,         0.488
         0.102,         0.623,         0.486
         0.102,         0.630,         0.485
         0.105,         0.630,         0.483
         0.105,         0.634,         0.483
         0.107,         0.634,         0.482
         0.107,         0.638,         0.482
         0.109,         0.638,         0.481
         0.109,         0.642,         0.481
         0.112,         0.642,         0.479
         0.112,         0.645,         0.479
         0.113,         0.645,         0.479
         0.113,         0.649,         0.478
         0.114,         0.649,         0.478
         0.114,         0.653,         0.478
         0.115,         0.653,         0.477
         0.115,         0.657,         0.477
         0.118,         0.657,         0.475
         0.118,         0.660,         0.475
         0.124,         0.660,         0.470
         0.124,         0.664,         0.470
         0.126,         0.664,         0.469
         0.126,         0.668,         0.469
         0.126,         0.668,         0.468
         0.126,         0.672,         0.468
         0.129,         0.672,         0.467
         0.130,         0.672,         0.467
         0.131,         0.672,         0.466
         0.131,         0.675,         0.466
         0.131,         0.675,         0.466
         0.131,         0.679,         0.466
         0.131,         0.679,         0.465
         0.131,         0.683,         0.465
         0.133,         0.683,         0.464
         0.133,         0.691,         0.464
         0.134,         0.691,         0.463
         0.134,         0.694,         0.463
         0.144,         0.694,         0.458
         0.144,         0.698,         0.458
         0.146,         0.698,         0.456
         0.146,         0.702,         0.456
         0.147,         0.702,         0.456
         0.147,         0.706,         0.456
         0.153,         0.706,         0.452
         0.153,         0.709,         0.452
         0.155,         0.709,         0.451
         0.155,         0.713,         0.451
         0.157,         0.713,         0.450
         0.157,         0.717,         0.450
         0.159,         0.717,         0.450
         0.159,         0.721,         0.450
         0.166,         0.721,         0.447
         0.166,         0.725,         0.447
         0.167,         0.725,         0.446
         0.167,         0.728,         0.446
         0.177,         0.728,         0.441
         0.177,         0.732,         0.441
         0.189,         0.732,         0.434
         0.189,         0.736,         0.434
         0.192,         0.736,         0.433
         0.192,         0.740,         0.432
         0.202,         0.740,         0.427
         0.202,         0.743,         0.427
         0.211,         0.743,         0.422
         0.211,         0.747,         0.422
         0.223,         0.747,         0.417
         0.223,         0.751,         0.416
         0.227,         0.751,         0.415
         0.227,         0.755,         0.415
         0.232,         0.755,         0.413
         0.232,         0.758,         0.413
         0.242,         0.758,         0.410
         0.242,         0.762,         0.410
         0.248,         0.762,         0.407
         0.248,         0.766,         0.407
         0.254,         0.766,         0.405
         0.254,         0.770,         0.405
         0.254,         0.770,         0.405
         0.254,         0.774,         0.405
         0.256,         0.774,         0.404
         0.256,         0.777,         0.404
         0.259,         0.777,         0.402
         0.259,         0.777,         0.402
         0.261,         0.777,         0.402
         0.261,         0.785,         0.402
         0.267,         0.785,         0.399
         0.267,         0.789,         0.399
         0.288,         0.789,         0.391
         0.288,         0.796,         0.391
         0.292,         0.796,         0.390
         0.292,         0.800,         0.390
         0.298,         0.800,         0.388
         0.298,         0.804,         0.388
         0.304,         0.804,         0.386
         0.305,         0.804,         0.386
         0.308,         0.804,         0.385
         0.308,         0.811,         0.384
         0.310,         0.811,         0.384
         0.310,         0.815,         0.384
         0.312,         0.815,         0.383
         0.313,         0.815,         0.383
         0.313,         0.815,         0.383
         0.313,         0.819,         0.383
         0.320,         0.819,         0.381
         0.320,         0.823,         0.381
         0.323,         0.823,         0.380
         0.323,         0.826,         0.380
         0.334,         0.826,         0.375
         0.335,         0.826,         0.375
         0.335,         0.826,         0.375
         0.336,         0.826,         0.375
         0.345,         0.826,         0.372
         0.345,         0.834,         0.372
         0.351,         0.834,         0.369
         0.351,         0.834,         0.369
         0.378,         0.834,         0.360
         0.378,         0.838,         0.360
         0.381,         0.838,         0.359
         0.381,         0.842,         0.359
         0.382,         0.842,         0.358
         0.382,         0.845,         0.358
         0.389,         0.845,         0.356
         0.389,         0.849,         0.356
         0.396,         0.849,         0.353
         0.396,         0.853,         0.352
         0.405,         0.853,         0.349
         0.405,         0.857,         0.349
         0.409,         0.857,         0.348
         0.409,         0.860,         0.348
         0.411,         0.860,         0.347
         0.411,         0.860,         0.347
         0.411,         0.860,         0.347
         0.412,         0.860,         0.347
         0.415,         0.860,         0.346
         0.415,         0.864,         0.346
         0.417,         0.864,         0.345
         0.417,         0.868,         0.345
         0.418,         0.868,         0.345
         0.418,         0.872,         0.345
         0.419,         0.872,         0.344
         0.419,         0.872,         0.344
         0.422,         0.872,         0.343
         0.422,         0.875,         0.343
         0.435,         0.875,         0.339
         0.435,         0.879,         0.339
         0.435,         0.879,         0.339
         0.435,         0.879,         0.339
         0.453,         0.879,         0.332
         0.453,         0.879,         0.332
         0.454,         0.879,         0.332
         0.454,         0.883,         0.332
         0.457,         0.883,         0.332
         0.457,         0.887,         0.332
         0.457,         0.887,         0.331
         0.457,         0.891,         0.331
         0.458,         0.891,         0.331
         0.458,         0.894,         0.331
         0.470,         0.894,         0.328
         0.470,         0.898,         0.328
         0.473,         0.898,         0.327
         0.473,         0.902,         0.326
         0.473,         0.902,         0.326
         0.473,         0.906,         0.326
         0.484,         0.906,         0.323
         0.484,         0.909,         0.323
         0.485,         0.909,         0.323
         0.485,         0.913,         0.323
         0.486,         0.913,         0.323
         0.488,         0.913,         0.323
         0.488,         0.913,         0.322
         0.488,         0.913,         0.322
         0.490,         0.913,         0.322
         0.490,         0.917,         0.322
         0.494,         0.917,         0.321
         0.494,         0.917,         0.321
         0.503,         0.917,         0.318
         0.503,         0.921,         0.318
         0.504,         0.921,         0.317
         0.505,         0.921,         0.317
         0.508,         0.921,         0.316
         0.508,         0.925,         0.316
         0.512,         0.925,         0.315
         0.512,         0.925,         0.315
         0.527,         0.925,         0.311
         0.527,         0.925,         0.311
         0.532,         0.925,         0.309
         0.534,         0.925,         0.309
         0.534,         0.925,         0.309
         0.534,         0.928,         0.309
         0.537,         0.928,         0.308
         0.537,         0.932,         0.308
         0.539,         0.932,         0.307
         0.539,         0.932,         0.307
         0.547,         0.932,         0.305
         0.548,         0.932,         0.305
         0.549,         0.932,         0.304
         0.549,         0.936,         0.304
         0.551,         0.936,         0.304
         0.551,         0.940,         0.304
         0.560,         0.940,         0.301
         0.560,         0.940,         0.301
         0.585,         0.940,         0.294
         0.586,         0.940,         0.294
         0.605,         0.940,         0.287
         0.606,         0.940,         0.287
         0.609,         0.940,         0.286
         0.610,         0.940,         0.286
         0.614,         0.940,         0.285
         0.614,         0.940,         0.285
         0.616,         0.940,         0.284
         0.617,         0.940,         0.284
         0.625,         0.940,         0.282
         0.625,         0.943,         0.282
         0.625,         0.943,         0.282
         0.625,         0.947,         0.282
         0.626,         0.947,         0.282
         0.626,         0.947,         0.282
         0.634,         0.947,         0.279
         0.634,         0.951,         0.279
         0.646,         0.951,         0.276
         0.646,         0.951,         0.276
         0.655,         0.951,         0.274
         0.655,         0.951,         0.274
         0.663,         0.951,         0.270
         0.663,         0.951,         0.270
         0.673,         0.951,         0.267
         0.673,         0.951,         0.267
         0.681,         0.951,         0.265
         0.681,         0.951,         0.265
         0.682,         0.951,         0.265
         0.682,         0.955,         0.265
         0.691,         0.955,         0.262
         0.691,         0.958,         0.262
         0.693,         0.958,         0.261
         0.693,         0.958,         0.261
         0.697,         0.958,         0.260
         0.697,         0.962,         0.260
         0.712,         0.962,         0.255
         0.712,         0.962,         0.255
         0.713,         0.962,         0.255
         0.713,         0.962,         0.255
         0.719,         0.962,         0.253
         0.719,         0.962,         0.253
         0.740,         0.962,         0.247
         0.740,         0.962,         0.247
         0.744,         0.962,         0.246
         0.744,         0.962,         0.246
         0.752,         0.962,         0.243
         0.752,         0.970,         0.243
         0.757,         0.970,         0.242
         0.757,         0.970,         0.242
         0.759,         0.970,         0.241
         0.759,         0.974,         0.241
         0.764,         0.974,         0.239
         0.764,         0.974,         0.239
         0.770,         0.974,         0.237
         0.770,         0.974,         0.237
         0.779,         0.974,         0.234
         0.780,         0.974,         0.234
         0.783,         0.974,         0.233
         0.783,         0.977,         0.233
         0.783,         0.977,         0.233
         0.795,         0.977,         0.228
         0.813,         0.977,         0.227
         0.819,         0.977,         0.225
         0.820,         0.977,         0.225
         0.830,         0.977,         0.220
         0.830,         0.977,         0.220
         0.840,         0.977,         0.216
         0.841,         0.977,         0.216
         0.848,         0.977,         0.213
         0.848,         0.981,         0.213
         0.852,         0.981,         0.211
         0.853,         0.981,         0.211
         0.871,         0.981,         0.202
         0.871,         0.985,         0.202
         0.881,         0.985,         0.197
         0.881,         0.985,         0.197
         0.898,         0.985,         0.189
         0.898,         0.989,         0.188
         0.906,         0.989,         0.185
         0.906,         0.992,         0.185
         0.912,         0.992,         0.181
         0.915,         0.992,         0.180
         0.927,         0.992,         0.172
         0.928,         0.992,         0.172
         0.948,         0.992,         0.159
         0.948,         0.996,         0.159
         0.981,         0.996,         0.122
         0.982,         0.996,         0.121
         0.990,         0.996,         0.105
         0.990,         1.000,         0.105
         1.000,         1.000,        -0.025
