false_pos_rate,true_pos_rate,threshold
         0.000,         0.000,         1.838
         0.000,         0.004,         0.838
         0.000,         0.045,         0.773
         0.000,         0.045,         0.770
         0.000,         0.057,         0.764
         0.000,         0.057,         0.762
         0.000,         0.064,         0.759
         0.001,         0.064,         0.759
         0.001,         0.072,         0.754
         0.001,         0.072,         0.750
         0.001,         0.075,         0.748
         0.001,         0.075,         0.746
         0.001,         0.113,         0.730
         0.001,         0.113,         0.730
         0.001,         0.121,         0.729
         0.002,         0.121,         0.724
         0.002,         0.125,         0.724
         0.002,         0.125,         0.723
         0.002,         0.132,         0.721
         0.003,         0.132,         0.719
         0.003,         0.136,         0.718
         0.003,         0.136,         0.716
         0.003,         0.143,         0.715
         0.004,         0.143,         0.712
         0.004,         0.147,         0.711
         0.004,         0.147,         0.708
         0.004,         0.155,         0.703
         0.005,         0.155,         0.702
         0.005,         0.158,         0.701
         0.005,         0.158,         0.699
         0.005,         0.162,         0.699
         0.006,         0.162,         0.699
         0.006,         0.166,         0.698
         0.006,         0.166,         0.697
         0.006,         0.170,         0.697
         0.006,         0.170,         0.697
         0.006,         0.174,         0.697
         0.008,         0.174,         0.693
         0.008,         0.181,         0.693
         0.008,         0.181,         0.693
         0.008,         0.185,         0.692
         0.010,         0.185,         0.691
         0.010,         0.196,         0.689
         0.010,         0.196,         0.688
         0.010,         0.200,         0.688
         0.011,         0.200,         0.687
         0.011,         0.208,         0.686
         0.011,         0.208,         0.685
         0.011,         0.215,         0.685
         0.012,         0.215,         0.684
         0.012,         0.223,         0.683
         0.012,         0.223,         0.683
         0.012,         0.226,         0.682
         0.013,         0.226,         0.679
         0.013,         0.230,         0.679
         0.014,         0.230,         0.679
         0.014,         0.234,         0.678
         0.014,         0.234,         0.678
         0.014,         0.238,         0.678
         0.015,         0.238,         0.673
         0.015,         0.242,         0.673
         0.016,         0.242,         0.673
         0.016,         0.249,         0.672
         0.016,         0.249,         0.672
         0.016,         0.253,         0.672
         0.017,         0.253,         0.671
         0.017,         0.257,         0.671
         0.017,         0.257,         0.671
         0.017,         0.260,         0.671
         0.017,         0.260,         0.671
         0.017,         0.264,         0.670
         0.018,         0.264,         0.670
         0.018,         0.275,         0.669
         0.019,         0.275,         0.668
         0.019,         0.279,         0.668
         0.020,         0.279,         0.667
         0.020,         0.283,         0.666
         0.020,         0.283,         0.666
         0.020,         0.287,         0.666
         0.020,         0.287,         0.665
         0.020,         0.291,         0.665
         0.021,         0.291,         0.664
         0.021,         0.294,         0.663
         0.021,         0.294,         0.662
         0.021,         0.298,         0.662
         0.022,         0.298,         0.661
         0.023,         0.298,         0.660
         0.025,         0.298,         0.657
         0.025,         0.302,         0.657
         0.026,         0.302,         0.655
         0.026,         0.306,         0.655
         0.026,         0.306,         0.654
         0.026,         0.309,         0.654
         0.026,         0.309,         0.653
         0.026,         0.313,         0.653
         0.027,         0.313,         0.652
         0.027,         0.321,         0.651
         0.028,         0.321,         0.650
         0.028,         0.325,         0.650
         0.029,         0.325,         0.650
         0.029,         0.328,         0.650
         0.032,         0.328,         0.647
         0.032,         0.332,         0.646
         0.036,         0.332,         0.641
         0.036,         0.343,         0.641
         0.037,         0.343,         0.640
         0.037,         0.351,         0.640
         0.039,         0.351,         0.638
         0.039,         0.355,         0.638
         0.039,         0.355,         0.638
         0.039,         0.362,         0.637
         0.040,         0.362,         0.637
         0.040,         0.366,         0.637
         0.040,         0.366,         0.637
         0.040,         0.370,         0.636
         0.043,         0.370,         0.635
         0.043,         0.374,         0.635
         0.044,         0.374,         0.634
         0.044,         0.377,         0.634
         0.045,         0.377,         0.633
         0.045,         0.385,         0.633
         0.046,         0.385,         0.631
         0.046,         0.389,         0.631
         0.047,         0.389,         0.630
         0.048,         0.389,         0.630
         0.048,         0.389,         0.630
         0.048,         0.392,         0.630
         0.050,         0.392,         0.629
         0.050,         0.396,         0.629
         0.053,         0.396,         0.625
         0.053,         0.400,         0.625
         0.056,         0.400,         0.623
         0.056,         0.404,         0.623
         0.056,         0.404,         0.623
         0.056,         0.404,         0.623
         0.058,         0.404,         0.622
         0.058,         0.404,         0.622
         0.059,         0.404,         0.621
         0.059,         0.408,         0.620
         0.059,         0.408,         0.620
         0.063,         0.408,         0.618
         0.063,         0.411,         0.617
         0.064,         0.411,         0.617
         0.064,         0.415,         0.617
         0.064,         0.415,         0.616
         0.064,         0.419,         0.616
         0.065,         0.419,         0.615
         0.065,         0.423,         0.615
         0.065,         0.423,         0.615
         0.065,         0.426,         0.614
         0.066,         0.426,         0.614
         0.066,         0.430,         0.614
         0.068,         0.430,         0.613
         0.068,         0.434,         0.613
         0.068,         0.434,         0.612
         0.068,         0.438,         0.612
         0.069,         0.438,         0.611
         0.069,         0.442,         0.611
         0.070,         0.442,         0.611
         0.070,         0.445,         0.610
         0.073,         0.445,         0.608
         0.073,         0.449,         0.608
         0.076,         0.449,         0.607
         0.076,         0.453,         0.606
         0.076,         0.453,         0.606
         0.076,         0.457,         0.606
         0.078,         0.457,         0.605
         0.078,         0.460,         0.605
         0.080,         0.460,         0.603
         0.080,         0.468,         0.603
         0.081,         0.468,         0.603
         0.081,         0.472,         0.603
         0.081,         0.472,         0.603
         0.081,         0.479,         0.603
         0.082,         0.479,         0.602
         0.083,         0.479,         0.602
         0.085,         0.479,         0.602
         0.086,         0.479,         0.601
         0.086,         0.483,         0.601
         0.087,         0.483,         0.600
         0.087,         0.487,         0.600
         0.088,         0.487,         0.599
         0.088,         0.491,         0.599
         0.088,         0.491,         0.599
         0.088,         0.491,         0.599
         0.089,         0.491,         0.599
         0.089,         0.494,         0.599
         0.090,         0.494,         0.598
         0.090,         0.498,         0.598
         0.091,         0.498,         0.598
         0.091,         0.498,         0.598
         0.092,         0.498,         0.598
         0.092,         0.502,         0.598
         0.093,         0.502,         0.597
         0.093,         0.509,         0.597
         0.094,         0.509,         0.596
         0.094,         0.513,         0.596
         0.096,         0.513,         0.595
         0.096,         0.517,         0.595
         0.098,         0.517,         0.594
         0.098,         0.521,         0.594
         0.100,         0.521,         0.593
         0.100,         0.525,         0.593
         0.101,         0.525,         0.592
         0.101,         0.528,         0.592
         0.102,         0.528,         0.591
         0.102,         0.532,         0.591
         0.103,         0.532,         0.590
         0.103,         0.536,         0.590
         0.103,         0.536,         0.590
         0.103,         0.543,         0.590
         0.106,         0.543,         0.588
         0.106,         0.547,         0.588
         0.106,         0.547,         0.588
         0.106,         0.551,         0.588
         0.106,         0.551,         0.587
         0.107,         0.551,         0.587
         0.110,         0.551,         0.586
         0.110,         0.555,         0.586
         0.110,         0.555,         0.586
         0.110,         0.558,         0.585
         0.112,         0.558,         0.584
         0.112,         0.562,         0.584
         0.114,         0.562,         0.584
         0.114,         0.566,         0.584
         0.114,         0.566,         0.584
         0.114,         0.574,         0.583
         0.122,         0.574,         0.580
         0.122,         0.577,         0.579
         0.124,         0.577,         0.579
         0.124,         0.581,         0.579
         0.131,         0.581,         0.576
         0.131,         0.589,         0.575
         0.131,         0.589,         0.575
         0.131,         0.592,         0.575
         0.131,         0.592,         0.575
         0.131,         0.596,         0.575
         0.133,         0.596,         0.573
         0.133,         0.600,         0.573
         0.135,         0.600,         0.573
         0.135,         0.604,         0.573
         0.138,         0.604,         0.571
         0.138,         0.608,         0.571
         0.138,         0.608,         0.571
         0.138,         0.611,         0.571
         0.139,         0.611,         0.570
         0.139,         0.615,         0.570
         0.140,         0.615,         0.570
         0.140,         0.619,         0.570
         0.140,         0.619,         0.570
         0.140,         0.623,         0.569
         0.143,         0.623,         0.568
         0.143,         0.623,         0.568
         0.145,         0.623,         0.568
         0.145,         0.626,         0.568
         0.149,         0.626,         0.566
         0.149,         0.630,         0.566
         0.149,         0.630,         0.566
         0.150,         0.630,         0.565
         0.151,         0.630,         0.565
         0.151,         0.634,         0.565
         0.154,         0.634,         0.564
         0.154,         0.638,         0.563
         0.154,         0.638,         0.563
         0.154,         0.642,         0.563
         0.155,         0.642,         0.563
         0.155,         0.645,         0.563
         0.157,         0.645,         0.562
         0.157,         0.653,         0.562
         0.157,         0.653,         0.562
         0.158,         0.653,         0.561
         0.159,         0.653,         0.561
         0.159,         0.657,         0.561
         0.163,         0.657,         0.560
         0.163,         0.660,         0.559
         0.165,         0.660,         0.558
         0.165,         0.664,         0.558
         0.166,         0.664,         0.557
         0.166,         0.668,         0.557
         0.167,         0.668,         0.557
         0.167,         0.672,         0.557
         0.167,         0.672,         0.556
         0.168,         0.672,         0.556
         0.170,         0.672,         0.556
         0.171,         0.672,         0.555
         0.171,         0.672,         0.555
         0.171,         0.675,         0.555
         0.175,         0.675,         0.554
         0.175,         0.679,         0.554
         0.180,         0.679,         0.552
         0.180,         0.683,         0.552
         0.183,         0.683,         0.551
         0.183,         0.687,         0.551
         0.184,         0.687,         0.551
         0.184,         0.687,         0.551
         0.186,         0.687,         0.550
         0.186,         0.691,         0.550
         0.187,         0.691,         0.549
         0.187,         0.694,         0.549
         0.189,         0.694,         0.549
         0.189,         0.694,         0.548
         0.192,         0.694,         0.547
         0.192,         0.702,         0.547
         0.195,         0.702,         0.545
         0.195,         0.706,         0.545
         0.196,         0.706,         0.545
         0.196,         0.709,         0.545
         0.197,         0.709,         0.544
         0.197,         0.709,         0.544
         0.197,         0.713,         0.544
         0.201,         0.713,         0.543
         0.201,         0.717,         0.543
         0.202,         0.717,         0.542
         0.202,         0.721,         0.542
         0.204,         0.721,         0.541
         0.204,         0.725,         0.541
         0.208,         0.725,         0.540
         0.209,         0.725,         0.540
         0.210,         0.725,         0.539
         0.210,         0.728,         0.539
         0.212,         0.728,         0.538
         0.212,         0.736,         0.538
         0.215,         0.736,         0.537
         0.215,         0.736,         0.537
         0.217,         0.736,         0.537
         0.217,         0.740,         0.537
         0.218,         0.740,         0.536
         0.218,         0.740,         0.536
         0.220,         0.740,         0.536
         0.220,         0.740,         0.535
         0.225,         0.740,         0.533
         0.225,         0.743,         0.533
         0.227,         0.743,         0.533
         0.227,         0.743,         0.533
         0.240,         0.743,         0.528
         0.240,         0.747,         0.528
         0.241,         0.755,         0.528
         0.241,         0.758,         0.528
         0.241,         0.758,         0.528
         0.242,         0.758,         0.528
         0.243,         0.758,         0.527
         0.243,         0.762,         0.527
         0.243,         0.762,         0.527
         0.244,         0.762,         0.526
         0.248,         0.762,         0.525
         0.248,         0.766,         0.525
         0.249,         0.766,         0.525
         0.249,         0.770,         0.525
         0.249,         0.770,         0.524
         0.249,         0.774,         0.524
         0.265,         0.774,         0.519
         0.265,         0.774,         0.519
         0.278,         0.774,         0.517
         0.278,         0.777,         0.516
         0.279,         0.777,         0.516
         0.279,         0.781,         0.516
         0.279,         0.781,         0.516
         0.280,         0.781,         0.516
         0.280,         0.785,         0.516
         0.284,         0.785,         0.515
         0.284,         0.789,         0.514
         0.286,         0.789,         0.514
         0.286,         0.792,         0.514
         0.291,         0.792,         0.512
         0.291,         0.800,         0.511
         0.292,         0.800,         0.511
         0.292,         0.804,         0.511
         0.295,         0.804,         0.510
         0.295,         0.808,         0.510
         0.296,         0.808,         0.509
         0.296,         0.811,         0.509
         0.299,         0.811,         0.508
         0.299,         0.811,         0.508
         0.309,         0.811,         0.505
         0.309,         0.815,         0.505
         0.323,         0.815,         0.500
         0.323,         0.819,         0.500
         0.327,         0.819,         0.499
         0.327,         0.823,         0.499
         0.330,         0.823,         0.497
         0.330,         0.826,         0.497
         0.332,         0.826,         0.497
         0.332,         0.830,         0.497
         0.332,         0.830,         0.496
         0.332,         0.834,         0.496
         0.335,         0.834,         0.495
         0.335,         0.842,         0.495
         0.351,         0.842,         0.490
         0.352,         0.842,         0.490
         0.352,         0.842,         0.490
         0.352,         0.842,         0.489
         0.356,         0.842,         0.488
         0.356,         0.845,         0.488
         0.362,         0.845,         0.485
         0.362,         0.849,         0.485
         0.366,         0.849,         0.484
         0.366,         0.853,         0.484
         0.367,         0.853,         0.483
         0.367,         0.857,         0.483
         0.367,         0.857,         0.483
         0.367,         0.860,         0.483
         0.369,         0.860,         0.483
         0.369,         0.860,         0.483
         0.370,         0.860,         0.483
         0.371,         0.860,         0.483
         0.380,         0.860,         0.479
         0.380,         0.864,         0.479
         0.384,         0.864,         0.477
         0.384,         0.868,         0.477
         0.405,         0.868,         0.470
         0.405,         0.872,         0.470
         0.416,         0.872,         0.467
         0.416,         0.875,         0.467
         0.416,         0.875,         0.467
         0.432,         0.875,         0.461
         0.432,         0.879,         0.461
         0.443,         0.879,         0.457
         0.443,         0.883,         0.457
         0.443,         0.883,         0.457
         0.443,         0.887,         0.457
         0.451,         0.887,         0.454
         0.451,         0.891,         0.454
         0.454,         0.891,         0.454
         0.454,         0.891,         0.454
         0.456,         0.891,         0.453
         0.456,         0.894,         0.453
         0.457,         0.894,         0.453
         0.457,         0.898,         0.453
         0.458,         0.898,         0.452
         0.460,         0.898,         0.452
         0.478,         0.898,         0.452
         0.481,         0.898,         0.451
         0.481,         0.902,         0.451
         0.481,         0.902,         0.451
         0.481,         0.906,         0.451
         0.497,         0.906,         0.445
         0.497,         0.906,         0.445
         0.524,         0.906,         0.437
         0.524,         0.909,         0.437
         0.537,         0.909,         0.432
         0.537,         0.913,         0.432
         0.539,         0.913,         0.431
         0.539,         0.917,         0.431
         0.548,         0.917,         0.427
         0.548,         0.917,         0.427
         0.555,         0.917,         0.425
         0.555,         0.921,         0.425
         0.567,         0.921,         0.421
         0.567,         0.925,         0.421
         0.574,         0.925,         0.419
         0.574,         0.925,         0.419
         0.576,         0.925,         0.418
         0.576,         0.928,         0.418
         0.578,         0.928,         0.418
         0.578,         0.932,         0.417
         0.578,         0.932,         0.417
         0.578,         0.936,         0.417
         0.604,         0.936,         0.409
         0.604,         0.940,         0.408
         0.605,         0.940,         0.408
         0.605,         0.943,         0.408
         0.608,         0.943,         0.408
         0.608,         0.947,         0.408
         0.612,         0.947,         0.407
         0.612,         0.947,         0.407
         0.635,         0.947,         0.399
         0.635,         0.951,         0.399
         0.651,         0.951,         0.393
         0.651,         0.955,         0.393
         0.651,         0.955,         0.393
         0.651,         0.958,         0.393
         0.656,         0.958,         0.391
         0.656,         0.958,         0.391
         0.657,         0.958,         0.391
         0.657,         0.958,         0.391
         0.665,         0.958,         0.388
         0.665,         0.962,         0.388
         0.684,         0.962,         0.381
         0.684,         0.966,         0.381
         0.688,         0.966,         0.379
         0.689,         0.966,         0.379
         0.694,         0.966,         0.376
         0.695,         0.966,         0.376
         0.699,         0.966,         0.374
         0.699,         0.970,         0.374
         0.702,         0.970,         0.373
         0.703,         0.970,         0.373
         0.714,         0.970,         0.369
         0.714,         0.974,         0.369
         0.719,         0.974,         0.367
         0.719,         0.977,         0.367
         0.723,         0.977,         0.365
         0.723,         0.981,         0.365
         0.732,         0.981,         0.362
         0.732,         0.985,         0.362
         0.767,         0.985,         0.348
         0.768,         0.985,         0.348
         0.773,         0.985,         0.345
         0.774,         0.985,         0.345
         0.777,         0.985,         0.344
         0.778,         0.985,         0.344
         0.791,         0.985,         0.338
         0.791,         0.989,         0.338
         0.823,         0.989,         0.323
         0.823,         0.992,         0.323
         0.846,         0.992,         0.312
         0.847,         0.992,         0.312
         0.866,         0.992,         0.302
         0.866,         0.992,         0.302
         0.885,         0.992,         0.292
         0.885,         0.992,         0.292
         0.913,         0.992,         0.275
         0.913,         0.992,         0.275
         0.928,         0.992,         0.263
         0.928,         0.992,         0.263
         0.940,         0.992,         0.252
         0.940,         0.992,         0.252
         0.959,         0.992,         0.234
         0.959,         0.996,         0.234
         0.972,         0.996,         0.215
         0.972,         1.000,         0.215
         1.000,         1.000,         0.035
