false_pos_rate,true_pos_rate,threshold
         0.000,         0.000,         1.828
         0.000,         0.004,         0.828
         0.000,         0.068,         0.755
         0.000,         0.068,         0.750
         0.000,         0.102,         0.726
         0.001,         0.102,         0.718
         0.001,         0.121,         0.711
         0.001,         0.121,         0.709
         0.001,         0.125,         0.708
         0.001,         0.125,         0.707
         0.001,         0.128,         0.704
         0.002,         0.128,         0.698
         0.002,         0.136,         0.694
         0.002,         0.136,         0.693
         0.002,         0.143,         0.688
         0.002,         0.143,         0.685
         0.002,         0.147,         0.685
         0.003,         0.147,         0.682
         0.003,         0.162,         0.681
         0.003,         0.162,         0.680
         0.003,         0.166,         0.680
         0.003,         0.166,         0.680
         0.003,         0.181,         0.678
         0.004,         0.181,         0.676
         0.004,         0.185,         0.676
         0.005,         0.185,         0.672
         0.005,         0.189,         0.672
         0.005,         0.189,         0.671
         0.005,         0.204,         0.669
         0.005,         0.204,         0.669
         0.005,         0.208,         0.668
         0.005,         0.208,         0.667
         0.005,         0.215,         0.666
         0.006,         0.215,         0.666
         0.006,         0.226,         0.665
         0.006,         0.226,         0.664
         0.006,         0.230,         0.661
         0.007,         0.230,         0.660
         0.007,         0.238,         0.659
         0.007,         0.238,         0.658
         0.007,         0.242,         0.658
         0.008,         0.242,         0.655
         0.008,         0.245,         0.654
         0.008,         0.245,         0.653
         0.008,         0.249,         0.652
         0.008,         0.249,         0.652
         0.008,         0.253,         0.651
         0.009,         0.253,         0.646
         0.009,         0.257,         0.645
         0.010,         0.257,         0.643
         0.010,         0.260,         0.643
         0.010,         0.260,         0.641
         0.010,         0.264,         0.641
         0.011,         0.264,         0.640
         0.011,         0.268,         0.640
         0.011,         0.268,         0.639
         0.011,         0.275,         0.637
         0.011,         0.275,         0.637
         0.011,         0.279,         0.637
         0.011,         0.279,         0.636
         0.011,         0.283,         0.636
         0.012,         0.283,         0.634
         0.012,         0.287,         0.632
         0.012,         0.287,         0.632
         0.012,         0.291,         0.632
         0.013,         0.291,         0.631
         0.013,         0.294,         0.631
         0.014,         0.294,         0.629
         0.014,         0.298,         0.629
         0.014,         0.298,         0.628
         0.014,         0.302,         0.628
         0.014,         0.302,         0.627
         0.014,         0.306,         0.627
         0.014,         0.306,         0.627
         0.014,         0.313,         0.626
         0.015,         0.313,         0.626
         0.015,         0.317,         0.626
         0.015,         0.317,         0.626
         0.015,         0.321,         0.626
         0.015,         0.321,         0.624
         0.015,         0.332,         0.624
         0.015,         0.332,         0.623
         0.015,         0.336,         0.623
         0.016,         0.336,         0.620
         0.016,         0.340,         0.620
         0.017,         0.340,         0.618
         0.017,         0.343,         0.618
         0.017,         0.343,         0.618
         0.017,         0.347,         0.618
         0.019,         0.347,         0.614
         0.019,         0.358,         0.613
         0.020,         0.358,         0.612
         0.020,         0.362,         0.612
         0.020,         0.362,         0.611
         0.020,         0.366,         0.611
         0.021,         0.366,         0.608
         0.021,         0.370,         0.608
         0.021,         0.370,         0.607
         0.021,         0.374,         0.607
         0.023,         0.374,         0.605
         0.023,         0.377,         0.605
         0.023,         0.377,         0.604
         0.023,         0.381,         0.604
         0.023,         0.381,         0.603
         0.023,         0.385,         0.603
         0.024,         0.385,         0.602
         0.024,         0.389,         0.601
         0.024,         0.389,         0.601
         0.024,         0.392,         0.601
         0.024,         0.392,         0.601
         0.024,         0.396,         0.601
         0.025,         0.396,         0.599
         0.025,         0.400,         0.599
         0.026,         0.400,         0.599
         0.026,         0.408,         0.599
         0.027,         0.408,         0.597
         0.027,         0.411,         0.597
         0.027,         0.411,         0.596
         0.027,         0.415,         0.596
         0.027,         0.415,         0.595
         0.027,         0.423,         0.595
         0.028,         0.423,         0.595
         0.028,         0.426,         0.594
         0.028,         0.426,         0.594
         0.028,         0.430,         0.594
         0.028,         0.430,         0.593
         0.028,         0.434,         0.593
         0.029,         0.434,         0.592
         0.029,         0.445,         0.591
         0.029,         0.445,         0.591
         0.029,         0.449,         0.591
         0.030,         0.449,         0.590
         0.030,         0.453,         0.590
         0.035,         0.453,         0.586
         0.035,         0.460,         0.585
         0.035,         0.460,         0.585
         0.035,         0.464,         0.585
         0.036,         0.464,         0.583
         0.036,         0.468,         0.583
         0.036,         0.468,         0.582
         0.036,         0.472,         0.582
         0.037,         0.472,         0.581
         0.037,         0.479,         0.581
         0.039,         0.479,         0.578
         0.039,         0.483,         0.578
         0.041,         0.483,         0.576
         0.041,         0.487,         0.576
         0.041,         0.487,         0.576
         0.041,         0.491,         0.576
         0.042,         0.491,         0.576
         0.042,         0.494,         0.576
         0.042,         0.494,         0.575
         0.042,         0.498,         0.574
         0.043,         0.498,         0.573
         0.043,         0.502,         0.573
         0.044,         0.502,         0.573
         0.044,         0.506,         0.573
         0.044,         0.506,         0.572
         0.044,         0.513,         0.571
         0.045,         0.513,         0.571
         0.045,         0.517,         0.571
         0.047,         0.517,         0.569
         0.047,         0.521,         0.568
         0.050,         0.521,         0.566
         0.050,         0.525,         0.566
         0.054,         0.525,         0.563
         0.054,         0.528,         0.563
         0.054,         0.528,         0.563
         0.054,         0.532,         0.562
         0.055,         0.532,         0.561
         0.055,         0.536,         0.561
         0.055,         0.536,         0.561
         0.055,         0.540,         0.561
         0.059,         0.540,         0.558
         0.059,         0.540,         0.558
         0.063,         0.540,         0.556
         0.063,         0.543,         0.556
         0.063,         0.543,         0.556
         0.063,         0.547,         0.556
         0.066,         0.547,         0.553
         0.066,         0.551,         0.553
         0.068,         0.551,         0.552
         0.068,         0.558,         0.552
         0.069,         0.558,         0.551
         0.069,         0.562,         0.551
         0.069,         0.562,         0.551
         0.069,         0.566,         0.551
         0.072,         0.566,         0.548
         0.072,         0.570,         0.548
         0.076,         0.570,         0.545
         0.076,         0.574,         0.545
         0.079,         0.574,         0.542
         0.079,         0.577,         0.542
         0.081,         0.577,         0.541
         0.081,         0.581,         0.541
         0.081,         0.581,         0.540
         0.081,         0.585,         0.540
         0.085,         0.585,         0.538
         0.085,         0.589,         0.538
         0.085,         0.589,         0.538
         0.085,         0.592,         0.538
         0.085,         0.592,         0.538
         0.085,         0.596,         0.538
         0.096,         0.596,         0.532
         0.096,         0.600,         0.532
         0.098,         0.600,         0.531
         0.098,         0.604,         0.531
         0.098,         0.604,         0.531
         0.098,         0.608,         0.531
         0.098,         0.608,         0.531
         0.098,         0.611,         0.531
         0.099,         0.611,         0.531
         0.099,         0.615,         0.531
         0.103,         0.615,         0.528
         0.103,         0.623,         0.528
         0.105,         0.623,         0.526
         0.105,         0.626,         0.526
         0.110,         0.626,         0.522
         0.110,         0.630,         0.522
         0.112,         0.630,         0.521
         0.112,         0.634,         0.521
         0.113,         0.634,         0.521
         0.113,         0.638,         0.521
         0.114,         0.638,         0.520
         0.114,         0.642,         0.520
         0.115,         0.642,         0.519
         0.115,         0.645,         0.519
         0.119,         0.645,         0.517
         0.119,         0.649,         0.517
         0.119,         0.649,         0.517
         0.119,         0.653,         0.517
         0.120,         0.653,         0.516
         0.120,         0.660,         0.516
         0.121,         0.660,         0.516
         0.121,         0.664,         0.516
         0.122,         0.664,         0.515
         0.122,         0.668,         0.515
         0.123,         0.668,         0.514
         0.123,         0.672,         0.514
         0.126,         0.672,         0.513
         0.126,         0.672,         0.513
         0.127,         0.672,         0.512
         0.127,         0.675,         0.512
         0.128,         0.675,         0.512
         0.128,         0.683,         0.512
         0.130,         0.683,         0.511
         0.130,         0.687,         0.511
         0.134,         0.687,         0.510
         0.134,         0.691,         0.509
         0.149,         0.691,         0.504
         0.149,         0.694,         0.503
         0.151,         0.694,         0.502
         0.151,         0.698,         0.502
         0.158,         0.698,         0.499
         0.158,         0.702,         0.499
         0.159,         0.702,         0.499
         0.159,         0.706,         0.499
         0.159,         0.706,         0.499
         0.159,         0.709,         0.498
         0.160,         0.709,         0.498
         0.160,         0.713,         0.498
         0.168,         0.713,         0.494
         0.168,         0.717,         0.494
         0.178,         0.717,         0.489
         0.178,         0.725,         0.489
         0.180,         0.725,         0.488
         0.180,         0.728,         0.488
         0.182,         0.728,         0.487
         0.182,         0.732,         0.487
         0.188,         0.732,         0.484
         0.188,         0.736,         0.484
         0.191,         0.736,         0.483
         0.191,         0.740,         0.483
         0.195,         0.740,         0.481
         0.195,         0.743,         0.481
         0.197,         0.743,         0.481
         0.197,         0.747,         0.480
         0.202,         0.747,         0.478
         0.202,         0.751,         0.478
         0.203,         0.751,         0.477
         0.203,         0.755,         0.477
         0.204,         0.755,         0.477
         0.204,         0.758,         0.477
         0.205,         0.758,         0.476
         0.205,         0.762,         0.476
         0.207,         0.762,         0.475
         0.207,         0.766,         0.475
         0.208,         0.766,         0.475
         0.208,         0.770,         0.475
         0.209,         0.770,         0.474
         0.209,         0.777,         0.474
         0.211,         0.777,         0.474
         0.211,         0.777,         0.474
         0.231,         0.777,         0.467
         0.231,         0.777,         0.467
         0.233,         0.777,         0.466
         0.233,         0.781,         0.466
         0.244,         0.781,         0.462
         0.246,         0.781,         0.462
         0.257,         0.781,         0.458
         0.257,         0.785,         0.458
         0.258,         0.785,         0.458
         0.258,         0.789,         0.458
         0.270,         0.789,         0.454
         0.270,         0.792,         0.454
         0.278,         0.792,         0.452
         0.278,         0.796,         0.452
         0.279,         0.796,         0.451
         0.279,         0.800,         0.451
         0.280,         0.800,         0.451
         0.281,         0.800,         0.451
         0.283,         0.800,         0.450
         0.283,         0.804,         0.450
         0.284,         0.804,         0.450
         0.284,         0.811,         0.450
         0.286,         0.811,         0.449
         0.286,         0.815,         0.449
         0.287,         0.815,         0.449
         0.287,         0.819,         0.449
         0.293,         0.819,         0.447
         0.293,         0.823,         0.447
         0.296,         0.823,         0.446
         0.296,         0.826,         0.446
         0.300,         0.826,         0.444
         0.300,         0.830,         0.444
         0.305,         0.830,         0.443
         0.306,         0.830,         0.443
         0.308,         0.830,         0.442
         0.308,         0.834,         0.442
         0.310,         0.834,         0.442
         0.311,         0.834,         0.442
         0.315,         0.834,         0.440
         0.315,         0.838,         0.440
         0.317,         0.838,         0.440
         0.317,         0.842,         0.440
         0.317,         0.842,         0.440
         0.320,         0.842,         0.439
         0.320,         0.845,         0.439
         0.323,         0.845,         0.438
         0.324,         0.845,         0.438
         0.326,         0.845,         0.437
         0.326,         0.849,         0.437
         0.339,         0.849,         0.432
         0.339,         0.853,         0.432
         0.346,         0.853,         0.430
         0.346,         0.857,         0.430
         0.351,         0.857,         0.428
         0.351,         0.860,         0.428
         0.354,         0.860,         0.428
         0.354,         0.864,         0.428
         0.377,         0.864,         0.420
         0.377,         0.872,         0.420
         0.385,         0.872,         0.418
         0.385,         0.875,         0.418
         0.389,         0.875,         0.416
         0.389,         0.879,         0.416
         0.390,         0.879,         0.416
         0.390,         0.883,         0.416
         0.394,         0.883,         0.415
         0.394,         0.887,         0.415
         0.395,         0.887,         0.415
         0.395,         0.887,         0.415
         0.397,         0.887,         0.414
         0.398,         0.887,         0.414
         0.412,         0.887,         0.410
         0.412,         0.891,         0.410
         0.413,         0.891,         0.409
         0.413,         0.891,         0.409
         0.414,         0.891,         0.409
         0.415,         0.891,         0.409
         0.419,         0.891,         0.407
         0.419,         0.894,         0.407
         0.434,         0.894,         0.403
         0.434,         0.894,         0.403
         0.445,         0.894,         0.399
         0.445,         0.898,         0.399
         0.463,         0.898,         0.395
         0.463,         0.898,         0.394
         0.474,         0.898,         0.391
         0.474,         0.902,         0.391
         0.475,         0.902,         0.391
         0.476,         0.902,         0.391
         0.476,         0.906,         0.391
         0.478,         0.906,         0.390
         0.478,         0.906,         0.390
         0.481,         0.906,         0.389
         0.481,         0.909,         0.389
         0.483,         0.909,         0.389
         0.484,         0.909,         0.389
         0.484,         0.913,         0.388
         0.488,         0.913,         0.388
         0.488,         0.913,         0.388
         0.492,         0.913,         0.386
         0.492,         0.913,         0.386
         0.499,         0.913,         0.384
         0.501,         0.913,         0.384
         0.509,         0.913,         0.382
         0.509,         0.917,         0.381
         0.516,         0.917,         0.379
         0.517,         0.917,         0.379
         0.519,         0.917,         0.379
         0.520,         0.917,         0.379
         0.526,         0.917,         0.377
         0.526,         0.917,         0.377
         0.530,         0.917,         0.376
         0.530,         0.917,         0.376
         0.539,         0.917,         0.373
         0.540,         0.917,         0.373
         0.540,         0.921,         0.373
         0.546,         0.921,         0.372
         0.546,         0.925,         0.371
         0.557,         0.925,         0.369
         0.557,         0.925,         0.369
         0.569,         0.925,         0.365
         0.569,         0.928,         0.365
         0.573,         0.928,         0.364
         0.573,         0.932,         0.364
         0.579,         0.932,         0.362
         0.579,         0.936,         0.362
         0.581,         0.936,         0.362
         0.581,         0.940,         0.361
         0.584,         0.940,         0.361
         0.584,         0.943,         0.361
         0.602,         0.943,         0.355
         0.602,         0.947,         0.355
         0.605,         0.947,         0.354
         0.605,         0.947,         0.354
         0.611,         0.947,         0.352
         0.612,         0.947,         0.352
         0.626,         0.947,         0.348
         0.626,         0.951,         0.348
         0.627,         0.951,         0.348
         0.628,         0.951,         0.348
         0.630,         0.951,         0.347
         0.630,         0.955,         0.347
         0.639,         0.955,         0.345
         0.639,         0.958,         0.345
         0.640,         0.958,         0.344
         0.641,         0.958,         0.344
         0.643,         0.958,         0.343
         0.643,         0.958,         0.343
         0.648,         0.958,         0.342
         0.648,         0.962,         0.342
         0.649,         0.962,         0.341
         0.650,         0.962,         0.341
         0.652,         0.962,         0.341
         0.652,         0.966,         0.341
         0.656,         0.966,         0.340
         0.656,         0.966,         0.340
         0.658,         0.966,         0.339
         0.658,         0.970,         0.339
         0.664,         0.970,         0.337
         0.664,         0.977,         0.337
         0.665,         0.977,         0.337
         0.665,         0.977,         0.336
         0.674,         0.977,         0.334
         0.674,         0.977,         0.334
         0.712,         0.977,         0.321
         0.713,         0.977,         0.321
         0.716,         0.977,         0.320
         0.717,         0.977,         0.319
         0.723,         0.977,         0.318
         0.724,         0.977,         0.318
         0.726,         0.977,         0.317
         0.726,         0.981,         0.317
         0.736,         0.981,         0.313
         0.736,         0.985,         0.313
         0.739,         0.985,         0.312
         0.757,         0.985,         0.312
         0.765,         0.985,         0.309
         0.766,         0.985,         0.309
         0.773,         0.985,         0.306
         0.773,         0.985,         0.306
         0.792,         0.985,         0.299
         0.793,         0.985,         0.299
         0.805,         0.985,         0.295
         0.806,         0.985,         0.295
         0.827,         0.985,         0.286
         0.827,         0.989,         0.286
         0.853,         0.989,         0.274
         0.853,         0.992,         0.274
         0.881,         0.992,         0.262
         0.881,         0.992,         0.261
         0.882,         0.992,         0.261
         0.882,         0.992,         0.261
         0.888,         0.992,         0.256
         0.889,         0.992,         0.256
         0.902,         0.992,         0.248
         0.903,         0.992,         0.248
         0.909,         0.992,         0.244
         0.910,         0.992,         0.244
         0.915,         0.992,         0.241
         0.915,         0.992,         0.241
         0.917,         0.992,         0.239
         0.918,         0.992,         0.239
         0.919,         0.992,         0.239
         0.921,         0.992,         0.238
         0.962,         0.992,         0.203
         0.962,         0.996,         0.203
         0.967,         0.996,         0.197
         0.967,         0.996,         0.197
         0.976,         0.996,         0.183
         0.976,         1.000,         0.183
         1.000,         1.000,         0.025
