false_pos_rate,true_pos_rate,threshold
         0.000,         0.000,         1.661
         0.000,         0.004,         0.661
         0.005,         0.011,         0.636
         0.005,         0.011,         0.619
         0.006,         0.011,         0.619
         0.006,         0.019,         0.585
         0.006,         0.019,         0.583
         0.006,         0.023,         0.582
         0.007,         0.023,         0.557
         0.007,         0.026,         0.555
         0.008,         0.026,         0.546
         0.008,         0.026,         0.543
         0.008,         0.026,         0.530
         0.008,         0.030,         0.526
         0.009,         0.030,         0.519
         0.010,         0.030,         0.518
         0.010,         0.030,         0.511
         0.010,         0.034,         0.509
         0.011,         0.034,         0.508
         0.011,         0.038,         0.505
         0.011,         0.038,         0.498
         0.011,         0.038,         0.497
         0.012,         0.038,         0.492
         0.012,         0.042,         0.491
         0.012,         0.042,         0.489
         0.012,         0.045,         0.488
         0.012,         0.045,         0.486
         0.012,         0.053,         0.483
         0.013,         0.053,         0.480
         0.013,         0.053,         0.478
         0.013,         0.060,         0.476
         0.014,         0.060,         0.469
         0.014,         0.060,         0.469
         0.015,         0.060,         0.467
         0.015,         0.060,         0.466
         0.016,         0.060,         0.465
         0.016,         0.060,         0.464
         0.016,         0.060,         0.461
         0.017,         0.060,         0.459
         0.017,         0.064,         0.457
         0.017,         0.064,         0.455
         0.019,         0.068,         0.453
         0.019,         0.072,         0.451
         0.019,         0.075,         0.449
         0.019,         0.075,         0.448
         0.019,         0.079,         0.447
         0.019,         0.079,         0.446
         0.020,         0.079,         0.445
         0.020,         0.079,         0.443
         0.021,         0.079,         0.443
         0.021,         0.079,         0.435
         0.022,         0.083,         0.435
         0.022,         0.083,         0.433
         0.022,         0.083,         0.433
         0.022,         0.087,         0.432
         0.023,         0.087,         0.430
         0.023,         0.094,         0.424
         0.023,         0.094,         0.423
         0.023,         0.098,         0.421
         0.023,         0.098,         0.414
         0.023,         0.102,         0.413
         0.024,         0.102,         0.411
         0.024,         0.102,         0.405
         0.024,         0.106,         0.405
         0.025,         0.106,         0.403
         0.025,         0.109,         0.402
         0.025,         0.109,         0.399
         0.025,         0.117,         0.396
         0.026,         0.117,         0.395
         0.026,         0.117,         0.394
         0.026,         0.117,         0.392
         0.026,         0.117,         0.390
         0.027,         0.121,         0.389
         0.027,         0.121,         0.388
         0.028,         0.121,         0.386
         0.029,         0.121,         0.384
         0.029,         0.125,         0.383
         0.029,         0.132,         0.383
         0.030,         0.136,         0.382
         0.030,         0.140,         0.380
         0.030,         0.140,         0.380
         0.031,         0.140,         0.380
         0.031,         0.140,         0.379
         0.032,         0.140,         0.376
         0.032,         0.140,         0.375
         0.032,         0.143,         0.374
         0.034,         0.147,         0.373
         0.034,         0.147,         0.372
         0.035,         0.151,         0.372
         0.035,         0.151,         0.370
         0.035,         0.151,         0.369
         0.035,         0.155,         0.364
         0.035,         0.155,         0.364
         0.035,         0.158,         0.364
         0.036,         0.166,         0.361
         0.036,         0.166,         0.357
         0.036,         0.166,         0.356
         0.036,         0.174,         0.353
         0.037,         0.177,         0.353
         0.038,         0.177,         0.351
         0.038,         0.177,         0.350
         0.038,         0.177,         0.347
         0.039,         0.177,         0.345
         0.039,         0.177,         0.343
         0.039,         0.177,         0.342
         0.040,         0.177,         0.340
         0.041,         0.177,         0.340
         0.041,         0.177,         0.337
         0.041,         0.181,         0.337
         0.042,         0.181,         0.334
         0.042,         0.185,         0.331
         0.042,         0.189,         0.331
         0.043,         0.192,         0.331
         0.043,         0.192,         0.329
         0.044,         0.192,         0.328
         0.044,         0.196,         0.327
         0.044,         0.196,         0.327
         0.044,         0.196,         0.326
         0.044,         0.196,         0.326
         0.045,         0.200,         0.325
         0.045,         0.200,         0.324
         0.045,         0.204,         0.323
         0.045,         0.204,         0.321
         0.046,         0.211,         0.318
         0.046,         0.211,         0.312
         0.047,         0.211,         0.311
         0.047,         0.211,         0.311
         0.047,         0.215,         0.310
         0.047,         0.215,         0.309
         0.048,         0.215,         0.307
         0.049,         0.215,         0.304
         0.049,         0.215,         0.302
         0.049,         0.215,         0.301
         0.049,         0.215,         0.301
         0.050,         0.215,         0.295
         0.051,         0.215,         0.290
         0.051,         0.223,         0.288
         0.051,         0.223,         0.286
         0.052,         0.223,         0.283
         0.052,         0.223,         0.281
         0.052,         0.226,         0.279
         0.053,         0.226,         0.277
         0.053,         0.230,         0.277
         0.053,         0.230,         0.273
         0.053,         0.230,         0.273
         0.054,         0.230,         0.272
         0.054,         0.234,         0.271
         0.054,         0.234,         0.270
         0.054,         0.234,         0.269
         0.055,         0.234,         0.266
         0.055,         0.234,         0.265
         0.055,         0.238,         0.265
         0.056,         0.238,         0.264
         0.056,         0.238,         0.261
         0.056,         0.238,         0.257
         0.056,         0.245,         0.253
         0.057,         0.245,         0.253
         0.057,         0.245,         0.252
         0.058,         0.249,         0.248
         0.058,         0.249,         0.248
         0.058,         0.253,         0.247
         0.058,         0.253,         0.246
         0.059,         0.253,         0.245
         0.059,         0.257,         0.244
         0.059,         0.257,         0.242
         0.059,         0.257,         0.242
         0.078,         0.257,         0.239
         0.078,         0.257,         0.238
         0.078,         0.257,         0.236
         0.079,         0.260,         0.235
         0.080,         0.260,         0.234
         0.080,         0.260,         0.234
         0.080,         0.260,         0.232
         0.081,         0.260,         0.231
         0.081,         0.264,         0.231
         0.081,         0.264,         0.231
         0.081,         0.264,         0.229
         0.082,         0.264,         0.228
         0.082,         0.268,         0.226
         0.082,         0.268,         0.223
         0.083,         0.268,         0.223
         0.083,         0.272,         0.221
         0.083,         0.272,         0.221
         0.084,         0.272,         0.220
         0.084,         0.272,         0.220
         0.085,         0.272,         0.219
         0.085,         0.275,         0.217
         0.085,         0.283,         0.215
         0.085,         0.283,         0.215
         0.085,         0.287,         0.215
         0.086,         0.291,         0.214
         0.086,         0.291,         0.212
         0.086,         0.294,         0.211
         0.087,         0.294,         0.211
         0.088,         0.294,         0.210
         0.088,         0.294,         0.209
         0.088,         0.298,         0.209
         0.089,         0.298,         0.208
         0.089,         0.298,         0.207
         0.090,         0.298,         0.207
         0.090,         0.298,         0.207
         0.090,         0.298,         0.207
         0.091,         0.298,         0.206
         0.091,         0.302,         0.204
         0.092,         0.302,         0.204
         0.092,         0.302,         0.204
         0.093,         0.302,         0.204
         0.093,         0.302,         0.203
         0.094,         0.302,         0.202
         0.094,         0.306,         0.201
         0.095,         0.306,         0.201
         0.095,         0.306,         0.200
         0.096,         0.306,         0.200
         0.096,         0.306,         0.199
         0.096,         0.309,         0.198
         0.097,         0.309,         0.198
         0.097,         0.313,         0.197
         0.098,         0.317,         0.197
         0.099,         0.317,         0.196
         0.100,         0.325,         0.194
         0.100,         0.325,         0.194
         0.100,         0.325,         0.193
         0.100,         0.328,         0.193
         0.101,         0.332,         0.192
         0.102,         0.332,         0.192
         0.102,         0.332,         0.191
         0.103,         0.332,         0.191
         0.103,         0.340,         0.190
         0.104,         0.340,         0.190
         0.104,         0.340,         0.189
         0.105,         0.340,         0.188
         0.106,         0.340,         0.188
         0.107,         0.340,         0.186
         0.108,         0.340,         0.185
         0.108,         0.340,         0.185
         0.112,         0.343,         0.184
         0.113,         0.343,         0.184
         0.113,         0.343,         0.182
         0.113,         0.343,         0.182
         0.114,         0.343,         0.182
         0.117,         0.347,         0.181
         0.118,         0.347,         0.180
         0.118,         0.347,         0.179
         0.119,         0.347,         0.179
         0.119,         0.358,         0.177
         0.119,         0.358,         0.177
         0.124,         0.358,         0.177
         0.124,         0.358,         0.177
         0.126,         0.358,         0.176
         0.126,         0.358,         0.175
         0.127,         0.362,         0.175
         0.127,         0.370,         0.175
         0.127,         0.370,         0.174
         0.128,         0.370,         0.173
         0.134,         0.370,         0.173
         0.135,         0.370,         0.173
         0.135,         0.374,         0.173
         0.135,         0.374,         0.173
         0.136,         0.374,         0.171
         0.137,         0.374,         0.171
         0.137,         0.377,         0.170
         0.138,         0.377,         0.169
         0.138,         0.377,         0.169
         0.139,         0.377,         0.168
         0.139,         0.377,         0.168
         0.140,         0.381,         0.168
         0.140,         0.381,         0.166
         0.142,         0.381,         0.166
         0.142,         0.381,         0.166
         0.143,         0.381,         0.165
         0.143,         0.385,         0.164
         0.145,         0.385,         0.163
         0.145,         0.385,         0.163
         0.146,         0.385,         0.162
         0.146,         0.392,         0.161
         0.147,         0.392,         0.160
         0.148,         0.392,         0.160
         0.149,         0.392,         0.160
         0.150,         0.392,         0.160
         0.151,         0.392,         0.160
         0.151,         0.392,         0.158
         0.151,         0.392,         0.158
         0.152,         0.396,         0.158
         0.152,         0.396,         0.158
         0.152,         0.400,         0.157
         0.155,         0.400,         0.157
         0.155,         0.400,         0.156
         0.156,         0.404,         0.156
         0.157,         0.404,         0.155
         0.157,         0.404,         0.154
         0.158,         0.404,         0.154
         0.161,         0.404,         0.154
         0.161,         0.404,         0.153
         0.161,         0.404,         0.153
         0.164,         0.411,         0.152
         0.164,         0.411,         0.152
         0.165,         0.411,         0.151
         0.166,         0.411,         0.151
         0.168,         0.415,         0.151
         0.169,         0.415,         0.149
         0.169,         0.415,         0.149
         0.170,         0.419,         0.148
         0.170,         0.419,         0.148
         0.172,         0.419,         0.147
         0.175,         0.419,         0.147
         0.176,         0.419,         0.146
         0.176,         0.419,         0.146
         0.177,         0.423,         0.146
         0.178,         0.423,         0.146
         0.179,         0.423,         0.145
         0.183,         0.423,         0.144
         0.184,         0.423,         0.144
         0.184,         0.423,         0.144
         0.185,         0.423,         0.144
         0.186,         0.423,         0.144
         0.188,         0.426,         0.143
         0.188,         0.426,         0.142
         0.189,         0.426,         0.142
         0.189,         0.426,         0.142
         0.192,         0.426,         0.141
         0.192,         0.430,         0.141
         0.192,         0.430,         0.141
         0.193,         0.430,         0.140
         0.196,         0.430,         0.139
         0.197,         0.430,         0.139
         0.197,         0.430,         0.136
         0.200,         0.434,         0.136
         0.203,         0.434,         0.136
         0.203,         0.434,         0.136
         0.204,         0.434,         0.135
         0.205,         0.434,         0.134
         0.205,         0.434,         0.134
         0.206,         0.434,         0.134
         0.207,         0.434,         0.133
         0.208,         0.438,         0.133
         0.208,         0.438,         0.132
         0.209,         0.442,         0.132
         0.209,         0.442,         0.131
         0.211,         0.442,         0.131
         0.212,         0.442,         0.131
         0.212,         0.442,         0.131
         0.214,         0.453,         0.130
         0.214,         0.453,         0.129
         0.216,         0.457,         0.129
         0.216,         0.457,         0.129
         0.217,         0.457,         0.129
         0.217,         0.457,         0.129
         0.219,         0.460,         0.128
         0.220,         0.460,         0.127
         0.220,         0.464,         0.127
         0.221,         0.464,         0.126
         0.223,         0.464,         0.126
         0.223,         0.464,         0.125
         0.223,         0.464,         0.125
         0.224,         0.464,         0.125
         0.224,         0.464,         0.125
         0.225,         0.464,         0.124
         0.226,         0.468,         0.124
         0.227,         0.468,         0.123
         0.228,         0.468,         0.122
         0.228,         0.468,         0.122
         0.229,         0.468,         0.122
         0.229,         0.472,         0.121
         0.230,         0.472,         0.121
         0.230,         0.472,         0.121
         0.230,         0.475,         0.120
         0.231,         0.475,         0.120
         0.232,         0.479,         0.120
         0.233,         0.479,         0.119
         0.233,         0.483,         0.119
         0.234,         0.487,         0.119
         0.236,         0.487,         0.119
         0.236,         0.491,         0.118
         0.236,         0.491,         0.118
         0.236,         0.491,         0.117
         0.237,         0.491,         0.117
         0.237,         0.494,         0.117
         0.238,         0.494,         0.117
         0.239,         0.498,         0.116
         0.239,         0.498,         0.116
         0.239,         0.502,         0.115
         0.241,         0.506,         0.115
         0.241,         0.506,         0.114
         0.242,         0.506,         0.114
         0.243,         0.506,         0.113
         0.245,         0.506,         0.111
         0.245,         0.506,         0.111
         0.245,         0.509,         0.111
         0.246,         0.509,         0.111
         0.246,         0.509,         0.111
         0.247,         0.509,         0.110
         0.247,         0.509,         0.109
         0.247,         0.513,         0.109
         0.248,         0.513,         0.109
         0.249,         0.513,         0.109
         0.250,         0.517,         0.108
         0.250,         0.517,         0.107
         0.252,         0.517,         0.107
         0.252,         0.517,         0.106
         0.253,         0.517,         0.104
         0.254,         0.517,         0.104
         0.255,         0.521,         0.104
         0.256,         0.521,         0.103
         0.257,         0.521,         0.103
         0.257,         0.525,         0.103
         0.258,         0.525,         0.102
         0.258,         0.525,         0.102
         0.259,         0.525,         0.101
         0.261,         0.528,         0.101
         0.261,         0.528,         0.100
         0.264,         0.528,         0.100
         0.264,         0.528,         0.100
         0.265,         0.532,         0.100
         0.265,         0.532,         0.100
         0.266,         0.532,         0.099
         0.267,         0.540,         0.098
         0.268,         0.540,         0.098
         0.269,         0.540,         0.097
         0.270,         0.540,         0.097
         0.270,         0.543,         0.096
         0.270,         0.543,         0.096
         0.271,         0.547,         0.095
         0.272,         0.551,         0.095
         0.272,         0.551,         0.095
         0.273,         0.551,         0.095
         0.273,         0.551,         0.094
         0.275,         0.555,         0.094
         0.276,         0.555,         0.093
         0.277,         0.555,         0.093
         0.277,         0.555,         0.092
         0.278,         0.558,         0.092
         0.279,         0.562,         0.092
         0.281,         0.562,         0.092
         0.282,         0.570,         0.091
         0.282,         0.574,         0.091
         0.282,         0.574,         0.090
         0.283,         0.574,         0.090
         0.284,         0.574,         0.090
         0.284,         0.574,         0.089
         0.285,         0.574,         0.089
         0.286,         0.577,         0.088
         0.286,         0.581,         0.088
         0.287,         0.581,         0.088
         0.287,         0.581,         0.088
         0.288,         0.585,         0.087
         0.288,         0.585,         0.087
         0.291,         0.589,         0.087
         0.291,         0.589,         0.087
         0.292,         0.589,         0.087
         0.292,         0.589,         0.086
         0.293,         0.592,         0.085
         0.295,         0.596,         0.085
         0.297,         0.596,         0.085
         0.298,         0.596,         0.084
         0.299,         0.596,         0.084
         0.299,         0.596,         0.084
         0.299,         0.596,         0.083
         0.300,         0.596,         0.082
         0.301,         0.596,         0.082
         0.303,         0.600,         0.082
         0.305,         0.600,         0.081
         0.306,         0.600,         0.080
         0.306,         0.600,         0.080
         0.307,         0.604,         0.080
         0.307,         0.604,         0.079
         0.310,         0.604,         0.079
         0.311,         0.604,         0.078
         0.311,         0.611,         0.078
         0.312,         0.611,         0.078
         0.313,         0.611,         0.078
         0.314,         0.619,         0.078
         0.315,         0.619,         0.077
         0.317,         0.619,         0.076
         0.317,         0.623,         0.076
         0.318,         0.623,         0.075
         0.320,         0.623,         0.075
         0.321,         0.623,         0.075
         0.322,         0.623,         0.075
         0.322,         0.623,         0.074
         0.324,         0.623,         0.073
         0.325,         0.623,         0.073
         0.328,         0.630,         0.073
         0.329,         0.634,         0.073
         0.331,         0.638,         0.072
         0.331,         0.638,         0.071
         0.332,         0.638,         0.071
         0.335,         0.645,         0.071
         0.336,         0.645,         0.070
         0.337,         0.645,         0.070
         0.339,         0.645,         0.069
         0.341,         0.653,         0.069
         0.341,         0.653,         0.069
         0.342,         0.653,         0.069
         0.343,         0.653,         0.068
         0.344,         0.675,         0.068
         0.345,         0.675,         0.068
         0.345,         0.675,         0.066
         0.348,         0.675,         0.066
         0.348,         0.675,         0.066
         0.350,         0.675,         0.066
         0.352,         0.675,         0.065
         0.352,         0.675,         0.065
         0.355,         0.675,         0.065
         0.356,         0.675,         0.064
         0.356,         0.675,         0.064
         0.356,         0.679,         0.063
         0.358,         0.679,         0.063
         0.359,         0.683,         0.063
         0.361,         0.683,         0.062
         0.362,         0.683,         0.062
         0.362,         0.683,         0.062
         0.363,         0.683,         0.062
         0.365,         0.683,         0.061
         0.366,         0.691,         0.061
         0.367,         0.691,         0.060
         0.370,         0.694,         0.060
         0.372,         0.694,         0.060
         0.373,         0.694,         0.060
         0.373,         0.694,         0.060
         0.374,         0.694,         0.060
         0.375,         0.698,         0.058
         0.375,         0.698,         0.058
         0.376,         0.698,         0.058
         0.379,         0.698,         0.058
         0.379,         0.698,         0.058
         0.381,         0.702,         0.057
         0.384,         0.706,         0.056
         0.385,         0.709,         0.056
         0.386,         0.709,         0.055
         0.387,         0.709,         0.055
         0.395,         0.713,         0.054
         0.398,         0.717,         0.054
         0.400,         0.717,         0.053
         0.400,         0.717,         0.053
         0.402,         0.717,         0.053
         0.403,         0.721,         0.053
         0.403,         0.721,         0.053
         0.405,         0.725,         0.052
         0.405,         0.725,         0.051
         0.406,         0.725,         0.051
         0.409,         0.725,         0.051
         0.409,         0.725,         0.051
         0.413,         0.732,         0.050
         0.416,         0.736,         0.050
         0.416,         0.736,         0.050
         0.417,         0.736,         0.049
         0.421,         0.740,         0.049
         0.422,         0.740,         0.049
         0.423,         0.740,         0.049
         0.424,         0.740,         0.047
         0.428,         0.740,         0.047
         0.428,         0.747,         0.046
         0.430,         0.751,         0.046
         0.432,         0.758,         0.046
         0.436,         0.762,         0.046
         0.437,         0.762,         0.045
         0.438,         0.766,         0.044
         0.438,         0.766,         0.044
         0.442,         0.766,         0.044
         0.444,         0.770,         0.044
         0.454,         0.774,         0.043
         0.455,         0.774,         0.043
         0.455,         0.774,         0.043
         0.460,         0.774,         0.042
         0.461,         0.777,         0.042
         0.462,         0.777,         0.042
         0.465,         0.781,         0.041
         0.465,         0.785,         0.041
         0.469,         0.785,         0.041
         0.472,         0.789,         0.041
         0.473,         0.789,         0.040
         0.473,         0.792,         0.040
         0.474,         0.792,         0.039
         0.474,         0.792,         0.039
         0.476,         0.792,         0.039
         0.482,         0.800,         0.038
         0.487,         0.804,         0.038
         0.489,         0.808,         0.038
         0.489,         0.808,         0.038
         0.495,         0.819,         0.038
         0.495,         0.819,         0.037
         0.498,         0.819,         0.036
         0.498,         0.823,         0.036
         0.499,         0.823,         0.036
         0.500,         0.823,         0.035
         0.504,         0.823,         0.035
         0.505,         0.823,         0.035
         0.505,         0.823,         0.035
         0.512,         0.834,         0.035
         0.517,         0.838,         0.035
         0.518,         0.838,         0.034
         0.519,         0.845,         0.034
         0.520,         0.845,         0.033
         0.521,         0.849,         0.033
         0.521,         0.849,         0.033
         0.522,         0.849,         0.033
         0.536,         0.853,         0.033
         0.538,         0.853,         0.032
         0.545,         0.853,         0.031
         0.545,         0.853,         0.031
         0.546,         0.853,         0.031
         0.546,         0.853,         0.031
         0.554,         0.857,         0.031
         0.560,         0.857,         0.030
         0.560,         0.857,         0.029
         0.562,         0.857,         0.029
         0.563,         0.857,         0.029
         0.563,         0.857,         0.029
         0.564,         0.857,         0.029
         0.570,         0.860,         0.028
         0.586,         0.872,         0.027
         0.599,         0.887,         0.027
         0.602,         0.887,         0.027
         0.602,         0.887,         0.027
         0.603,         0.891,         0.027
         0.610,         0.902,         0.025
         0.610,         0.902,         0.025
         0.611,         0.902,         0.025
         0.614,         0.902,         0.024
         0.615,         0.902,         0.024
         0.617,         0.906,         0.024
         0.631,         0.906,         0.023
         0.631,         0.906,         0.023
         0.632,         0.906,         0.022
         0.641,         0.917,         0.022
         0.642,         0.921,         0.022
         0.661,         0.925,         0.022
         0.661,         0.925,         0.021
         0.662,         0.925,         0.021
         0.663,         0.925,         0.020
         0.663,         0.925,         0.020
         0.664,         0.925,         0.019
         0.676,         0.925,         0.019
         0.680,         0.925,         0.019
         0.689,         0.925,         0.019
         0.689,         0.925,         0.018
         0.690,         0.925,         0.018
         0.690,         0.925,         0.017
         0.691,         0.925,         0.017
         0.704,         0.932,         0.016
         0.711,         0.932,         0.016
         0.712,         0.932,         0.016
         0.723,         0.943,         0.015
         0.724,         0.943,         0.015
         0.726,         0.943,         0.014
         0.726,         0.943,         0.013
         0.733,         0.943,         0.013
         0.734,         0.943,         0.012
         0.752,         0.947,         0.012
         0.752,         0.947,         0.011
         0.778,         0.951,         0.011
         0.778,         0.951,         0.010
         0.778,         0.951,         0.010
         0.783,         0.951,         0.009
         0.784,         0.951,         0.008
         0.802,         0.955,         0.008
         0.802,         0.955,         0.007
         0.860,         0.974,         0.005
         1.000,         1.000,         0.000
