false_pos_rate,true_pos_rate,threshold
         0.000,         0.000,         1.239
         0.000,         0.000,         0.239
         0.000,         0.242,         0.233
         0.001,         0.242,         0.186
         0.001,         0.244,         0.184
         0.001,         0.244,         0.181
         0.001,         0.249,         0.164
         0.001,         0.249,         0.160
         0.001,         0.259,         0.142
         0.002,         0.259,         0.135
         0.002,         0.262,         0.133
         0.002,         0.262,         0.127
         0.002,         0.264,         0.126
         0.003,         0.264,         0.124
         0.003,         0.267,         0.124
         0.003,         0.267,         0.124
         0.003,         0.270,         0.123
         0.004,         0.270,         0.119
         0.004,         0.272,         0.118
         0.006,         0.272,         0.111
         0.006,         0.275,         0.110
         0.007,         0.275,         0.105
         0.007,         0.277,         0.105
         0.009,         0.277,         0.091
         0.010,         0.277,         0.090
         0.010,         0.277,         0.087
         0.010,         0.280,         0.087
         0.011,         0.280,         0.086
         0.011,         0.282,         0.085
         0.011,         0.282,         0.085
         0.011,         0.285,         0.085
         0.012,         0.285,         0.082
         0.012,         0.290,         0.079
         0.012,         0.290,         0.078
         0.012,         0.292,         0.077
         0.012,         0.292,         0.077
         0.012,         0.295,         0.077
         0.013,         0.295,         0.077
         0.013,         0.297,         0.077
         0.014,         0.297,         0.072
         0.014,         0.300,         0.071
         0.015,         0.300,         0.069
         0.015,         0.305,         0.068
         0.016,         0.305,         0.068
         0.017,         0.305,         0.067
         0.017,         0.307,         0.067
         0.018,         0.307,         0.065
         0.018,         0.310,         0.065
         0.020,         0.310,         0.063
         0.020,         0.312,         0.063
         0.021,         0.312,         0.061
         0.021,         0.315,         0.061
         0.022,         0.315,         0.059
         0.022,         0.317,         0.059
         0.022,         0.317,         0.059
         0.022,         0.320,         0.058
         0.024,         0.320,         0.053
         0.025,         0.320,         0.052
         0.025,         0.322,         0.052
         0.025,         0.322,         0.052
         0.026,         0.322,         0.051
         0.026,         0.322,         0.051
         0.026,         0.325,         0.051
         0.027,         0.325,         0.051
         0.027,         0.327,         0.051
         0.027,         0.327,         0.051
         0.027,         0.330,         0.050
         0.029,         0.330,         0.047
         0.029,         0.335,         0.046
         0.029,         0.335,         0.046
         0.029,         0.338,         0.046
         0.032,         0.338,         0.043
         0.032,         0.340,         0.043
         0.032,         0.340,         0.042
         0.032,         0.343,         0.042
         0.033,         0.343,         0.041
         0.033,         0.345,         0.041
         0.034,         0.345,         0.041
         0.034,         0.348,         0.041
         0.034,         0.348,         0.040
         0.034,         0.350,         0.040
         0.035,         0.350,         0.039
         0.035,         0.353,         0.039
         0.036,         0.353,         0.038
         0.036,         0.355,         0.038
         0.036,         0.355,         0.037
         0.038,         0.355,         0.037
         0.038,         0.355,         0.037
         0.038,         0.358,         0.037
         0.039,         0.358,         0.036
         0.039,         0.365,         0.035
         0.039,         0.365,         0.034
         0.039,         0.370,         0.034
         0.040,         0.370,         0.033
         0.040,         0.375,         0.033
         0.040,         0.375,         0.033
         0.041,         0.375,         0.033
         0.041,         0.375,         0.033
         0.041,         0.378,         0.032
         0.044,         0.378,         0.028
         0.044,         0.383,         0.027
         0.045,         0.383,         0.027
         0.045,         0.385,         0.027
         0.045,         0.385,         0.027
         0.045,         0.385,         0.027
         0.046,         0.385,         0.027
         0.046,         0.385,         0.026
         0.046,         0.388,         0.026
         0.047,         0.388,         0.026
         0.047,         0.390,         0.026
         0.049,         0.390,         0.024
         0.049,         0.393,         0.024
         0.049,         0.393,         0.022
         0.049,         0.395,         0.022
         0.052,         0.395,         0.020
         0.052,         0.398,         0.020
         0.053,         0.398,         0.019
         0.054,         0.398,         0.018
         0.054,         0.398,         0.018
         0.054,         0.401,         0.018
         0.056,         0.401,         0.016
         0.056,         0.403,         0.016
         0.057,         0.403,         0.015
         0.057,         0.406,         0.015
         0.058,         0.406,         0.014
         0.058,         0.408,         0.013
         0.058,         0.408,         0.013
         0.058,         0.411,         0.013
         0.061,         0.411,         0.010
         0.061,         0.413,         0.010
         0.061,         0.413,         0.009
         0.062,         0.413,         0.009
         0.063,         0.413,         0.009
         0.063,         0.416,         0.009
         0.063,         0.416,         0.009
         0.063,         0.418,         0.008
         0.064,         0.418,         0.008
         0.064,         0.421,         0.008
         0.064,         0.421,         0.008
         0.064,         0.423,         0.007
         0.065,         0.423,         0.007
         0.065,         0.428,         0.007
         0.065,         0.428,         0.006
         0.065,         0.433,         0.005
         0.067,         0.433,         0.003
         0.068,         0.433,         0.002
         0.068,         0.436,         0.002
         0.069,         0.436,         0.002
         0.069,         0.441,         0.002
         0.071,         0.441,         0.000
         0.071,         0.443,        -0.000
         0.073,         0.443,        -0.001
         0.073,         0.443,        -0.001
         0.075,         0.443,        -0.003
         0.075,         0.446,        -0.003
         0.076,         0.446,        -0.004
         0.076,         0.448,        -0.004
         0.077,         0.448,        -0.005
         0.077,         0.451,        -0.005
         0.079,         0.451,        -0.006
         0.079,         0.453,        -0.006
         0.080,         0.453,        -0.006
         0.080,         0.456,        -0.006
         0.080,         0.456,        -0.007
         0.080,         0.458,        -0.007
         0.081,         0.458,        -0.008
         0.081,         0.461,        -0.009
         0.085,         0.461,        -0.011
         0.085,         0.463,        -0.011
         0.086,         0.463,        -0.012
         0.086,         0.466,        -0.012
         0.087,         0.466,        -0.012
         0.087,         0.469,        -0.012
         0.088,         0.469,        -0.013
         0.090,         0.474,        -0.013
         0.091,         0.474,        -0.013
         0.091,         0.476,        -0.013
         0.092,         0.476,        -0.014
         0.092,         0.479,        -0.014
         0.092,         0.479,        -0.015
         0.092,         0.484,        -0.015
         0.094,         0.484,        -0.016
         0.094,         0.489,        -0.017
         0.094,         0.489,        -0.017
         0.094,         0.489,        -0.017
         0.097,         0.489,        -0.018
         0.097,         0.491,        -0.018
         0.098,         0.491,        -0.019
         0.098,         0.494,        -0.019
         0.099,         0.494,        -0.019
         0.099,         0.496,        -0.020
         0.099,         0.496,        -0.020
         0.102,         0.496,        -0.021
         0.102,         0.501,        -0.022
         0.102,         0.501,        -0.023
         0.103,         0.501,        -0.023
         0.103,         0.504,        -0.023
         0.105,         0.504,        -0.024
         0.105,         0.509,        -0.024
         0.105,         0.509,        -0.025
         0.105,         0.511,        -0.025
         0.105,         0.511,        -0.025
         0.105,         0.516,        -0.025
         0.108,         0.516,        -0.027
         0.108,         0.524,        -0.028
         0.109,         0.524,        -0.029
         0.109,         0.526,        -0.029
         0.110,         0.526,        -0.030
         0.110,         0.529,        -0.030
         0.111,         0.529,        -0.030
         0.111,         0.531,        -0.030
         0.112,         0.531,        -0.030
         0.112,         0.534,        -0.030
         0.112,         0.534,        -0.031
         0.112,         0.537,        -0.031
         0.112,         0.537,        -0.031
         0.112,         0.539,        -0.031
         0.113,         0.539,        -0.032
         0.113,         0.542,        -0.032
         0.116,         0.542,        -0.034
         0.116,         0.544,        -0.034
         0.117,         0.544,        -0.035
         0.117,         0.549,        -0.035
         0.119,         0.549,        -0.036
         0.119,         0.552,        -0.036
         0.119,         0.552,        -0.037
         0.119,         0.554,        -0.037
         0.122,         0.554,        -0.037
         0.122,         0.559,        -0.038
         0.124,         0.559,        -0.040
         0.124,         0.562,        -0.040
         0.126,         0.562,        -0.041
         0.126,         0.564,        -0.041
         0.126,         0.564,        -0.041
         0.126,         0.567,        -0.041
         0.127,         0.567,        -0.041
         0.127,         0.567,        -0.041
         0.127,         0.569,        -0.042
         0.130,         0.569,        -0.044
         0.130,         0.572,        -0.044
         0.131,         0.572,        -0.045
         0.131,         0.574,        -0.045
         0.131,         0.574,        -0.045
         0.131,         0.574,        -0.045
         0.132,         0.574,        -0.045
         0.132,         0.579,        -0.046
         0.133,         0.579,        -0.046
         0.133,         0.582,        -0.046
         0.133,         0.582,        -0.046
         0.133,         0.584,        -0.046
         0.135,         0.584,        -0.047
         0.135,         0.587,        -0.047
         0.136,         0.587,        -0.048
         0.136,         0.589,        -0.048
         0.136,         0.589,        -0.048
         0.136,         0.594,        -0.048
         0.140,         0.594,        -0.050
         0.140,         0.597,        -0.050
         0.141,         0.597,        -0.051
         0.141,         0.599,        -0.051
         0.142,         0.599,        -0.051
         0.142,         0.602,        -0.052
         0.143,         0.602,        -0.052
         0.143,         0.605,        -0.052
         0.143,         0.605,        -0.052
         0.143,         0.607,        -0.052
         0.146,         0.607,        -0.054
         0.146,         0.607,        -0.054
         0.148,         0.607,        -0.055
         0.148,         0.610,        -0.055
         0.149,         0.610,        -0.056
         0.149,         0.612,        -0.057
         0.150,         0.612,        -0.057
         0.150,         0.615,        -0.057
         0.152,         0.615,        -0.058
         0.152,         0.617,        -0.058
         0.155,         0.617,        -0.059
         0.155,         0.620,        -0.059
         0.157,         0.620,        -0.060
         0.157,         0.622,        -0.060
         0.157,         0.622,        -0.061
         0.157,         0.625,        -0.061
         0.159,         0.625,        -0.062
         0.159,         0.627,        -0.062
         0.160,         0.627,        -0.062
         0.160,         0.630,        -0.062
         0.161,         0.630,        -0.063
         0.161,         0.632,        -0.063
         0.162,         0.632,        -0.064
         0.162,         0.635,        -0.064
         0.163,         0.635,        -0.064
         0.163,         0.637,        -0.064
         0.164,         0.637,        -0.064
         0.164,         0.640,        -0.064
         0.166,         0.640,        -0.065
         0.166,         0.642,        -0.065
         0.167,         0.642,        -0.065
         0.167,         0.645,        -0.065
         0.167,         0.645,        -0.066
         0.167,         0.647,        -0.066
         0.170,         0.647,        -0.067
         0.170,         0.650,        -0.067
         0.172,         0.650,        -0.068
         0.172,         0.652,        -0.069
         0.177,         0.652,        -0.071
         0.177,         0.655,        -0.072
         0.177,         0.655,        -0.072
         0.177,         0.657,        -0.072
         0.182,         0.657,        -0.074
         0.182,         0.660,        -0.074
         0.184,         0.660,        -0.075
         0.184,         0.662,        -0.075
         0.185,         0.662,        -0.075
         0.185,         0.668,        -0.076
         0.187,         0.668,        -0.077
         0.187,         0.668,        -0.077
         0.187,         0.668,        -0.077
         0.187,         0.670,        -0.077
         0.188,         0.670,        -0.077
         0.188,         0.673,        -0.077
         0.189,         0.673,        -0.077
         0.189,         0.675,        -0.077
         0.190,         0.675,        -0.078
         0.190,         0.678,        -0.078
         0.191,         0.678,        -0.078
         0.191,         0.680,        -0.079
         0.191,         0.680,        -0.079
         0.191,         0.683,        -0.079
         0.193,         0.683,        -0.079
         0.193,         0.685,        -0.079
         0.194,         0.685,        -0.080
         0.194,         0.688,        -0.080
         0.195,         0.688,        -0.080
         0.195,         0.693,        -0.080
         0.196,         0.693,        -0.081
         0.196,         0.695,        -0.081
         0.204,         0.695,        -0.085
         0.204,         0.698,        -0.085
         0.209,         0.698,        -0.087
         0.209,         0.700,        -0.088
         0.210,         0.700,        -0.088
         0.210,         0.703,        -0.088
         0.211,         0.703,        -0.089
         0.211,         0.705,        -0.089
         0.212,         0.705,        -0.089
         0.213,         0.705,        -0.089
         0.213,         0.705,        -0.090
         0.213,         0.708,        -0.090
         0.214,         0.708,        -0.090
         0.214,         0.710,        -0.090
         0.215,         0.710,        -0.091
         0.215,         0.713,        -0.091
         0.217,         0.713,        -0.091
         0.217,         0.715,        -0.091
         0.220,         0.715,        -0.093
         0.220,         0.718,        -0.093
         0.224,         0.718,        -0.094
         0.224,         0.720,        -0.094
         0.224,         0.720,        -0.094
         0.224,         0.723,        -0.094
         0.226,         0.723,        -0.095
         0.226,         0.725,        -0.095
         0.228,         0.725,        -0.096
         0.228,         0.728,        -0.096
         0.233,         0.728,        -0.097
         0.233,         0.730,        -0.097
         0.234,         0.730,        -0.098
         0.234,         0.733,        -0.098
         0.234,         0.733,        -0.098
         0.234,         0.738,        -0.098
         0.235,         0.738,        -0.099
         0.235,         0.741,        -0.099
         0.236,         0.741,        -0.099
         0.236,         0.746,        -0.099
         0.236,         0.746,        -0.099
         0.236,         0.748,        -0.099
         0.239,         0.748,        -0.101
         0.239,         0.751,        -0.101
         0.241,         0.751,        -0.102
         0.241,         0.751,        -0.102
         0.241,         0.751,        -0.102
         0.241,         0.753,        -0.102
         0.249,         0.753,        -0.106
         0.249,         0.756,        -0.106
         0.251,         0.756,        -0.107
         0.251,         0.758,        -0.107
         0.253,         0.758,        -0.108
         0.253,         0.758,        -0.108
         0.254,         0.758,        -0.108
         0.254,         0.761,        -0.108
         0.254,         0.761,        -0.109
         0.254,         0.763,        -0.109
         0.255,         0.763,        -0.109
         0.255,         0.766,        -0.109
         0.258,         0.766,        -0.110
         0.258,         0.768,        -0.110
         0.260,         0.768,        -0.110
         0.260,         0.771,        -0.111
         0.263,         0.771,        -0.112
         0.263,         0.776,        -0.112
         0.266,         0.776,        -0.113
         0.266,         0.778,        -0.113
         0.267,         0.778,        -0.114
         0.267,         0.781,        -0.114
         0.270,         0.781,        -0.115
         0.270,         0.786,        -0.115
         0.271,         0.786,        -0.116
         0.271,         0.788,        -0.116
         0.276,         0.788,        -0.117
         0.276,         0.791,        -0.117
         0.277,         0.791,        -0.117
         0.277,         0.793,        -0.118
         0.277,         0.793,        -0.118
         0.277,         0.798,        -0.118
         0.278,         0.798,        -0.118
         0.278,         0.801,        -0.118
         0.280,         0.801,        -0.119
         0.280,         0.809,        -0.119
         0.284,         0.809,        -0.121
         0.285,         0.809,        -0.121
         0.286,         0.809,        -0.122
         0.286,         0.811,        -0.122
         0.290,         0.811,        -0.124
         0.290,         0.814,        -0.124
         0.297,         0.814,        -0.127
         0.297,         0.816,        -0.127
         0.298,         0.816,        -0.127
         0.298,         0.819,        -0.127
         0.299,         0.819,        -0.128
         0.299,         0.821,        -0.128
         0.300,         0.821,        -0.129
         0.300,         0.824,        -0.129
         0.302,         0.824,        -0.129
         0.302,         0.829,        -0.129
         0.303,         0.829,        -0.130
         0.303,         0.831,        -0.130
         0.304,         0.831,        -0.130
         0.304,         0.834,        -0.130
         0.304,         0.834,        -0.130
         0.304,         0.839,        -0.130
         0.305,         0.839,        -0.131
         0.305,         0.841,        -0.131
         0.310,         0.841,        -0.134
         0.310,         0.841,        -0.134
         0.312,         0.841,        -0.134
         0.312,         0.844,        -0.134
         0.313,         0.844,        -0.135
         0.313,         0.846,        -0.135
         0.318,         0.846,        -0.137
         0.318,         0.849,        -0.137
         0.324,         0.849,        -0.140
         0.325,         0.849,        -0.140
         0.326,         0.849,        -0.140
         0.326,         0.851,        -0.140
         0.333,         0.851,        -0.142
         0.333,         0.851,        -0.142
         0.339,         0.851,        -0.144
         0.340,         0.851,        -0.144
         0.342,         0.851,        -0.145
         0.342,         0.851,        -0.145
         0.344,         0.851,        -0.146
         0.344,         0.854,        -0.146
         0.346,         0.854,        -0.146
         0.346,         0.856,        -0.146
         0.348,         0.856,        -0.147
         0.348,         0.859,        -0.147
         0.349,         0.859,        -0.147
         0.349,         0.861,        -0.147
         0.351,         0.861,        -0.148
         0.351,         0.866,        -0.148
         0.362,         0.866,        -0.154
         0.362,         0.869,        -0.154
         0.362,         0.869,        -0.154
         0.362,         0.872,        -0.154
         0.365,         0.872,        -0.154
         0.366,         0.872,        -0.154
         0.366,         0.874,        -0.154
         0.366,         0.874,        -0.154
         0.366,         0.877,        -0.154
         0.371,         0.877,        -0.156
         0.371,         0.879,        -0.156
         0.373,         0.879,        -0.156
         0.373,         0.882,        -0.156
         0.373,         0.882,        -0.156
         0.373,         0.884,        -0.156
         0.376,         0.884,        -0.157
         0.376,         0.887,        -0.157
         0.395,         0.887,        -0.164
         0.395,         0.889,        -0.164
         0.399,         0.889,        -0.166
         0.399,         0.892,        -0.166
         0.405,         0.892,        -0.168
         0.405,         0.894,        -0.168
         0.424,         0.894,        -0.173
         0.424,         0.897,        -0.174
         0.424,         0.897,        -0.174
         0.424,         0.899,        -0.174
         0.435,         0.899,        -0.178
         0.435,         0.899,        -0.178
         0.436,         0.899,        -0.178
         0.436,         0.902,        -0.178
         0.441,         0.902,        -0.179
         0.441,         0.904,        -0.179
         0.441,         0.904,        -0.179
         0.441,         0.907,        -0.179
         0.446,         0.907,        -0.181
         0.446,         0.909,        -0.181
         0.451,         0.909,        -0.183
         0.452,         0.909,        -0.183
         0.454,         0.909,        -0.183
         0.454,         0.912,        -0.183
         0.459,         0.912,        -0.185
         0.459,         0.912,        -0.185
         0.459,         0.912,        -0.185
         0.459,         0.914,        -0.185
         0.460,         0.914,        -0.185
         0.460,         0.917,        -0.185
         0.460,         0.917,        -0.185
         0.460,         0.917,        -0.186
         0.464,         0.917,        -0.187
         0.464,         0.919,        -0.187
         0.471,         0.919,        -0.189
         0.471,         0.922,        -0.189
         0.478,         0.922,        -0.192
         0.478,         0.924,        -0.192
         0.482,         0.924,        -0.193
         0.482,         0.927,        -0.194
         0.482,         0.927,        -0.194
         0.483,         0.927,        -0.194
         0.486,         0.927,        -0.195
         0.486,         0.929,        -0.195
         0.491,         0.929,        -0.196
         0.491,         0.932,        -0.196
         0.492,         0.932,        -0.196
         0.492,         0.932,        -0.196
         0.501,         0.932,        -0.201
         0.501,         0.935,        -0.201
         0.502,         0.935,        -0.201
         0.502,         0.935,        -0.201
         0.514,         0.935,        -0.205
         0.514,         0.937,        -0.205
         0.524,         0.937,        -0.209
         0.524,         0.940,        -0.210
         0.526,         0.940,        -0.210
         0.526,         0.940,        -0.210
         0.533,         0.940,        -0.213
         0.533,         0.942,        -0.213
         0.561,         0.942,        -0.223
         0.561,         0.945,        -0.223
         0.563,         0.945,        -0.223
         0.563,         0.947,        -0.223
         0.565,         0.947,        -0.224
         0.565,         0.947,        -0.224
         0.570,         0.947,        -0.226
         0.570,         0.950,        -0.227
         0.571,         0.950,        -0.227
         0.571,         0.952,        -0.227
         0.578,         0.952,        -0.229
         0.578,         0.955,        -0.229
         0.579,         0.955,        -0.230
         0.579,         0.957,        -0.230
         0.583,         0.957,        -0.231
         0.584,         0.957,        -0.231
         0.589,         0.957,        -0.233
         0.589,         0.960,        -0.233
         0.605,         0.960,        -0.238
         0.605,         0.962,        -0.238
         0.608,         0.962,        -0.239
         0.608,         0.965,        -0.239
         0.617,         0.965,        -0.243
         0.617,         0.967,        -0.243
         0.645,         0.967,        -0.253
         0.645,         0.970,        -0.253
         0.653,         0.970,        -0.256
         0.653,         0.972,        -0.256
         0.665,         0.972,        -0.259
         0.665,         0.972,        -0.259
         0.669,         0.972,        -0.260
         0.669,         0.972,        -0.260
         0.680,         0.972,        -0.264
         0.680,         0.975,        -0.264
         0.684,         0.975,        -0.265
         0.684,         0.977,        -0.266
         0.689,         0.977,        -0.267
         0.689,         0.980,        -0.268
         0.734,         0.980,        -0.279
         0.734,         0.982,        -0.279
         0.754,         0.982,        -0.287
         0.754,         0.985,        -0.287
         0.773,         0.985,        -0.293
         0.773,         0.987,        -0.293
         0.783,         0.987,        -0.297
         0.783,         0.987,        -0.297
         0.794,         0.987,        -0.300
         0.794,         0.990,        -0.300
         0.836,         0.990,        -0.314
         0.836,         0.992,        -0.314
         0.836,         0.992,        -0.314
         0.836,         0.995,        -0.314
         0.838,         0.995,        -0.314
         0.838,         0.995,        -0.314
         0.840,         0.995,        -0.315
         0.840,         0.995,        -0.315
         0.846,         0.995,        -0.317
         0.846,         0.997,        -0.317
         0.858,         0.997,        -0.322
         0.858,         1.000,        -0.322
         0.873,         1.000,        -0.328
         0.873,         1.000,        -0.328
         0.959,         1.000,        -0.377
         0.959,         1.000,        -0.378
         1.000,         1.000,        -0.501
