false_pos_rate,true_pos_rate,threshold
         0.000,         0.000,         1.645
         0.013,         0.005,         0.645
         0.014,         0.005,         0.552
         0.014,         0.005,         0.545
         0.014,         0.005,         0.522
         0.015,         0.005,         0.521
         0.015,         0.008,         0.514
         0.015,         0.008,         0.509
         0.015,         0.008,         0.502
         0.016,         0.008,         0.497
         0.016,         0.008,         0.492
         0.017,         0.008,         0.490
         0.017,         0.008,         0.488
         0.018,         0.008,         0.485
         0.019,         0.008,         0.480
         0.019,         0.010,         0.479
         0.019,         0.010,         0.478
         0.020,         0.010,         0.476
         0.021,         0.010,         0.471
         0.023,         0.010,         0.468
         0.023,         0.010,         0.466
         0.024,         0.010,         0.465
         0.025,         0.010,         0.464
         0.025,         0.010,         0.463
         0.027,         0.013,         0.461
         0.027,         0.013,         0.459
         0.031,         0.013,         0.459
         0.031,         0.015,         0.459
         0.032,         0.015,         0.455
         0.032,         0.015,         0.453
         0.034,         0.015,         0.435
         0.034,         0.015,         0.431
         0.035,         0.015,         0.428
         0.035,         0.015,         0.426
         0.036,         0.015,         0.424
         0.036,         0.018,         0.423
         0.036,         0.018,         0.422
         0.037,         0.018,         0.422
         0.037,         0.018,         0.421
         0.038,         0.018,         0.418
         0.038,         0.018,         0.416
         0.039,         0.018,         0.416
         0.039,         0.018,         0.414
         0.039,         0.018,         0.414
         0.040,         0.018,         0.413
         0.041,         0.018,         0.412
         0.041,         0.018,         0.411
         0.041,         0.020,         0.410
         0.042,         0.020,         0.406
         0.043,         0.020,         0.404
         0.044,         0.020,         0.402
         0.045,         0.020,         0.402
         0.046,         0.020,         0.401
         0.047,         0.020,         0.400
         0.047,         0.020,         0.398
         0.048,         0.020,         0.396
         0.048,         0.020,         0.396
         0.048,         0.020,         0.395
         0.049,         0.023,         0.394
         0.049,         0.023,         0.394
         0.050,         0.023,         0.392
         0.051,         0.023,         0.392
         0.051,         0.023,         0.391
         0.052,         0.023,         0.390
         0.052,         0.023,         0.389
         0.053,         0.023,         0.389
         0.054,         0.023,         0.388
         0.054,         0.023,         0.388
         0.055,         0.023,         0.387
         0.055,         0.023,         0.387
         0.056,         0.028,         0.386
         0.058,         0.028,         0.384
         0.058,         0.028,         0.384
         0.058,         0.030,         0.383
         0.061,         0.030,         0.382
         0.061,         0.030,         0.382
         0.061,         0.033,         0.382
         0.064,         0.033,         0.380
         0.064,         0.033,         0.380
         0.064,         0.033,         0.379
         0.066,         0.033,         0.378
         0.067,         0.033,         0.378
         0.067,         0.035,         0.377
         0.067,         0.035,         0.377
         0.068,         0.035,         0.377
         0.069,         0.035,         0.375
         0.069,         0.035,         0.375
         0.070,         0.035,         0.374
         0.070,         0.038,         0.373
         0.070,         0.038,         0.372
         0.070,         0.038,         0.372
         0.071,         0.038,         0.371
         0.071,         0.038,         0.369
         0.071,         0.040,         0.368
         0.071,         0.040,         0.367
         0.071,         0.043,         0.367
         0.072,         0.043,         0.365
         0.072,         0.043,         0.365
         0.072,         0.045,         0.362
         0.073,         0.045,         0.362
         0.074,         0.045,         0.360
         0.074,         0.048,         0.360
         0.075,         0.048,         0.357
         0.075,         0.048,         0.357
         0.075,         0.048,         0.357
         0.075,         0.051,         0.355
         0.076,         0.051,         0.355
         0.076,         0.051,         0.355
         0.077,         0.051,         0.353
         0.078,         0.051,         0.353
         0.078,         0.051,         0.352
         0.078,         0.056,         0.352
         0.078,         0.058,         0.351
         0.080,         0.058,         0.349
         0.080,         0.061,         0.349
         0.081,         0.063,         0.348
         0.081,         0.066,         0.348
         0.081,         0.066,         0.347
         0.082,         0.066,         0.346
         0.082,         0.066,         0.346
         0.083,         0.068,         0.345
         0.083,         0.068,         0.345
         0.084,         0.068,         0.345
         0.084,         0.068,         0.344
         0.084,         0.071,         0.344
         0.085,         0.071,         0.343
         0.085,         0.073,         0.343
         0.085,         0.073,         0.343
         0.085,         0.076,         0.343
         0.086,         0.076,         0.343
         0.086,         0.078,         0.342
         0.087,         0.078,         0.341
         0.087,         0.081,         0.341
         0.087,         0.081,         0.341
         0.088,         0.081,         0.340
         0.089,         0.081,         0.340
         0.089,         0.083,         0.339
         0.090,         0.083,         0.339
         0.090,         0.083,         0.338
         0.091,         0.086,         0.338
         0.092,         0.086,         0.337
         0.092,         0.086,         0.336
         0.092,         0.088,         0.336
         0.093,         0.088,         0.336
         0.093,         0.088,         0.336
         0.093,         0.088,         0.336
         0.093,         0.091,         0.335
         0.094,         0.091,         0.335
         0.094,         0.093,         0.334
         0.095,         0.093,         0.334
         0.095,         0.093,         0.334
         0.096,         0.093,         0.333
         0.096,         0.093,         0.333
         0.097,         0.096,         0.333
         0.098,         0.096,         0.331
         0.100,         0.101,         0.330
         0.100,         0.101,         0.330
         0.100,         0.101,         0.330
         0.101,         0.101,         0.330
         0.102,         0.101,         0.329
         0.102,         0.104,         0.329
         0.102,         0.104,         0.328
         0.102,         0.106,         0.328
         0.104,         0.106,         0.327
         0.104,         0.109,         0.326
         0.104,         0.111,         0.326
         0.104,         0.111,         0.325
         0.104,         0.116,         0.324
         0.105,         0.116,         0.324
         0.105,         0.119,         0.324
         0.106,         0.119,         0.323
         0.106,         0.119,         0.323
         0.106,         0.121,         0.322
         0.106,         0.121,         0.322
         0.106,         0.124,         0.321
         0.107,         0.124,         0.321
         0.107,         0.126,         0.320
         0.108,         0.126,         0.320
         0.108,         0.129,         0.319
         0.108,         0.129,         0.318
         0.109,         0.129,         0.317
         0.109,         0.129,         0.317
         0.110,         0.129,         0.316
         0.110,         0.129,         0.316
         0.110,         0.131,         0.315
         0.110,         0.131,         0.315
         0.111,         0.131,         0.314
         0.112,         0.134,         0.313
         0.112,         0.134,         0.313
         0.112,         0.134,         0.313
         0.112,         0.136,         0.312
         0.112,         0.139,         0.312
         0.113,         0.139,         0.311
         0.113,         0.141,         0.311
         0.113,         0.141,         0.311
         0.113,         0.144,         0.310
         0.114,         0.144,         0.309
         0.115,         0.144,         0.309
         0.116,         0.146,         0.308
         0.116,         0.146,         0.308
         0.116,         0.152,         0.307
         0.117,         0.152,         0.307
         0.117,         0.152,         0.307
         0.117,         0.152,         0.307
         0.117,         0.157,         0.307
         0.118,         0.157,         0.306
         0.118,         0.159,         0.306
         0.118,         0.159,         0.306
         0.118,         0.159,         0.305
         0.119,         0.159,         0.305
         0.119,         0.162,         0.305
         0.119,         0.162,         0.305
         0.120,         0.162,         0.304
         0.120,         0.162,         0.303
         0.120,         0.164,         0.302
         0.121,         0.164,         0.302
         0.122,         0.167,         0.302
         0.122,         0.167,         0.301
         0.122,         0.167,         0.301
         0.123,         0.167,         0.301
         0.123,         0.169,         0.301
         0.124,         0.169,         0.300
         0.124,         0.169,         0.300
         0.125,         0.169,         0.300
         0.125,         0.169,         0.299
         0.125,         0.169,         0.299
         0.126,         0.172,         0.298
         0.126,         0.172,         0.298
         0.126,         0.174,         0.298
         0.127,         0.174,         0.298
         0.127,         0.177,         0.297
         0.127,         0.177,         0.297
         0.127,         0.179,         0.297
         0.128,         0.179,         0.297
         0.128,         0.184,         0.296
         0.128,         0.184,         0.295
         0.129,         0.184,         0.295
         0.129,         0.184,         0.295
         0.129,         0.187,         0.294
         0.129,         0.187,         0.294
         0.130,         0.187,         0.294
         0.130,         0.189,         0.293
         0.131,         0.189,         0.293
         0.131,         0.189,         0.291
         0.131,         0.192,         0.291
         0.132,         0.192,         0.291
         0.132,         0.202,         0.289
         0.132,         0.202,         0.289
         0.133,         0.205,         0.288
         0.133,         0.205,         0.288
         0.133,         0.207,         0.288
         0.134,         0.207,         0.287
         0.134,         0.207,         0.286
         0.134,         0.212,         0.286
         0.134,         0.212,         0.286
         0.135,         0.212,         0.285
         0.136,         0.212,         0.284
         0.136,         0.217,         0.284
         0.136,         0.217,         0.284
         0.136,         0.217,         0.283
         0.137,         0.217,         0.283
         0.137,         0.217,         0.282
         0.137,         0.220,         0.282
         0.137,         0.220,         0.281
         0.138,         0.220,         0.281
         0.138,         0.222,         0.281
         0.138,         0.222,         0.280
         0.139,         0.222,         0.280
         0.139,         0.230,         0.280
         0.139,         0.230,         0.279
         0.140,         0.230,         0.279
         0.140,         0.232,         0.278
         0.140,         0.232,         0.277
         0.140,         0.232,         0.277
         0.141,         0.232,         0.277
         0.141,         0.235,         0.276
         0.141,         0.235,         0.276
         0.141,         0.235,         0.276
         0.141,         0.237,         0.275
         0.142,         0.237,         0.275
         0.142,         0.240,         0.275
         0.143,         0.240,         0.274
         0.143,         0.242,         0.273
         0.143,         0.245,         0.273
         0.143,         0.245,         0.273
         0.144,         0.245,         0.273
         0.144,         0.250,         0.273
         0.145,         0.250,         0.271
         0.145,         0.253,         0.270
         0.146,         0.253,         0.269
         0.146,         0.255,         0.269
         0.146,         0.255,         0.268
         0.146,         0.258,         0.267
         0.146,         0.258,         0.267
         0.147,         0.258,         0.265
         0.147,         0.260,         0.265
         0.148,         0.260,         0.264
         0.148,         0.263,         0.264
         0.148,         0.263,         0.262
         0.149,         0.263,         0.262
         0.150,         0.263,         0.259
         0.150,         0.268,         0.259
         0.150,         0.268,         0.258
         0.150,         0.268,         0.258
         0.150,         0.270,         0.257
         0.151,         0.270,         0.252
         0.151,         0.273,         0.252
         0.152,         0.273,         0.252
         0.152,         0.273,         0.251
         0.152,         0.273,         0.250
         0.153,         0.273,         0.249
         0.153,         0.273,         0.248
         0.153,         0.275,         0.248
         0.154,         0.275,         0.245
         0.154,         0.275,         0.241
         0.155,         0.278,         0.240
         0.155,         0.278,         0.240
         0.155,         0.285,         0.239
         0.155,         0.285,         0.239
         0.156,         0.285,         0.235
         0.156,         0.285,         0.234
         0.157,         0.285,         0.233
         0.157,         0.285,         0.231
         0.157,         0.285,         0.231
         0.157,         0.285,         0.230
         0.157,         0.290,         0.230
         0.158,         0.290,         0.228
         0.158,         0.295,         0.226
         0.158,         0.295,         0.225
         0.159,         0.295,         0.223
         0.159,         0.295,         0.221
         0.159,         0.298,         0.220
         0.160,         0.298,         0.218
         0.160,         0.301,         0.217
         0.161,         0.301,         0.207
         0.161,         0.306,         0.204
         0.161,         0.306,         0.204
         0.161,         0.308,         0.202
         0.161,         0.308,         0.197
         0.161,         0.311,         0.197
         0.162,         0.311,         0.197
         0.162,         0.313,         0.196
         0.162,         0.313,         0.194
         0.162,         0.321,         0.186
         0.163,         0.321,         0.181
         0.163,         0.323,         0.181
         0.163,         0.323,         0.180
         0.164,         0.326,         0.178
         0.164,         0.326,         0.175
         0.164,         0.328,         0.173
         0.164,         0.328,         0.173
         0.165,         0.328,         0.172
         0.165,         0.328,         0.171
         0.166,         0.328,         0.170
         0.166,         0.331,         0.169
         0.166,         0.331,         0.169
         0.166,         0.333,         0.169
         0.166,         0.336,         0.169
         0.166,         0.336,         0.168
         0.166,         0.338,         0.168
         0.166,         0.341,         0.166
         0.166,         0.343,         0.166
         0.167,         0.343,         0.165
         0.167,         0.346,         0.164
         0.167,         0.346,         0.164
         0.167,         0.348,         0.164
         0.167,         0.348,         0.163
         0.168,         0.348,         0.163
         0.168,         0.354,         0.161
         0.168,         0.359,         0.160
         0.169,         0.359,         0.158
         0.169,         0.361,         0.158
         0.169,         0.361,         0.157
         0.169,         0.364,         0.157
         0.170,         0.364,         0.157
         0.170,         0.364,         0.155
         0.171,         0.364,         0.154
         0.171,         0.364,         0.153
         0.171,         0.364,         0.153
         0.172,         0.369,         0.151
         0.172,         0.371,         0.151
         0.172,         0.374,         0.150
         0.172,         0.374,         0.150
         0.172,         0.376,         0.150
         0.172,         0.379,         0.150
         0.173,         0.379,         0.149
         0.173,         0.381,         0.148
         0.174,         0.381,         0.148
         0.174,         0.381,         0.147
         0.175,         0.381,         0.146
         0.175,         0.384,         0.145
         0.175,         0.384,         0.145
         0.175,         0.386,         0.145
         0.175,         0.391,         0.145
         0.176,         0.391,         0.144
         0.176,         0.391,         0.143
         0.176,         0.394,         0.143
         0.176,         0.396,         0.143
         0.177,         0.396,         0.143
         0.177,         0.396,         0.142
         0.178,         0.396,         0.141
         0.178,         0.402,         0.141
         0.178,         0.409,         0.140
         0.178,         0.409,         0.139
         0.178,         0.412,         0.139
         0.179,         0.412,         0.137
         0.181,         0.412,         0.136
         0.181,         0.414,         0.136
         0.181,         0.414,         0.135
         0.182,         0.414,         0.135
         0.182,         0.414,         0.134
         0.182,         0.417,         0.134
         0.183,         0.417,         0.134
         0.183,         0.417,         0.133
         0.183,         0.419,         0.133
         0.184,         0.419,         0.133
         0.184,         0.419,         0.132
         0.184,         0.422,         0.132
         0.185,         0.422,         0.132
         0.185,         0.422,         0.131
         0.186,         0.422,         0.131
         0.186,         0.422,         0.131
         0.186,         0.422,         0.131
         0.186,         0.422,         0.130
         0.187,         0.424,         0.130
         0.187,         0.429,         0.129
         0.187,         0.429,         0.129
         0.187,         0.432,         0.129
         0.187,         0.434,         0.128
         0.188,         0.434,         0.128
         0.188,         0.434,         0.128
         0.188,         0.437,         0.128
         0.188,         0.437,         0.128
         0.189,         0.437,         0.127
         0.190,         0.437,         0.127
         0.190,         0.439,         0.127
         0.190,         0.442,         0.127
         0.190,         0.442,         0.126
         0.191,         0.442,         0.126
         0.192,         0.447,         0.126
         0.193,         0.447,         0.125
         0.193,         0.449,         0.125
         0.193,         0.449,         0.125
         0.193,         0.452,         0.125
         0.193,         0.452,         0.124
         0.194,         0.452,         0.124
         0.194,         0.452,         0.123
         0.195,         0.452,         0.123
         0.195,         0.455,         0.123
         0.195,         0.460,         0.122
         0.195,         0.460,         0.122
         0.196,         0.460,         0.122
         0.196,         0.460,         0.122
         0.196,         0.462,         0.121
         0.196,         0.462,         0.121
         0.196,         0.462,         0.120
         0.197,         0.465,         0.120
         0.197,         0.465,         0.120
         0.197,         0.467,         0.119
         0.198,         0.470,         0.119
         0.198,         0.470,         0.119
         0.199,         0.472,         0.118
         0.199,         0.472,         0.118
         0.199,         0.477,         0.118
         0.200,         0.477,         0.118
         0.200,         0.477,         0.118
         0.200,         0.480,         0.117
         0.201,         0.485,         0.117
         0.201,         0.487,         0.116
         0.201,         0.487,         0.116
         0.201,         0.490,         0.116
         0.202,         0.490,         0.115
         0.202,         0.490,         0.115
         0.202,         0.490,         0.115
         0.203,         0.490,         0.114
         0.203,         0.490,         0.114
         0.204,         0.490,         0.114
         0.204,         0.490,         0.114
         0.204,         0.492,         0.114
         0.205,         0.492,         0.114
         0.205,         0.492,         0.113
         0.206,         0.495,         0.112
         0.206,         0.495,         0.112
         0.207,         0.495,         0.112
         0.208,         0.495,         0.112
         0.208,         0.497,         0.112
         0.208,         0.500,         0.111
         0.208,         0.500,         0.111
         0.208,         0.505,         0.110
         0.209,         0.505,         0.110
         0.209,         0.508,         0.110
         0.209,         0.508,         0.110
         0.210,         0.510,         0.109
         0.210,         0.513,         0.109
         0.210,         0.518,         0.109
         0.210,         0.518,         0.109
         0.210,         0.520,         0.108
         0.210,         0.528,         0.107
         0.211,         0.528,         0.107
         0.211,         0.528,         0.107
         0.211,         0.533,         0.106
         0.212,         0.535,         0.106
         0.212,         0.535,         0.106
         0.212,         0.538,         0.106
         0.212,         0.538,         0.105
         0.213,         0.538,         0.105
         0.213,         0.538,         0.105
         0.213,         0.538,         0.105
         0.214,         0.538,         0.105
         0.214,         0.538,         0.104
         0.215,         0.540,         0.104
         0.215,         0.540,         0.104
         0.215,         0.545,         0.104
         0.216,         0.545,         0.103
         0.216,         0.551,         0.103
         0.216,         0.551,         0.103
         0.216,         0.553,         0.103
         0.216,         0.553,         0.103
         0.217,         0.553,         0.103
         0.217,         0.556,         0.102
         0.217,         0.556,         0.102
         0.219,         0.556,         0.101
         0.219,         0.556,         0.101
         0.219,         0.556,         0.101
         0.219,         0.558,         0.101
         0.220,         0.558,         0.101
         0.222,         0.558,         0.100
         0.222,         0.558,         0.100
         0.223,         0.558,         0.100
         0.223,         0.561,         0.099
         0.223,         0.561,         0.099
         0.223,         0.561,         0.099
         0.224,         0.561,         0.099
         0.225,         0.561,         0.099
         0.226,         0.561,         0.098
         0.226,         0.563,         0.098
         0.227,         0.563,         0.098
         0.227,         0.566,         0.098
         0.227,         0.566,         0.097
         0.228,         0.566,         0.097
         0.229,         0.566,         0.097
         0.229,         0.566,         0.096
         0.230,         0.571,         0.096
         0.230,         0.571,         0.096
         0.231,         0.576,         0.095
         0.231,         0.578,         0.095
         0.232,         0.578,         0.095
         0.232,         0.581,         0.095
         0.233,         0.583,         0.094
         0.234,         0.583,         0.094
         0.234,         0.583,         0.094
         0.234,         0.583,         0.094
         0.235,         0.583,         0.094
         0.235,         0.583,         0.094
         0.235,         0.583,         0.093
         0.236,         0.583,         0.093
         0.237,         0.586,         0.093
         0.237,         0.586,         0.092
         0.238,         0.588,         0.092
         0.238,         0.591,         0.092
         0.238,         0.591,         0.092
         0.242,         0.598,         0.092
         0.243,         0.598,         0.092
         0.243,         0.598,         0.091
         0.244,         0.598,         0.091
         0.244,         0.601,         0.091
         0.244,         0.606,         0.091
         0.244,         0.606,         0.090
         0.245,         0.606,         0.090
         0.245,         0.606,         0.090
         0.246,         0.606,         0.090
         0.246,         0.609,         0.090
         0.247,         0.609,         0.089
         0.247,         0.611,         0.089
         0.248,         0.611,         0.089
         0.248,         0.611,         0.089
         0.250,         0.611,         0.088
         0.250,         0.611,         0.088
         0.251,         0.611,         0.088
         0.251,         0.614,         0.088
         0.251,         0.616,         0.088
         0.252,         0.619,         0.087
         0.253,         0.619,         0.087
         0.254,         0.619,         0.087
         0.254,         0.621,         0.086
         0.255,         0.621,         0.086
         0.255,         0.624,         0.086
         0.255,         0.629,         0.086
         0.255,         0.631,         0.086
         0.256,         0.636,         0.085
         0.257,         0.636,         0.085
         0.257,         0.636,         0.085
         0.257,         0.639,         0.085
         0.257,         0.639,         0.085
         0.258,         0.639,         0.084
         0.258,         0.639,         0.084
         0.258,         0.644,         0.084
         0.259,         0.644,         0.084
         0.259,         0.649,         0.084
         0.259,         0.649,         0.083
         0.260,         0.649,         0.083
         0.261,         0.649,         0.083
         0.261,         0.649,         0.083
         0.261,         0.652,         0.083
         0.261,         0.652,         0.083
         0.261,         0.654,         0.082
         0.262,         0.654,         0.082
         0.262,         0.657,         0.082
         0.264,         0.657,         0.082
         0.264,         0.659,         0.082
         0.264,         0.659,         0.082
         0.265,         0.662,         0.082
         0.265,         0.667,         0.082
         0.265,         0.667,         0.081
         0.266,         0.667,         0.081
         0.266,         0.667,         0.081
         0.266,         0.669,         0.081
         0.267,         0.669,         0.081
         0.268,         0.672,         0.080
         0.269,         0.674,         0.080
         0.270,         0.674,         0.080
         0.270,         0.677,         0.080
         0.272,         0.677,         0.080
         0.272,         0.679,         0.080
         0.272,         0.682,         0.080
         0.272,         0.682,         0.079
         0.274,         0.682,         0.079
         0.274,         0.682,         0.079
         0.275,         0.682,         0.079
         0.275,         0.682,         0.078
         0.276,         0.684,         0.078
         0.277,         0.684,         0.078
         0.277,         0.692,         0.078
         0.278,         0.692,         0.078
         0.279,         0.694,         0.077
         0.279,         0.697,         0.077
         0.279,         0.697,         0.077
         0.279,         0.699,         0.077
         0.281,         0.699,         0.077
         0.281,         0.699,         0.077
         0.282,         0.699,         0.076
         0.284,         0.699,         0.076
         0.284,         0.702,         0.076
         0.285,         0.702,         0.076
         0.285,         0.707,         0.076
         0.287,         0.707,         0.076
         0.287,         0.707,         0.076
         0.287,         0.707,         0.076
         0.288,         0.712,         0.076
         0.288,         0.712,         0.076
         0.288,         0.712,         0.075
         0.289,         0.712,         0.075
         0.290,         0.717,         0.075
         0.291,         0.717,         0.075
         0.292,         0.717,         0.074
         0.292,         0.720,         0.074
         0.293,         0.722,         0.074
         0.293,         0.722,         0.074
         0.293,         0.725,         0.074
         0.294,         0.725,         0.073
         0.294,         0.727,         0.073
         0.295,         0.730,         0.073
         0.296,         0.732,         0.073
         0.296,         0.732,         0.073
         0.298,         0.732,         0.073
         0.299,         0.732,         0.073
         0.299,         0.732,         0.073
         0.300,         0.732,         0.073
         0.300,         0.732,         0.072
         0.301,         0.735,         0.072
         0.301,         0.735,         0.072
         0.301,         0.737,         0.072
         0.302,         0.740,         0.071
         0.304,         0.740,         0.071
         0.304,         0.740,         0.071
         0.305,         0.745,         0.071
         0.306,         0.747,         0.071
         0.307,         0.747,         0.070
         0.310,         0.750,         0.070
         0.311,         0.750,         0.070
         0.312,         0.750,         0.070
         0.313,         0.750,         0.069
         0.314,         0.750,         0.069
         0.314,         0.750,         0.069
         0.316,         0.750,         0.069
         0.316,         0.750,         0.068
         0.318,         0.750,         0.068
         0.318,         0.750,         0.068
         0.319,         0.750,         0.068
         0.321,         0.755,         0.068
         0.324,         0.755,         0.067
         0.324,         0.755,         0.067
         0.325,         0.755,         0.067
         0.326,         0.755,         0.067
         0.326,         0.760,         0.067
         0.326,         0.760,         0.067
         0.327,         0.765,         0.067
         0.329,         0.765,         0.066
         0.329,         0.765,         0.066
         0.330,         0.768,         0.066
         0.330,         0.768,         0.065
         0.331,         0.773,         0.065
         0.332,         0.775,         0.065
         0.334,         0.778,         0.065
         0.336,         0.783,         0.065
         0.339,         0.785,         0.065
         0.339,         0.785,         0.064
         0.339,         0.785,         0.064
         0.340,         0.785,         0.064
         0.340,         0.785,         0.063
         0.341,         0.785,         0.063
         0.344,         0.785,         0.063
         0.345,         0.788,         0.062
         0.346,         0.790,         0.062
         0.347,         0.790,         0.062
         0.347,         0.790,         0.062
         0.347,         0.790,         0.062
         0.348,         0.790,         0.062
         0.348,         0.790,         0.061
         0.349,         0.790,         0.061
         0.351,         0.795,         0.061
         0.352,         0.795,         0.061
         0.352,         0.795,         0.061
         0.355,         0.795,         0.061
         0.356,         0.795,         0.061
         0.356,         0.798,         0.060
         0.358,         0.798,         0.060
         0.358,         0.801,         0.060
         0.359,         0.801,         0.060
         0.360,         0.801,         0.060
         0.360,         0.803,         0.060
         0.363,         0.803,         0.059
         0.363,         0.806,         0.059
         0.364,         0.806,         0.059
         0.364,         0.806,         0.059
         0.365,         0.808,         0.059
         0.365,         0.811,         0.059
         0.366,         0.811,         0.059
         0.367,         0.811,         0.059
         0.367,         0.813,         0.058
         0.369,         0.813,         0.058
         0.370,         0.813,         0.058
         0.376,         0.813,         0.058
         0.377,         0.813,         0.058
         0.378,         0.813,         0.058
         0.378,         0.813,         0.057
         0.378,         0.816,         0.057
         0.380,         0.816,         0.057
         0.381,         0.816,         0.057
         0.381,         0.821,         0.057
         0.382,         0.821,         0.056
         0.382,         0.821,         0.056
         0.382,         0.821,         0.056
         0.384,         0.826,         0.056
         0.385,         0.826,         0.056
         0.385,         0.826,         0.056
         0.386,         0.826,         0.055
         0.389,         0.831,         0.055
         0.389,         0.831,         0.055
         0.392,         0.831,         0.055
         0.394,         0.831,         0.055
         0.396,         0.831,         0.054
         0.397,         0.833,         0.054
         0.398,         0.836,         0.054
         0.398,         0.836,         0.054
         0.399,         0.836,         0.054
         0.399,         0.836,         0.053
         0.401,         0.838,         0.053
         0.402,         0.838,         0.053
         0.404,         0.841,         0.053
         0.405,         0.843,         0.053
         0.406,         0.846,         0.053
         0.406,         0.848,         0.053
         0.407,         0.851,         0.053
         0.408,         0.851,         0.052
         0.408,         0.856,         0.052
         0.408,         0.859,         0.051
         0.409,         0.861,         0.051
         0.411,         0.861,         0.051
         0.415,         0.864,         0.051
         0.418,         0.869,         0.050
         0.420,         0.869,         0.050
         0.420,         0.869,         0.050
         0.421,         0.871,         0.050
         0.421,         0.871,         0.050
         0.423,         0.871,         0.049
         0.423,         0.874,         0.049
         0.423,         0.874,         0.049
         0.425,         0.874,         0.049
         0.425,         0.874,         0.049
         0.426,         0.876,         0.049
         0.428,         0.876,         0.049
         0.429,         0.876,         0.049
         0.431,         0.876,         0.048
         0.436,         0.881,         0.048
         0.437,         0.884,         0.047
         0.437,         0.884,         0.047
         0.438,         0.884,         0.047
         0.439,         0.884,         0.047
         0.441,         0.884,         0.047
         0.442,         0.884,         0.047
         0.442,         0.886,         0.046
         0.443,         0.886,         0.046
         0.443,         0.886,         0.046
         0.445,         0.891,         0.046
         0.446,         0.894,         0.046
         0.446,         0.894,         0.046
         0.449,         0.896,         0.046
         0.451,         0.899,         0.046
         0.451,         0.899,         0.045
         0.453,         0.899,         0.045
         0.455,         0.899,         0.045
         0.455,         0.902,         0.044
         0.456,         0.902,         0.044
         0.461,         0.902,         0.044
         0.463,         0.902,         0.044
         0.463,         0.904,         0.044
         0.463,         0.904,         0.044
         0.464,         0.904,         0.044
         0.467,         0.907,         0.043
         0.470,         0.907,         0.043
         0.470,         0.907,         0.043
         0.471,         0.907,         0.043
         0.472,         0.907,         0.043
         0.474,         0.907,         0.043
         0.478,         0.907,         0.042
         0.478,         0.907,         0.042
         0.479,         0.907,         0.042
         0.479,         0.907,         0.042
         0.480,         0.907,         0.042
         0.482,         0.907,         0.041
         0.484,         0.912,         0.041
         0.485,         0.912,         0.041
         0.489,         0.912,         0.041
         0.489,         0.912,         0.041
         0.497,         0.912,         0.041
         0.497,         0.912,         0.041
         0.499,         0.914,         0.040
         0.499,         0.914,         0.040
         0.499,         0.917,         0.040
         0.500,         0.917,         0.040
         0.500,         0.917,         0.040
         0.503,         0.917,         0.039
         0.506,         0.917,         0.039
         0.509,         0.917,         0.039
         0.510,         0.917,         0.039
         0.510,         0.919,         0.039
         0.511,         0.924,         0.039
         0.513,         0.927,         0.038
         0.515,         0.927,         0.037
         0.519,         0.929,         0.037
         0.523,         0.929,         0.037
         0.524,         0.929,         0.037
         0.524,         0.929,         0.037
         0.527,         0.934,         0.036
         0.527,         0.934,         0.036
         0.528,         0.934,         0.036
         0.534,         0.934,         0.036
         0.534,         0.934,         0.036
         0.535,         0.934,         0.036
         0.537,         0.934,         0.036
         0.541,         0.934,         0.035
         0.541,         0.934,         0.035
         0.544,         0.934,         0.035
         0.544,         0.937,         0.035
         0.546,         0.937,         0.035
         0.546,         0.937,         0.035
         0.552,         0.937,         0.034
         0.552,         0.937,         0.034
         0.557,         0.942,         0.034
         0.559,         0.944,         0.033
         0.560,         0.944,         0.033
         0.562,         0.944,         0.033
         0.563,         0.944,         0.033
         0.564,         0.947,         0.033
         0.564,         0.949,         0.033
         0.565,         0.949,         0.033
         0.565,         0.949,         0.033
         0.565,         0.949,         0.032
         0.570,         0.949,         0.032
         0.570,         0.949,         0.032
         0.572,         0.952,         0.032
         0.573,         0.955,         0.032
         0.573,         0.955,         0.032
         0.575,         0.957,         0.031
         0.578,         0.957,         0.031
         0.579,         0.960,         0.031
         0.586,         0.960,         0.031
         0.587,         0.960,         0.031
         0.588,         0.960,         0.030
         0.589,         0.960,         0.030
         0.589,         0.960,         0.030
         0.593,         0.960,         0.029
         0.593,         0.960,         0.029
         0.596,         0.962,         0.029
         0.597,         0.965,         0.029
         0.600,         0.965,         0.029
         0.601,         0.965,         0.028
         0.601,         0.967,         0.028
         0.602,         0.967,         0.028
         0.605,         0.967,         0.027
         0.606,         0.967,         0.027
         0.611,         0.967,         0.027
         0.612,         0.967,         0.027
         0.612,         0.967,         0.027
         0.616,         0.967,         0.026
         0.618,         0.967,         0.026
         0.619,         0.967,         0.026
         0.619,         0.967,         0.026
         0.623,         0.967,         0.025
         0.626,         0.967,         0.025
         0.627,         0.970,         0.025
         0.628,         0.970,         0.025
         0.628,         0.972,         0.025
         0.628,         0.972,         0.024
         0.631,         0.975,         0.024
         0.635,         0.975,         0.024
         0.642,         0.977,         0.024
         0.642,         0.977,         0.024
         0.644,         0.977,         0.024
         0.644,         0.977,         0.024
         0.649,         0.980,         0.024
         0.650,         0.980,         0.023
         0.650,         0.980,         0.023
         0.652,         0.980,         0.023
         0.652,         0.980,         0.023
         0.653,         0.980,         0.022
         0.654,         0.980,         0.022
         0.655,         0.980,         0.022
         0.658,         0.980,         0.022
         0.661,         0.980,         0.022
         0.662,         0.982,         0.021
         0.662,         0.982,         0.021
         0.667,         0.982,         0.020
         0.669,         0.982,         0.020
         0.672,         0.982,         0.020
         0.672,         0.982,         0.019
         0.673,         0.982,         0.019
         0.674,         0.982,         0.019
         0.679,         0.982,         0.019
         0.682,         0.982,         0.019
         0.683,         0.982,         0.018
         0.683,         0.982,         0.018
         0.685,         0.982,         0.018
         0.686,         0.982,         0.018
         0.690,         0.982,         0.018
         0.690,         0.982,         0.017
         0.698,         0.982,         0.017
         0.705,         0.982,         0.017
         0.707,         0.982,         0.017
         0.708,         0.982,         0.017
         0.708,         0.982,         0.017
         0.712,         0.982,         0.016
         0.712,         0.985,         0.015
         0.715,         0.985,         0.015
         0.716,         0.987,         0.015
         0.718,         0.987,         0.015
         0.718,         0.987,         0.015
         0.724,         0.987,         0.014
         0.725,         0.987,         0.014
         0.725,         0.987,         0.014
         0.732,         0.990,         0.014
         0.734,         0.990,         0.014
         0.748,         0.990,         0.014
         0.749,         0.990,         0.012
         0.749,         0.990,         0.012
         0.750,         0.990,         0.012
         0.756,         0.990,         0.012
         0.759,         0.990,         0.012
         0.762,         0.990,         0.012
         0.763,         0.990,         0.011
         0.764,         0.990,         0.011
         0.777,         0.990,         0.010
         0.785,         0.990,         0.010
         0.785,         0.990,         0.010
         0.793,         0.990,         0.010
         0.793,         0.992,         0.009
         0.794,         0.992,         0.009
         0.794,         0.992,         0.009
         0.796,         0.992,         0.008
         0.797,         0.992,         0.008
         0.800,         0.995,         0.008
         0.800,         0.995,         0.008
         0.801,         0.995,         0.008
         0.811,         0.995,         0.007
         0.835,         0.997,         0.007
         0.835,         0.997,         0.006
         0.838,         0.997,         0.006
         0.850,         0.997,         0.005
         0.888,         0.997,         0.003
         1.000,         1.000,         0.000
