false_pos_rate,true_pos_rate,threshold
         0.000,         0.000,         1.676
         0.013,         0.020,         0.676
         0.013,         0.020,         0.605
         0.013,         0.023,         0.582
         0.014,         0.023,         0.536
         0.015,         0.023,         0.535
         0.015,         0.025,         0.533
         0.016,         0.025,         0.511
         0.017,         0.025,         0.511
         0.017,         0.025,         0.508
         0.017,         0.025,         0.506
         0.017,         0.025,         0.499
         0.018,         0.025,         0.498
         0.018,         0.025,         0.496
         0.019,         0.025,         0.493
         0.020,         0.025,         0.493
         0.020,         0.028,         0.491
         0.020,         0.030,         0.491
         0.022,         0.033,         0.488
         0.025,         0.033,         0.486
         0.028,         0.035,         0.483
         0.028,         0.035,         0.482
         0.033,         0.035,         0.481
         0.033,         0.040,         0.478
         0.034,         0.040,         0.472
         0.034,         0.040,         0.470
         0.035,         0.040,         0.460
         0.036,         0.040,         0.458
         0.036,         0.040,         0.455
         0.036,         0.040,         0.454
         0.036,         0.043,         0.453
         0.037,         0.043,         0.450
         0.037,         0.043,         0.449
         0.038,         0.043,         0.448
         0.039,         0.043,         0.440
         0.039,         0.045,         0.439
         0.039,         0.045,         0.439
         0.039,         0.045,         0.437
         0.040,         0.045,         0.435
         0.040,         0.045,         0.433
         0.040,         0.045,         0.429
         0.041,         0.045,         0.429
         0.042,         0.045,         0.426
         0.042,         0.045,         0.426
         0.042,         0.045,         0.423
         0.043,         0.045,         0.421
         0.043,         0.048,         0.421
         0.044,         0.048,         0.421
         0.044,         0.051,         0.420
         0.045,         0.051,         0.417
         0.045,         0.051,         0.416
         0.045,         0.051,         0.416
         0.045,         0.053,         0.415
         0.046,         0.053,         0.415
         0.046,         0.053,         0.414
         0.046,         0.056,         0.413
         0.047,         0.056,         0.413
         0.047,         0.056,         0.412
         0.048,         0.056,         0.411
         0.049,         0.056,         0.411
         0.049,         0.056,         0.411
         0.049,         0.056,         0.409
         0.051,         0.056,         0.409
         0.051,         0.056,         0.407
         0.052,         0.056,         0.407
         0.052,         0.058,         0.405
         0.052,         0.058,         0.405
         0.054,         0.058,         0.405
         0.054,         0.058,         0.404
         0.057,         0.058,         0.403
         0.057,         0.058,         0.402
         0.057,         0.061,         0.402
         0.059,         0.063,         0.401
         0.059,         0.068,         0.401
         0.059,         0.068,         0.400
         0.059,         0.068,         0.400
         0.060,         0.068,         0.399
         0.062,         0.068,         0.399
         0.062,         0.068,         0.398
         0.062,         0.071,         0.397
         0.064,         0.071,         0.397
         0.064,         0.071,         0.395
         0.064,         0.071,         0.395
         0.067,         0.071,         0.394
         0.067,         0.073,         0.394
         0.067,         0.073,         0.394
         0.067,         0.076,         0.393
         0.067,         0.076,         0.393
         0.067,         0.078,         0.392
         0.068,         0.078,         0.391
         0.069,         0.078,         0.388
         0.070,         0.078,         0.388
         0.070,         0.081,         0.387
         0.070,         0.081,         0.386
         0.071,         0.081,         0.386
         0.071,         0.081,         0.385
         0.071,         0.083,         0.385
         0.071,         0.083,         0.384
         0.071,         0.086,         0.384
         0.071,         0.091,         0.383
         0.072,         0.091,         0.383
         0.072,         0.091,         0.382
         0.072,         0.091,         0.382
         0.073,         0.091,         0.381
         0.073,         0.091,         0.380
         0.073,         0.096,         0.380
         0.074,         0.096,         0.379
         0.074,         0.098,         0.379
         0.074,         0.098,         0.379
         0.074,         0.098,         0.378
         0.075,         0.098,         0.376
         0.075,         0.101,         0.375
         0.076,         0.101,         0.375
         0.076,         0.101,         0.374
         0.077,         0.104,         0.372
         0.077,         0.104,         0.372
         0.077,         0.106,         0.372
         0.077,         0.106,         0.372
         0.078,         0.106,         0.370
         0.078,         0.106,         0.370
         0.078,         0.106,         0.369
         0.079,         0.109,         0.369
         0.079,         0.109,         0.369
         0.080,         0.109,         0.368
         0.080,         0.109,         0.367
         0.081,         0.109,         0.366
         0.081,         0.111,         0.366
         0.082,         0.111,         0.365
         0.082,         0.111,         0.365
         0.082,         0.111,         0.364
         0.083,         0.111,         0.364
         0.083,         0.114,         0.364
         0.083,         0.114,         0.363
         0.084,         0.114,         0.363
         0.084,         0.114,         0.363
         0.084,         0.116,         0.363
         0.085,         0.116,         0.363
         0.085,         0.116,         0.361
         0.086,         0.116,         0.361
         0.086,         0.116,         0.361
         0.086,         0.116,         0.361
         0.086,         0.119,         0.360
         0.087,         0.119,         0.359
         0.087,         0.119,         0.359
         0.087,         0.119,         0.359
         0.088,         0.119,         0.358
         0.088,         0.119,         0.358
         0.089,         0.119,         0.358
         0.089,         0.119,         0.356
         0.090,         0.119,         0.356
         0.091,         0.119,         0.354
         0.092,         0.119,         0.354
         0.092,         0.119,         0.354
         0.093,         0.121,         0.353
         0.094,         0.121,         0.352
         0.094,         0.121,         0.352
         0.095,         0.121,         0.351
         0.095,         0.121,         0.351
         0.096,         0.126,         0.350
         0.097,         0.126,         0.350
         0.097,         0.126,         0.349
         0.099,         0.126,         0.349
         0.099,         0.126,         0.348
         0.099,         0.126,         0.348
         0.099,         0.129,         0.348
         0.101,         0.129,         0.347
         0.101,         0.129,         0.347
         0.101,         0.129,         0.347
         0.101,         0.131,         0.345
         0.101,         0.131,         0.345
         0.102,         0.134,         0.345
         0.102,         0.136,         0.345
         0.103,         0.136,         0.344
         0.103,         0.136,         0.344
         0.103,         0.139,         0.344
         0.103,         0.139,         0.344
         0.104,         0.139,         0.343
         0.104,         0.139,         0.343
         0.104,         0.141,         0.341
         0.105,         0.141,         0.341
         0.105,         0.141,         0.340
         0.106,         0.141,         0.340
         0.106,         0.144,         0.339
         0.106,         0.146,         0.339
         0.106,         0.152,         0.338
         0.106,         0.152,         0.337
         0.107,         0.152,         0.337
         0.107,         0.154,         0.336
         0.107,         0.154,         0.336
         0.108,         0.154,         0.335
         0.108,         0.154,         0.335
         0.108,         0.157,         0.335
         0.108,         0.157,         0.334
         0.109,         0.157,         0.334
         0.109,         0.159,         0.334
         0.109,         0.159,         0.332
         0.110,         0.159,         0.332
         0.110,         0.162,         0.332
         0.110,         0.162,         0.332
         0.110,         0.164,         0.332
         0.111,         0.164,         0.331
         0.111,         0.167,         0.330
         0.111,         0.167,         0.330
         0.112,         0.167,         0.329
         0.112,         0.169,         0.329
         0.112,         0.172,         0.329
         0.113,         0.172,         0.326
         0.114,         0.174,         0.326
         0.115,         0.177,         0.326
         0.115,         0.177,         0.325
         0.115,         0.179,         0.324
         0.116,         0.179,         0.324
         0.116,         0.179,         0.323
         0.116,         0.179,         0.322
         0.116,         0.184,         0.322
         0.117,         0.184,         0.322
         0.117,         0.184,         0.321
         0.117,         0.187,         0.320
         0.118,         0.189,         0.320
         0.119,         0.189,         0.320
         0.119,         0.189,         0.319
         0.119,         0.192,         0.319
         0.120,         0.192,         0.318
         0.120,         0.192,         0.318
         0.121,         0.192,         0.317
         0.121,         0.192,         0.317
         0.121,         0.192,         0.317
         0.121,         0.197,         0.315
         0.122,         0.199,         0.315
         0.122,         0.199,         0.314
         0.123,         0.199,         0.314
         0.124,         0.199,         0.313
         0.124,         0.199,         0.313
         0.125,         0.199,         0.312
         0.126,         0.199,         0.312
         0.126,         0.205,         0.312
         0.126,         0.205,         0.311
         0.126,         0.205,         0.310
         0.127,         0.205,         0.310
         0.127,         0.207,         0.310
         0.128,         0.207,         0.308
         0.128,         0.207,         0.308
         0.129,         0.207,         0.308
         0.129,         0.207,         0.307
         0.129,         0.212,         0.306
         0.129,         0.212,         0.306
         0.130,         0.212,         0.306
         0.130,         0.215,         0.305
         0.130,         0.215,         0.305
         0.130,         0.215,         0.305
         0.130,         0.220,         0.304
         0.131,         0.220,         0.303
         0.131,         0.222,         0.303
         0.131,         0.222,         0.303
         0.131,         0.225,         0.302
         0.131,         0.225,         0.302
         0.132,         0.225,         0.301
         0.133,         0.225,         0.300
         0.133,         0.227,         0.299
         0.133,         0.230,         0.298
         0.134,         0.230,         0.298
         0.134,         0.230,         0.298
         0.134,         0.232,         0.297
         0.135,         0.232,         0.296
         0.135,         0.232,         0.295
         0.135,         0.235,         0.295
         0.136,         0.235,         0.295
         0.136,         0.235,         0.295
         0.136,         0.237,         0.294
         0.136,         0.240,         0.294
         0.136,         0.240,         0.294
         0.137,         0.240,         0.293
         0.137,         0.240,         0.293
         0.137,         0.240,         0.293
         0.138,         0.240,         0.292
         0.138,         0.240,         0.291
         0.139,         0.240,         0.290
         0.139,         0.240,         0.290
         0.140,         0.242,         0.289
         0.140,         0.245,         0.289
         0.140,         0.247,         0.289
         0.140,         0.247,         0.288
         0.141,         0.247,         0.288
         0.142,         0.247,         0.286
         0.142,         0.250,         0.285
         0.142,         0.253,         0.285
         0.143,         0.253,         0.285
         0.143,         0.255,         0.285
         0.143,         0.255,         0.284
         0.143,         0.258,         0.284
         0.143,         0.258,         0.283
         0.143,         0.260,         0.283
         0.144,         0.260,         0.282
         0.144,         0.263,         0.282
         0.144,         0.263,         0.281
         0.145,         0.265,         0.280
         0.145,         0.265,         0.278
         0.145,         0.265,         0.278
         0.145,         0.268,         0.277
         0.146,         0.268,         0.274
         0.146,         0.268,         0.273
         0.146,         0.270,         0.273
         0.147,         0.270,         0.272
         0.147,         0.270,         0.272
         0.148,         0.270,         0.269
         0.148,         0.270,         0.269
         0.149,         0.270,         0.268
         0.149,         0.270,         0.268
         0.149,         0.270,         0.266
         0.151,         0.270,         0.265
         0.151,         0.273,         0.264
         0.151,         0.273,         0.264
         0.151,         0.278,         0.262
         0.152,         0.278,         0.260
         0.152,         0.283,         0.260
         0.152,         0.283,         0.260
         0.152,         0.285,         0.259
         0.153,         0.285,         0.254
         0.153,         0.288,         0.253
         0.153,         0.288,         0.253
         0.154,         0.290,         0.253
         0.155,         0.290,         0.249
         0.155,         0.293,         0.247
         0.155,         0.295,         0.246
         0.156,         0.295,         0.240
         0.156,         0.298,         0.238
         0.156,         0.298,         0.238
         0.156,         0.298,         0.237
         0.158,         0.298,         0.237
         0.158,         0.298,         0.229
         0.158,         0.301,         0.229
         0.159,         0.301,         0.220
         0.159,         0.303,         0.220
         0.159,         0.303,         0.219
         0.159,         0.306,         0.215
         0.160,         0.306,         0.214
         0.160,         0.306,         0.213
         0.160,         0.306,         0.212
         0.160,         0.313,         0.210
         0.161,         0.313,         0.205
         0.161,         0.321,         0.201
         0.161,         0.321,         0.198
         0.161,         0.323,         0.197
         0.162,         0.323,         0.195
         0.162,         0.331,         0.193
         0.162,         0.331,         0.191
         0.162,         0.333,         0.191
         0.163,         0.333,         0.190
         0.163,         0.336,         0.190
         0.163,         0.336,         0.189
         0.163,         0.341,         0.188
         0.164,         0.341,         0.188
         0.164,         0.343,         0.188
         0.164,         0.343,         0.187
         0.164,         0.348,         0.184
         0.164,         0.348,         0.184
         0.164,         0.351,         0.182
         0.165,         0.351,         0.181
         0.165,         0.356,         0.181
         0.165,         0.359,         0.180
         0.165,         0.359,         0.178
         0.166,         0.361,         0.178
         0.166,         0.361,         0.176
         0.166,         0.361,         0.175
         0.167,         0.361,         0.175
         0.167,         0.366,         0.175
         0.167,         0.366,         0.174
         0.167,         0.369,         0.174
         0.168,         0.369,         0.174
         0.168,         0.371,         0.173
         0.168,         0.371,         0.173
         0.169,         0.374,         0.173
         0.170,         0.374,         0.170
         0.170,         0.376,         0.169
         0.170,         0.379,         0.168
         0.170,         0.379,         0.168
         0.170,         0.381,         0.168
         0.170,         0.381,         0.167
         0.171,         0.381,         0.165
         0.171,         0.381,         0.165
         0.171,         0.384,         0.165
         0.172,         0.384,         0.163
         0.172,         0.386,         0.163
         0.172,         0.386,         0.162
         0.172,         0.391,         0.162
         0.172,         0.394,         0.161
         0.172,         0.394,         0.161
         0.172,         0.399,         0.160
         0.173,         0.399,         0.160
         0.173,         0.404,         0.158
         0.173,         0.409,         0.158
         0.173,         0.409,         0.157
         0.173,         0.412,         0.156
         0.173,         0.412,         0.156
         0.174,         0.414,         0.156
         0.174,         0.414,         0.155
         0.175,         0.414,         0.154
         0.175,         0.417,         0.154
         0.175,         0.417,         0.153
         0.175,         0.419,         0.153
         0.176,         0.419,         0.152
         0.176,         0.422,         0.152
         0.176,         0.422,         0.151
         0.176,         0.424,         0.151
         0.176,         0.427,         0.150
         0.177,         0.432,         0.150
         0.177,         0.432,         0.150
         0.177,         0.432,         0.149
         0.178,         0.432,         0.149
         0.178,         0.432,         0.149
         0.178,         0.434,         0.149
         0.178,         0.437,         0.148
         0.179,         0.437,         0.147
         0.179,         0.439,         0.147
         0.180,         0.439,         0.146
         0.180,         0.442,         0.146
         0.180,         0.442,         0.145
         0.180,         0.442,         0.145
         0.180,         0.444,         0.144
         0.181,         0.444,         0.144
         0.182,         0.444,         0.143
         0.182,         0.447,         0.143
         0.182,         0.449,         0.143
         0.182,         0.455,         0.142
         0.182,         0.457,         0.142
         0.182,         0.457,         0.142
         0.183,         0.460,         0.142
         0.183,         0.460,         0.141
         0.183,         0.462,         0.141
         0.184,         0.462,         0.140
         0.184,         0.465,         0.140
         0.184,         0.465,         0.140
         0.184,         0.467,         0.139
         0.185,         0.467,         0.138
         0.185,         0.470,         0.138
         0.185,         0.470,         0.138
         0.186,         0.470,         0.137
         0.186,         0.470,         0.137
         0.186,         0.470,         0.137
         0.187,         0.470,         0.136
         0.187,         0.472,         0.136
         0.188,         0.472,         0.135
         0.188,         0.475,         0.135
         0.191,         0.475,         0.135
         0.191,         0.482,         0.133
         0.191,         0.482,         0.133
         0.191,         0.482,         0.133
         0.191,         0.485,         0.133
         0.191,         0.485,         0.133
         0.192,         0.485,         0.131
         0.192,         0.485,         0.131
         0.192,         0.487,         0.130
         0.193,         0.492,         0.130
         0.193,         0.492,         0.130
         0.194,         0.492,         0.130
         0.194,         0.492,         0.129
         0.194,         0.495,         0.129
         0.195,         0.495,         0.129
         0.195,         0.495,         0.128
         0.196,         0.497,         0.127
         0.197,         0.497,         0.127
         0.197,         0.503,         0.126
         0.197,         0.503,         0.126
         0.198,         0.503,         0.125
         0.198,         0.510,         0.125
         0.199,         0.510,         0.125
         0.199,         0.510,         0.125
         0.199,         0.513,         0.125
         0.199,         0.513,         0.125
         0.199,         0.515,         0.124
         0.199,         0.515,         0.124
         0.200,         0.515,         0.123
         0.200,         0.518,         0.123
         0.200,         0.518,         0.123
         0.200,         0.523,         0.123
         0.201,         0.523,         0.123
         0.201,         0.523,         0.123
         0.201,         0.528,         0.122
         0.201,         0.530,         0.122
         0.202,         0.530,         0.122
         0.203,         0.530,         0.122
         0.203,         0.535,         0.121
         0.203,         0.535,         0.121
         0.203,         0.538,         0.121
         0.204,         0.538,         0.121
         0.204,         0.540,         0.120
         0.204,         0.543,         0.120
         0.204,         0.545,         0.120
         0.205,         0.548,         0.120
         0.205,         0.548,         0.120
         0.205,         0.551,         0.120
         0.206,         0.551,         0.120
         0.206,         0.553,         0.119
         0.206,         0.556,         0.119
         0.207,         0.556,         0.118
         0.207,         0.561,         0.118
         0.207,         0.561,         0.118
         0.207,         0.563,         0.117
         0.208,         0.563,         0.117
         0.212,         0.573,         0.117
         0.213,         0.573,         0.116
         0.214,         0.573,         0.116
         0.215,         0.573,         0.116
         0.216,         0.573,         0.116
         0.216,         0.573,         0.115
         0.216,         0.573,         0.115
         0.217,         0.581,         0.115
         0.217,         0.581,         0.114
         0.218,         0.581,         0.114
         0.219,         0.581,         0.114
         0.219,         0.583,         0.114
         0.219,         0.583,         0.114
         0.221,         0.583,         0.113
         0.222,         0.583,         0.112
         0.223,         0.588,         0.112
         0.223,         0.588,         0.112
         0.224,         0.588,         0.111
         0.224,         0.588,         0.111
         0.224,         0.588,         0.111
         0.225,         0.588,         0.110
         0.225,         0.588,         0.110
         0.225,         0.588,         0.110
         0.226,         0.588,         0.110
         0.226,         0.588,         0.110
         0.227,         0.588,         0.110
         0.227,         0.588,         0.110
         0.227,         0.591,         0.109
         0.228,         0.591,         0.109
         0.228,         0.593,         0.109
         0.228,         0.598,         0.109
         0.228,         0.598,         0.108
         0.229,         0.598,         0.108
         0.229,         0.598,         0.108
         0.230,         0.598,         0.108
         0.230,         0.598,         0.108
         0.230,         0.601,         0.107
         0.230,         0.601,         0.107
         0.230,         0.606,         0.106
         0.231,         0.606,         0.106
         0.231,         0.606,         0.106
         0.232,         0.606,         0.106
         0.232,         0.611,         0.105
         0.233,         0.614,         0.105
         0.235,         0.614,         0.104
         0.235,         0.616,         0.104
         0.236,         0.621,         0.104
         0.237,         0.624,         0.104
         0.237,         0.626,         0.104
         0.238,         0.626,         0.104
         0.238,         0.626,         0.103
         0.238,         0.629,         0.103
         0.239,         0.629,         0.103
         0.240,         0.629,         0.103
         0.241,         0.631,         0.103
         0.241,         0.631,         0.103
         0.241,         0.634,         0.102
         0.241,         0.636,         0.102
         0.242,         0.636,         0.102
         0.242,         0.636,         0.101
         0.242,         0.636,         0.101
         0.244,         0.636,         0.101
         0.244,         0.636,         0.101
         0.244,         0.636,         0.101
         0.245,         0.644,         0.100
         0.245,         0.644,         0.100
         0.246,         0.644,         0.100
         0.247,         0.644,         0.100
         0.248,         0.644,         0.100
         0.248,         0.644,         0.100
         0.249,         0.646,         0.099
         0.249,         0.646,         0.099
         0.249,         0.646,         0.099
         0.250,         0.646,         0.098
         0.251,         0.646,         0.098
         0.252,         0.649,         0.098
         0.252,         0.649,         0.098
         0.252,         0.652,         0.098
         0.255,         0.654,         0.098
         0.256,         0.654,         0.097
         0.256,         0.654,         0.097
         0.257,         0.654,         0.097
         0.257,         0.657,         0.097
         0.258,         0.662,         0.097
         0.258,         0.664,         0.096
         0.258,         0.664,         0.096
         0.259,         0.664,         0.096
         0.261,         0.667,         0.096
         0.261,         0.672,         0.095
         0.262,         0.674,         0.095
         0.263,         0.674,         0.095
         0.263,         0.674,         0.094
         0.263,         0.674,         0.094
         0.264,         0.674,         0.094
         0.265,         0.674,         0.094
         0.265,         0.677,         0.093
         0.265,         0.677,         0.093
         0.265,         0.679,         0.093
         0.266,         0.679,         0.093
         0.267,         0.679,         0.092
         0.267,         0.679,         0.092
         0.269,         0.679,         0.092
         0.269,         0.679,         0.092
         0.270,         0.682,         0.091
         0.270,         0.682,         0.091
         0.270,         0.684,         0.091
         0.270,         0.687,         0.091
         0.272,         0.687,         0.090
         0.273,         0.687,         0.090
         0.273,         0.687,         0.090
         0.274,         0.687,         0.090
         0.274,         0.689,         0.090
         0.274,         0.692,         0.089
         0.274,         0.692,         0.089
         0.275,         0.692,         0.089
         0.275,         0.692,         0.089
         0.275,         0.692,         0.088
         0.275,         0.694,         0.088
         0.275,         0.694,         0.088
         0.277,         0.694,         0.088
         0.277,         0.694,         0.088
         0.278,         0.697,         0.088
         0.278,         0.697,         0.087
         0.279,         0.699,         0.087
         0.279,         0.699,         0.087
         0.280,         0.702,         0.087
         0.280,         0.702,         0.087
         0.280,         0.702,         0.086
         0.282,         0.707,         0.086
         0.282,         0.710,         0.086
         0.283,         0.710,         0.085
         0.283,         0.712,         0.085
         0.287,         0.717,         0.085
         0.288,         0.717,         0.085
         0.289,         0.717,         0.084
         0.289,         0.717,         0.084
         0.289,         0.720,         0.084
         0.291,         0.725,         0.084
         0.293,         0.725,         0.084
         0.293,         0.725,         0.083
         0.294,         0.725,         0.083
         0.296,         0.725,         0.083
         0.296,         0.725,         0.082
         0.297,         0.725,         0.082
         0.297,         0.725,         0.082
         0.299,         0.725,         0.082
         0.301,         0.725,         0.081
         0.302,         0.725,         0.081
         0.303,         0.725,         0.081
         0.303,         0.727,         0.081
         0.304,         0.727,         0.080
         0.304,         0.727,         0.080
         0.304,         0.730,         0.080
         0.305,         0.730,         0.080
         0.307,         0.730,         0.080
         0.307,         0.730,         0.079
         0.308,         0.730,         0.079
         0.308,         0.732,         0.079
         0.308,         0.735,         0.078
         0.309,         0.735,         0.078
         0.310,         0.737,         0.078
         0.311,         0.737,         0.078
         0.312,         0.740,         0.078
         0.313,         0.742,         0.078
         0.314,         0.742,         0.078
         0.314,         0.745,         0.077
         0.314,         0.745,         0.077
         0.315,         0.745,         0.076
         0.317,         0.745,         0.076
         0.319,         0.745,         0.076
         0.321,         0.745,         0.076
         0.321,         0.745,         0.076
         0.322,         0.747,         0.075
         0.324,         0.750,         0.075
         0.325,         0.750,         0.075
         0.326,         0.750,         0.074
         0.327,         0.753,         0.074
         0.328,         0.753,         0.074
         0.329,         0.755,         0.074
         0.329,         0.755,         0.074
         0.331,         0.755,         0.074
         0.331,         0.755,         0.073
         0.333,         0.755,         0.073
         0.333,         0.755,         0.073
         0.334,         0.755,         0.073
         0.334,         0.755,         0.073
         0.335,         0.755,         0.073
         0.336,         0.755,         0.072
         0.336,         0.755,         0.072
         0.338,         0.755,         0.072
         0.338,         0.755,         0.072
         0.340,         0.755,         0.071
         0.341,         0.755,         0.071
         0.343,         0.758,         0.071
         0.345,         0.758,         0.070
         0.346,         0.758,         0.070
         0.346,         0.758,         0.070
         0.346,         0.758,         0.070
         0.349,         0.758,         0.069
         0.349,         0.758,         0.069
         0.351,         0.758,         0.069
         0.352,         0.760,         0.069
         0.352,         0.760,         0.068
         0.352,         0.763,         0.068
         0.352,         0.763,         0.068
         0.353,         0.763,         0.068
         0.354,         0.765,         0.068
         0.354,         0.765,         0.068
         0.355,         0.765,         0.067
         0.359,         0.765,         0.067
         0.359,         0.765,         0.067
         0.360,         0.768,         0.067
         0.361,         0.770,         0.066
         0.363,         0.778,         0.066
         0.363,         0.778,         0.066
         0.363,         0.783,         0.066
         0.365,         0.783,         0.065
         0.366,         0.783,         0.065
         0.366,         0.783,         0.065
         0.368,         0.783,         0.065
         0.369,         0.783,         0.065
         0.370,         0.783,         0.065
         0.370,         0.783,         0.065
         0.371,         0.785,         0.064
         0.371,         0.785,         0.064
         0.374,         0.788,         0.064
         0.374,         0.790,         0.064
         0.376,         0.793,         0.063
         0.377,         0.795,         0.063
         0.377,         0.795,         0.063
         0.377,         0.798,         0.063
         0.379,         0.801,         0.063
         0.379,         0.801,         0.063
         0.379,         0.801,         0.062
         0.381,         0.803,         0.062
         0.382,         0.803,         0.062
         0.382,         0.806,         0.062
         0.382,         0.806,         0.061
         0.384,         0.806,         0.061
         0.385,         0.806,         0.061
         0.385,         0.806,         0.060
         0.385,         0.806,         0.060
         0.387,         0.806,         0.060
         0.389,         0.806,         0.060
         0.389,         0.806,         0.060
         0.390,         0.806,         0.059
         0.390,         0.806,         0.059
         0.392,         0.806,         0.059
         0.393,         0.806,         0.059
         0.394,         0.806,         0.059
         0.395,         0.806,         0.059
         0.397,         0.806,         0.058
         0.398,         0.806,         0.058
         0.399,         0.806,         0.058
         0.399,         0.808,         0.058
         0.401,         0.808,         0.058
         0.402,         0.811,         0.058
         0.403,         0.811,         0.057
         0.403,         0.811,         0.057
         0.405,         0.811,         0.057
         0.408,         0.811,         0.057
         0.409,         0.811,         0.056
         0.409,         0.813,         0.056
         0.409,         0.813,         0.056
         0.410,         0.818,         0.056
         0.410,         0.821,         0.055
         0.412,         0.821,         0.055
         0.413,         0.823,         0.055
         0.414,         0.826,         0.055
         0.416,         0.826,         0.055
         0.417,         0.826,         0.055
         0.418,         0.826,         0.054
         0.418,         0.826,         0.054
         0.419,         0.826,         0.053
         0.420,         0.826,         0.053
         0.422,         0.826,         0.053
         0.422,         0.828,         0.053
         0.422,         0.828,         0.053
         0.423,         0.828,         0.053
         0.423,         0.828,         0.052
         0.423,         0.831,         0.052
         0.424,         0.831,         0.052
         0.424,         0.831,         0.051
         0.425,         0.833,         0.051
         0.425,         0.833,         0.051
         0.427,         0.833,         0.051
         0.428,         0.833,         0.051
         0.429,         0.833,         0.051
         0.429,         0.833,         0.051
         0.429,         0.833,         0.050
         0.432,         0.833,         0.050
         0.435,         0.833,         0.050
         0.435,         0.836,         0.050
         0.436,         0.841,         0.049
         0.437,         0.843,         0.049
         0.439,         0.846,         0.049
         0.440,         0.846,         0.049
         0.440,         0.846,         0.048
         0.440,         0.848,         0.048
         0.441,         0.848,         0.048
         0.442,         0.848,         0.048
         0.443,         0.848,         0.048
         0.445,         0.848,         0.048
         0.447,         0.851,         0.047
         0.447,         0.851,         0.047
         0.449,         0.851,         0.047
         0.449,         0.856,         0.047
         0.450,         0.856,         0.046
         0.454,         0.861,         0.046
         0.455,         0.866,         0.046
         0.455,         0.866,         0.046
         0.456,         0.866,         0.045
         0.458,         0.869,         0.045
         0.460,         0.869,         0.045
         0.460,         0.869,         0.045
         0.462,         0.871,         0.044
         0.464,         0.871,         0.044
         0.465,         0.876,         0.044
         0.465,         0.876,         0.044
         0.465,         0.879,         0.044
         0.466,         0.881,         0.043
         0.466,         0.881,         0.043
         0.468,         0.881,         0.043
         0.469,         0.884,         0.043
         0.471,         0.884,         0.043
         0.473,         0.886,         0.043
         0.474,         0.886,         0.043
         0.477,         0.886,         0.042
         0.477,         0.889,         0.042
         0.478,         0.889,         0.041
         0.479,         0.889,         0.041
         0.482,         0.894,         0.041
         0.485,         0.896,         0.041
         0.486,         0.896,         0.040
         0.486,         0.899,         0.040
         0.486,         0.899,         0.040
         0.489,         0.899,         0.040
         0.491,         0.902,         0.040
         0.492,         0.902,         0.039
         0.497,         0.902,         0.039
         0.499,         0.904,         0.039
         0.500,         0.904,         0.039
         0.501,         0.904,         0.038
         0.502,         0.907,         0.038
         0.504,         0.909,         0.038
         0.505,         0.909,         0.037
         0.506,         0.909,         0.037
         0.507,         0.909,         0.037
         0.508,         0.909,         0.037
         0.510,         0.909,         0.037
         0.512,         0.919,         0.036
         0.513,         0.919,         0.036
         0.514,         0.924,         0.036
         0.515,         0.924,         0.036
         0.515,         0.924,         0.036
         0.522,         0.924,         0.035
         0.522,         0.924,         0.035
         0.525,         0.924,         0.035
         0.527,         0.924,         0.035
         0.528,         0.924,         0.035
         0.528,         0.924,         0.035
         0.528,         0.927,         0.034
         0.529,         0.927,         0.034
         0.531,         0.927,         0.034
         0.532,         0.927,         0.033
         0.534,         0.927,         0.033
         0.535,         0.932,         0.033
         0.535,         0.932,         0.033
         0.538,         0.932,         0.033
         0.540,         0.932,         0.033
         0.540,         0.937,         0.032
         0.546,         0.937,         0.032
         0.548,         0.939,         0.032
         0.550,         0.942,         0.032
         0.550,         0.942,         0.031
         0.551,         0.944,         0.031
         0.553,         0.944,         0.031
         0.555,         0.944,         0.030
         0.557,         0.944,         0.030
         0.558,         0.944,         0.030
         0.562,         0.944,         0.030
         0.562,         0.944,         0.030
         0.562,         0.944,         0.029
         0.565,         0.944,         0.029
         0.565,         0.947,         0.029
         0.565,         0.947,         0.029
         0.568,         0.947,         0.029
         0.569,         0.947,         0.028
         0.575,         0.947,         0.028
         0.575,         0.949,         0.028
         0.576,         0.949,         0.028
         0.579,         0.952,         0.028
         0.580,         0.952,         0.027
         0.580,         0.952,         0.027
         0.582,         0.952,         0.027
         0.582,         0.952,         0.027
         0.583,         0.952,         0.027
         0.586,         0.952,         0.027
         0.587,         0.952,         0.027
         0.588,         0.952,         0.026
         0.588,         0.952,         0.026
         0.590,         0.952,         0.026
         0.590,         0.952,         0.026
         0.591,         0.952,         0.025
         0.594,         0.952,         0.025
         0.596,         0.955,         0.025
         0.601,         0.955,         0.025
         0.601,         0.955,         0.025
         0.602,         0.955,         0.025
         0.605,         0.955,         0.025
         0.606,         0.955,         0.024
         0.606,         0.955,         0.024
         0.606,         0.955,         0.024
         0.608,         0.955,         0.024
         0.608,         0.955,         0.024
         0.609,         0.957,         0.023
         0.611,         0.957,         0.023
         0.612,         0.957,         0.023
         0.619,         0.960,         0.023
         0.624,         0.960,         0.022
         0.624,         0.960,         0.022
         0.626,         0.960,         0.022
         0.626,         0.960,         0.022
         0.627,         0.960,         0.022
         0.627,         0.960,         0.022
         0.629,         0.960,         0.021
         0.637,         0.962,         0.021
         0.639,         0.962,         0.021
         0.643,         0.962,         0.020
         0.644,         0.962,         0.020
         0.644,         0.962,         0.020
         0.650,         0.965,         0.020
         0.656,         0.965,         0.019
         0.656,         0.965,         0.019
         0.659,         0.967,         0.019
         0.659,         0.967,         0.019
         0.660,         0.967,         0.019
         0.660,         0.967,         0.019
         0.665,         0.967,         0.018
         0.675,         0.967,         0.018
         0.683,         0.970,         0.018
         0.685,         0.970,         0.017
         0.686,         0.970,         0.017
         0.687,         0.972,         0.017
         0.687,         0.972,         0.017
         0.694,         0.975,         0.016
         0.694,         0.975,         0.016
         0.697,         0.975,         0.016
         0.698,         0.975,         0.016
         0.700,         0.975,         0.016
         0.709,         0.975,         0.015
         0.710,         0.975,         0.015
         0.711,         0.977,         0.014
         0.718,         0.977,         0.014
         0.720,         0.977,         0.014
         0.730,         0.977,         0.014
         0.731,         0.977,         0.013
         0.732,         0.977,         0.013
         0.742,         0.982,         0.013
         0.746,         0.982,         0.012
         0.755,         0.985,         0.012
         0.756,         0.985,         0.012
         0.756,         0.985,         0.011
         0.756,         0.985,         0.011
         0.758,         0.985,         0.011
         0.758,         0.985,         0.011
         0.780,         0.987,         0.011
         0.786,         0.990,         0.010
         0.795,         0.990,         0.010
         0.797,         0.992,         0.009
         0.798,         0.992,         0.009
         0.799,         0.992,         0.009
         0.799,         0.992,         0.009
         0.804,         0.992,         0.008
         0.804,         0.992,         0.008
         0.817,         0.995,         0.008
         0.817,         0.995,         0.007
         0.838,         0.997,         0.007
         0.838,         0.997,         0.007
         0.842,         0.997,         0.006
         0.856,         0.997,         0.005
         0.857,         0.997,         0.005
         0.894,         0.997,         0.004
         1.000,         1.000,         0.000
