false_pos_rate,true_pos_rate,threshold
         0.000,         0.000,         1.809
         0.000,         0.003,         0.809
         0.000,         0.013,         0.772
         0.000,         0.013,         0.769
         0.000,         0.015,         0.767
         0.000,         0.015,         0.765
         0.000,         0.023,         0.758
         0.001,         0.023,         0.757
         0.001,         0.038,         0.748
         0.001,         0.038,         0.746
         0.001,         0.048,         0.742
         0.001,         0.048,         0.740
         0.001,         0.051,         0.740
         0.001,         0.051,         0.737
         0.001,         0.058,         0.732
         0.002,         0.058,         0.732
         0.002,         0.066,         0.728
         0.002,         0.066,         0.723
         0.002,         0.076,         0.718
         0.002,         0.076,         0.715
         0.002,         0.083,         0.713
         0.002,         0.083,         0.713
         0.002,         0.086,         0.712
         0.003,         0.086,         0.710
         0.003,         0.088,         0.710
         0.003,         0.088,         0.710
         0.003,         0.091,         0.709
         0.003,         0.091,         0.707
         0.003,         0.098,         0.704
         0.003,         0.098,         0.704
         0.003,         0.104,         0.703
         0.004,         0.104,         0.702
         0.004,         0.106,         0.702
         0.004,         0.106,         0.701
         0.004,         0.109,         0.701
         0.004,         0.109,         0.700
         0.004,         0.111,         0.698
         0.005,         0.111,         0.695
         0.005,         0.114,         0.694
         0.006,         0.114,         0.694
         0.006,         0.116,         0.693
         0.006,         0.116,         0.693
         0.006,         0.119,         0.692
         0.006,         0.119,         0.692
         0.006,         0.126,         0.691
         0.007,         0.126,         0.689
         0.007,         0.131,         0.688
         0.007,         0.131,         0.688
         0.007,         0.139,         0.686
         0.008,         0.139,         0.686
         0.008,         0.149,         0.684
         0.008,         0.149,         0.683
         0.008,         0.152,         0.683
         0.008,         0.152,         0.682
         0.008,         0.154,         0.682
         0.009,         0.154,         0.682
         0.009,         0.164,         0.680
         0.009,         0.164,         0.679
         0.009,         0.167,         0.678
         0.010,         0.167,         0.675
         0.010,         0.172,         0.673
         0.010,         0.172,         0.673
         0.010,         0.174,         0.673
         0.011,         0.174,         0.673
         0.011,         0.177,         0.672
         0.012,         0.177,         0.670
         0.012,         0.197,         0.666
         0.013,         0.197,         0.663
         0.013,         0.205,         0.662
         0.013,         0.205,         0.662
         0.013,         0.207,         0.662
         0.013,         0.207,         0.661
         0.013,         0.210,         0.661
         0.014,         0.210,         0.657
         0.014,         0.212,         0.657
         0.015,         0.212,         0.657
         0.015,         0.215,         0.656
         0.015,         0.215,         0.654
         0.015,         0.232,         0.649
         0.015,         0.232,         0.648
         0.015,         0.235,         0.648
         0.016,         0.235,         0.648
         0.016,         0.240,         0.647
         0.016,         0.240,         0.646
         0.016,         0.242,         0.646
         0.016,         0.242,         0.645
         0.016,         0.250,         0.644
         0.016,         0.250,         0.644
         0.016,         0.253,         0.643
         0.017,         0.253,         0.642
         0.017,         0.255,         0.642
         0.018,         0.255,         0.640
         0.018,         0.260,         0.639
         0.019,         0.260,         0.639
         0.019,         0.263,         0.638
         0.019,         0.263,         0.638
         0.019,         0.270,         0.637
         0.019,         0.270,         0.637
         0.019,         0.273,         0.637
         0.020,         0.273,         0.637
         0.020,         0.280,         0.636
         0.021,         0.280,         0.635
         0.021,         0.285,         0.634
         0.021,         0.285,         0.634
         0.021,         0.290,         0.634
         0.022,         0.290,         0.633
         0.022,         0.293,         0.633
         0.022,         0.293,         0.632
         0.022,         0.295,         0.632
         0.022,         0.295,         0.632
         0.022,         0.298,         0.632
         0.023,         0.298,         0.629
         0.023,         0.303,         0.628
         0.024,         0.303,         0.628
         0.024,         0.308,         0.628
         0.025,         0.308,         0.626
         0.025,         0.313,         0.626
         0.025,         0.313,         0.626
         0.025,         0.318,         0.625
         0.026,         0.318,         0.623
         0.026,         0.328,         0.622
         0.027,         0.328,         0.622
         0.027,         0.331,         0.622
         0.027,         0.331,         0.620
         0.027,         0.333,         0.620
         0.028,         0.333,         0.620
         0.028,         0.338,         0.619
         0.028,         0.338,         0.619
         0.028,         0.346,         0.618
         0.029,         0.346,         0.618
         0.029,         0.354,         0.617
         0.029,         0.354,         0.617
         0.029,         0.356,         0.617
         0.029,         0.356,         0.616
         0.029,         0.366,         0.615
         0.030,         0.366,         0.615
         0.030,         0.369,         0.615
         0.030,         0.369,         0.614
         0.030,         0.371,         0.613
         0.030,         0.371,         0.613
         0.030,         0.379,         0.612
         0.031,         0.379,         0.611
         0.031,         0.386,         0.611
         0.032,         0.386,         0.609
         0.032,         0.389,         0.609
         0.033,         0.389,         0.608
         0.033,         0.391,         0.607
         0.035,         0.391,         0.606
         0.035,         0.394,         0.606
         0.035,         0.394,         0.605
         0.035,         0.399,         0.605
         0.036,         0.399,         0.604
         0.036,         0.412,         0.603
         0.036,         0.412,         0.602
         0.036,         0.414,         0.602
         0.037,         0.414,         0.601
         0.037,         0.417,         0.601
         0.037,         0.417,         0.601
         0.037,         0.419,         0.600
         0.038,         0.419,         0.600
         0.038,         0.422,         0.599
         0.039,         0.422,         0.599
         0.039,         0.432,         0.598
         0.039,         0.432,         0.598
         0.039,         0.434,         0.597
         0.039,         0.434,         0.596
         0.039,         0.437,         0.596
         0.040,         0.437,         0.595
         0.040,         0.447,         0.593
         0.041,         0.447,         0.592
         0.041,         0.452,         0.591
         0.041,         0.452,         0.591
         0.041,         0.455,         0.590
         0.041,         0.455,         0.590
         0.041,         0.457,         0.589
         0.042,         0.457,         0.588
         0.042,         0.462,         0.588
         0.043,         0.462,         0.587
         0.043,         0.467,         0.586
         0.043,         0.467,         0.586
         0.043,         0.470,         0.586
         0.043,         0.470,         0.586
         0.043,         0.475,         0.585
         0.045,         0.475,         0.584
         0.045,         0.477,         0.583
         0.046,         0.477,         0.582
         0.046,         0.482,         0.582
         0.046,         0.482,         0.581
         0.046,         0.485,         0.581
         0.047,         0.485,         0.580
         0.047,         0.487,         0.580
         0.048,         0.487,         0.579
         0.048,         0.490,         0.579
         0.049,         0.490,         0.578
         0.049,         0.492,         0.578
         0.049,         0.492,         0.577
         0.049,         0.495,         0.577
         0.050,         0.495,         0.577
         0.050,         0.497,         0.576
         0.050,         0.497,         0.576
         0.050,         0.500,         0.576
         0.051,         0.500,         0.575
         0.051,         0.503,         0.575
         0.051,         0.503,         0.574
         0.051,         0.505,         0.574
         0.052,         0.505,         0.574
         0.052,         0.513,         0.573
         0.053,         0.513,         0.571
         0.053,         0.518,         0.570
         0.054,         0.518,         0.568
         0.054,         0.520,         0.568
         0.055,         0.520,         0.568
         0.055,         0.523,         0.568
         0.057,         0.523,         0.565
         0.057,         0.525,         0.565
         0.058,         0.525,         0.564
         0.058,         0.533,         0.564
         0.059,         0.533,         0.562
         0.059,         0.535,         0.562
         0.060,         0.535,         0.561
         0.060,         0.540,         0.560
         0.061,         0.540,         0.559
         0.061,         0.543,         0.559
         0.061,         0.543,         0.558
         0.061,         0.548,         0.558
         0.061,         0.548,         0.558
         0.061,         0.551,         0.558
         0.062,         0.551,         0.557
         0.062,         0.553,         0.556
         0.062,         0.553,         0.556
         0.062,         0.556,         0.556
         0.063,         0.556,         0.555
         0.063,         0.558,         0.555
         0.063,         0.558,         0.555
         0.063,         0.563,         0.554
         0.063,         0.563,         0.554
         0.063,         0.568,         0.551
         0.064,         0.568,         0.549
         0.064,         0.571,         0.549
         0.065,         0.571,         0.548
         0.065,         0.573,         0.548
         0.066,         0.573,         0.547
         0.066,         0.576,         0.547
         0.066,         0.576,         0.546
         0.066,         0.578,         0.546
         0.067,         0.578,         0.545
         0.067,         0.581,         0.545
         0.068,         0.581,         0.544
         0.068,         0.583,         0.544
         0.068,         0.583,         0.544
         0.068,         0.586,         0.544
         0.068,         0.586,         0.544
         0.068,         0.591,         0.543
         0.069,         0.591,         0.543
         0.069,         0.593,         0.543
         0.069,         0.593,         0.542
         0.069,         0.596,         0.542
         0.070,         0.596,         0.542
         0.070,         0.601,         0.541
         0.070,         0.601,         0.541
         0.070,         0.606,         0.540
         0.070,         0.606,         0.540
         0.070,         0.609,         0.540
         0.072,         0.609,         0.538
         0.072,         0.614,         0.536
         0.072,         0.614,         0.536
         0.072,         0.616,         0.536
         0.074,         0.616,         0.533
         0.074,         0.626,         0.532
         0.076,         0.626,         0.531
         0.076,         0.629,         0.531
         0.076,         0.629,         0.531
         0.076,         0.631,         0.530
         0.077,         0.631,         0.529
         0.077,         0.634,         0.529
         0.081,         0.634,         0.525
         0.081,         0.636,         0.525
         0.084,         0.636,         0.519
         0.084,         0.641,         0.519
         0.084,         0.641,         0.518
         0.084,         0.644,         0.518
         0.085,         0.644,         0.516
         0.085,         0.646,         0.516
         0.086,         0.646,         0.515
         0.086,         0.652,         0.514
         0.087,         0.652,         0.513
         0.087,         0.654,         0.513
         0.087,         0.654,         0.513
         0.087,         0.657,         0.513
         0.088,         0.657,         0.512
         0.088,         0.659,         0.512
         0.091,         0.659,         0.509
         0.091,         0.662,         0.509
         0.092,         0.662,         0.508
         0.092,         0.664,         0.508
         0.093,         0.664,         0.508
         0.093,         0.667,         0.508
         0.098,         0.667,         0.503
         0.098,         0.669,         0.503
         0.101,         0.669,         0.499
         0.101,         0.672,         0.499
         0.102,         0.672,         0.498
         0.102,         0.674,         0.498
         0.106,         0.674,         0.494
         0.106,         0.677,         0.494
         0.106,         0.677,         0.493
         0.106,         0.679,         0.493
         0.107,         0.679,         0.493
         0.107,         0.682,         0.493
         0.107,         0.682,         0.493
         0.107,         0.684,         0.493
         0.107,         0.684,         0.492
         0.107,         0.687,         0.492
         0.108,         0.687,         0.492
         0.108,         0.689,         0.492
         0.108,         0.689,         0.492
         0.108,         0.692,         0.491
         0.108,         0.692,         0.491
         0.108,         0.694,         0.491
         0.109,         0.694,         0.490
         0.109,         0.697,         0.490
         0.113,         0.697,         0.485
         0.113,         0.705,         0.484
         0.114,         0.705,         0.482
         0.114,         0.707,         0.482
         0.117,         0.707,         0.480
         0.117,         0.710,         0.479
         0.118,         0.710,         0.479
         0.118,         0.712,         0.479
         0.119,         0.712,         0.479
         0.119,         0.715,         0.479
         0.119,         0.715,         0.478
         0.119,         0.717,         0.478
         0.120,         0.717,         0.478
         0.120,         0.720,         0.477
         0.120,         0.720,         0.477
         0.120,         0.725,         0.476
         0.121,         0.725,         0.476
         0.121,         0.727,         0.476
         0.121,         0.727,         0.476
         0.121,         0.730,         0.476
         0.125,         0.730,         0.472
         0.125,         0.732,         0.472
         0.125,         0.732,         0.471
         0.125,         0.735,         0.471
         0.125,         0.735,         0.471
         0.125,         0.737,         0.471
         0.126,         0.737,         0.470
         0.126,         0.740,         0.470
         0.126,         0.740,         0.469
         0.126,         0.742,         0.469
         0.135,         0.742,         0.459
         0.135,         0.745,         0.459
         0.142,         0.745,         0.453
         0.142,         0.747,         0.453
         0.143,         0.747,         0.452
         0.143,         0.750,         0.452
         0.146,         0.750,         0.449
         0.146,         0.753,         0.449
         0.148,         0.753,         0.447
         0.149,         0.753,         0.447
         0.151,         0.753,         0.445
         0.151,         0.755,         0.445
         0.155,         0.755,         0.442
         0.155,         0.758,         0.442
         0.156,         0.758,         0.441
         0.156,         0.760,         0.441
         0.156,         0.760,         0.440
         0.156,         0.763,         0.440
         0.158,         0.763,         0.438
         0.158,         0.765,         0.438
         0.159,         0.765,         0.438
         0.159,         0.768,         0.437
         0.159,         0.768,         0.437
         0.159,         0.770,         0.437
         0.159,         0.770,         0.437
         0.159,         0.773,         0.437
         0.160,         0.773,         0.436
         0.160,         0.775,         0.436
         0.162,         0.775,         0.435
         0.162,         0.778,         0.435
         0.167,         0.778,         0.430
         0.167,         0.780,         0.430
         0.171,         0.780,         0.428
         0.171,         0.783,         0.428
         0.172,         0.783,         0.427
         0.172,         0.785,         0.427
         0.172,         0.785,         0.427
         0.172,         0.788,         0.426
         0.173,         0.788,         0.426
         0.173,         0.790,         0.425
         0.174,         0.790,         0.425
         0.174,         0.793,         0.424
         0.178,         0.793,         0.423
         0.178,         0.795,         0.423
         0.183,         0.795,         0.420
         0.183,         0.798,         0.419
         0.184,         0.798,         0.419
         0.184,         0.803,         0.418
         0.190,         0.803,         0.413
         0.190,         0.806,         0.413
         0.192,         0.806,         0.411
         0.193,         0.818,         0.411
         0.194,         0.818,         0.410
         0.194,         0.821,         0.410
         0.199,         0.821,         0.407
         0.199,         0.823,         0.406
         0.201,         0.823,         0.405
         0.201,         0.826,         0.405
         0.205,         0.826,         0.402
         0.205,         0.828,         0.402
         0.207,         0.828,         0.400
         0.207,         0.831,         0.400
         0.208,         0.831,         0.400
         0.208,         0.833,         0.400
         0.210,         0.833,         0.398
         0.210,         0.836,         0.398
         0.216,         0.836,         0.394
         0.216,         0.838,         0.394
         0.217,         0.838,         0.394
         0.217,         0.841,         0.394
         0.217,         0.841,         0.394
         0.217,         0.843,         0.394
         0.217,         0.843,         0.394
         0.217,         0.846,         0.394
         0.224,         0.846,         0.391
         0.224,         0.848,         0.391
         0.225,         0.848,         0.390
         0.225,         0.851,         0.390
         0.229,         0.851,         0.388
         0.229,         0.854,         0.388
         0.230,         0.854,         0.387
         0.230,         0.856,         0.387
         0.231,         0.856,         0.387
         0.231,         0.859,         0.387
         0.240,         0.859,         0.382
         0.240,         0.861,         0.382
         0.246,         0.861,         0.379
         0.246,         0.864,         0.379
         0.252,         0.864,         0.376
         0.252,         0.866,         0.376
         0.256,         0.866,         0.373
         0.256,         0.869,         0.373
         0.272,         0.869,         0.365
         0.272,         0.871,         0.365
         0.277,         0.871,         0.363
         0.277,         0.874,         0.363
         0.280,         0.874,         0.362
         0.280,         0.876,         0.362
         0.284,         0.876,         0.360
         0.284,         0.879,         0.360
         0.294,         0.879,         0.353
         0.295,         0.879,         0.353
         0.297,         0.879,         0.352
         0.297,         0.881,         0.352
         0.298,         0.881,         0.351
         0.298,         0.884,         0.351
         0.318,         0.884,         0.342
         0.318,         0.886,         0.342
         0.318,         0.886,         0.342
         0.318,         0.889,         0.342
         0.324,         0.889,         0.340
         0.324,         0.891,         0.340
         0.326,         0.891,         0.339
         0.326,         0.894,         0.339
         0.331,         0.894,         0.337
         0.331,         0.899,         0.337
         0.335,         0.899,         0.336
         0.335,         0.902,         0.335
         0.338,         0.902,         0.334
         0.338,         0.904,         0.334
         0.339,         0.904,         0.333
         0.339,         0.907,         0.333
         0.340,         0.907,         0.333
         0.340,         0.907,         0.333
         0.347,         0.907,         0.331
         0.347,         0.909,         0.331
         0.348,         0.909,         0.330
         0.363,         0.909,         0.326
         0.363,         0.912,         0.325
         0.366,         0.912,         0.324
         0.366,         0.914,         0.324
         0.367,         0.914,         0.324
         0.367,         0.917,         0.324
         0.371,         0.917,         0.322
         0.371,         0.919,         0.322
         0.375,         0.919,         0.321
         0.375,         0.922,         0.321
         0.379,         0.922,         0.320
         0.379,         0.924,         0.320
         0.382,         0.924,         0.319
         0.382,         0.927,         0.319
         0.382,         0.927,         0.319
         0.392,         0.927,         0.316
         0.392,         0.927,         0.316
         0.397,         0.927,         0.314
         0.397,         0.929,         0.314
         0.398,         0.929,         0.313
         0.399,         0.929,         0.313
         0.412,         0.929,         0.309
         0.412,         0.932,         0.309
         0.415,         0.932,         0.307
         0.415,         0.934,         0.307
         0.416,         0.934,         0.307
         0.416,         0.937,         0.307
         0.446,         0.937,         0.298
         0.446,         0.939,         0.297
         0.447,         0.939,         0.297
         0.447,         0.939,         0.297
         0.448,         0.939,         0.297
         0.449,         0.939,         0.297
         0.461,         0.939,         0.293
         0.461,         0.942,         0.293
         0.474,         0.942,         0.288
         0.474,         0.944,         0.288
         0.489,         0.944,         0.284
         0.489,         0.947,         0.284
         0.494,         0.947,         0.282
         0.494,         0.949,         0.282
         0.502,         0.949,         0.279
         0.502,         0.949,         0.279
         0.508,         0.949,         0.278
         0.508,         0.949,         0.278
         0.509,         0.949,         0.277
         0.509,         0.952,         0.277
         0.520,         0.952,         0.273
         0.520,         0.952,         0.273
         0.532,         0.952,         0.269
         0.532,         0.952,         0.269
         0.534,         0.952,         0.269
         0.535,         0.952,         0.269
         0.544,         0.952,         0.266
         0.546,         0.952,         0.266
         0.547,         0.952,         0.266
         0.547,         0.955,         0.266
         0.555,         0.955,         0.263
         0.555,         0.957,         0.263
         0.559,         0.957,         0.262
         0.559,         0.960,         0.262
         0.572,         0.960,         0.259
         0.572,         0.962,         0.259
         0.573,         0.962,         0.258
         0.573,         0.965,         0.258
         0.593,         0.965,         0.252
         0.593,         0.967,         0.252
         0.598,         0.967,         0.251
         0.598,         0.970,         0.251
         0.622,         0.970,         0.244
         0.622,         0.970,         0.244
         0.630,         0.970,         0.242
         0.630,         0.970,         0.242
         0.630,         0.970,         0.242
         0.630,         0.972,         0.242
         0.646,         0.972,         0.237
         0.646,         0.972,         0.236
         0.647,         0.972,         0.236
         0.648,         0.972,         0.236
         0.656,         0.972,         0.234
         0.656,         0.975,         0.234
         0.662,         0.975,         0.231
         0.662,         0.975,         0.231
         0.676,         0.975,         0.227
         0.676,         0.975,         0.227
         0.680,         0.975,         0.226
         0.681,         0.975,         0.226
         0.702,         0.975,         0.220
         0.720,         0.975,         0.220
         0.775,         0.975,         0.205
         0.775,         0.975,         0.205
         0.782,         0.975,         0.202
         0.782,         0.977,         0.202
         0.786,         0.977,         0.201
         0.786,         0.977,         0.201
         0.796,         0.977,         0.198
         0.796,         0.980,         0.198
         0.798,         0.980,         0.198
         0.798,         0.980,         0.198
         0.802,         0.980,         0.196
         0.803,         0.980,         0.196
         0.803,         0.980,         0.195
         0.804,         0.980,         0.195
         0.814,         0.980,         0.192
         0.814,         0.980,         0.192
         0.832,         0.980,         0.186
         0.832,         0.980,         0.186
         0.840,         0.980,         0.184
         0.840,         0.980,         0.184
         0.843,         0.980,         0.182
         0.843,         0.980,         0.182
         0.848,         0.980,         0.180
         0.848,         0.982,         0.180
         0.857,         0.982,         0.177
         0.857,         0.982,         0.177
         0.864,         0.982,         0.175
         0.865,         0.982,         0.175
         0.873,         0.982,         0.172
         0.873,         0.985,         0.172
         0.876,         0.985,         0.170
         0.877,         0.985,         0.170
         0.886,         0.985,         0.165
         0.886,         0.985,         0.165
         0.888,         0.985,         0.164
         0.888,         0.985,         0.164
         0.892,         0.985,         0.163
         0.892,         0.985,         0.163
         0.903,         0.985,         0.158
         0.903,         0.985,         0.158
         0.911,         0.985,         0.154
         0.911,         0.985,         0.154
         0.919,         0.985,         0.150
         0.920,         0.985,         0.150
         0.931,         0.985,         0.143
         0.933,         0.985,         0.142
         0.933,         0.985,         0.142
         0.933,         0.985,         0.142
         0.934,         0.985,         0.141
         0.934,         0.987,         0.141
         0.936,         0.987,         0.140
         0.936,         0.987,         0.140
         0.938,         0.987,         0.139
         0.938,         0.987,         0.139
         0.942,         0.987,         0.136
         0.942,         0.987,         0.136
         0.945,         0.987,         0.135
         0.945,         0.987,         0.135
         0.949,         0.987,         0.132
         0.950,         0.987,         0.132
         0.950,         0.990,         0.132
         0.954,         0.990,         0.130
         0.954,         0.990,         0.130
         0.955,         0.990,         0.128
         0.956,         0.990,         0.128
         0.959,         0.990,         0.128
         0.962,         0.990,         0.126
         0.962,         0.990,         0.126
         0.966,         0.990,         0.123
         0.966,         0.992,         0.123
         0.972,         0.992,         0.116
         0.973,         0.992,         0.115
         0.978,         0.992,         0.109
         0.978,         0.995,         0.109
         0.985,         0.995,         0.100
         0.985,         0.997,         0.100
         0.990,         0.997,         0.086
         0.991,         0.997,         0.086
         0.991,         1.000,         0.084
         1.000,         1.000,         0.005
