false_pos_rate,true_pos_rate,threshold
         0.000,         0.000,         1.889
         0.000,         0.003,         0.889
         0.000,         0.005,         0.837
         0.000,         0.005,         0.835
         0.000,         0.008,         0.827
         0.000,         0.008,         0.824
         0.000,         0.043,         0.797
         0.001,         0.043,         0.786
         0.001,         0.045,         0.784
         0.002,         0.045,         0.780
         0.002,         0.051,         0.778
         0.002,         0.051,         0.777
         0.002,         0.053,         0.774
         0.002,         0.053,         0.773
         0.002,         0.063,         0.768
         0.002,         0.063,         0.767
         0.002,         0.066,         0.766
         0.002,         0.066,         0.765
         0.002,         0.076,         0.759
         0.003,         0.076,         0.758
         0.003,         0.078,         0.756
         0.003,         0.078,         0.755
         0.004,         0.091,         0.755
         0.004,         0.098,         0.754
         0.005,         0.098,         0.751
         0.005,         0.119,         0.744
         0.005,         0.119,         0.741
         0.005,         0.141,         0.736
         0.006,         0.141,         0.735
         0.006,         0.154,         0.733
         0.006,         0.154,         0.733
         0.006,         0.162,         0.731
         0.006,         0.162,         0.729
         0.006,         0.167,         0.729
         0.007,         0.167,         0.728
         0.007,         0.169,         0.727
         0.007,         0.169,         0.726
         0.007,         0.174,         0.726
         0.007,         0.174,         0.725
         0.007,         0.177,         0.724
         0.007,         0.177,         0.724
         0.007,         0.179,         0.723
         0.008,         0.179,         0.723
         0.008,         0.187,         0.722
         0.008,         0.187,         0.722
         0.008,         0.194,         0.721
         0.008,         0.194,         0.721
         0.008,         0.197,         0.721
         0.008,         0.197,         0.720
         0.008,         0.199,         0.720
         0.008,         0.199,         0.719
         0.008,         0.202,         0.719
         0.009,         0.202,         0.719
         0.009,         0.205,         0.719
         0.009,         0.205,         0.719
         0.009,         0.207,         0.719
         0.009,         0.207,         0.717
         0.009,         0.215,         0.716
         0.009,         0.215,         0.715
         0.009,         0.217,         0.715
         0.010,         0.217,         0.715
         0.010,         0.220,         0.714
         0.011,         0.220,         0.712
         0.011,         0.222,         0.712
         0.011,         0.222,         0.712
         0.011,         0.225,         0.712
         0.011,         0.225,         0.711
         0.011,         0.235,         0.710
         0.011,         0.235,         0.710
         0.011,         0.242,         0.708
         0.011,         0.242,         0.708
         0.011,         0.245,         0.708
         0.012,         0.245,         0.708
         0.012,         0.247,         0.707
         0.012,         0.247,         0.706
         0.012,         0.253,         0.705
         0.012,         0.253,         0.704
         0.012,         0.255,         0.703
         0.013,         0.255,         0.702
         0.013,         0.260,         0.701
         0.013,         0.260,         0.701
         0.013,         0.263,         0.701
         0.013,         0.263,         0.700
         0.013,         0.268,         0.700
         0.014,         0.268,         0.700
         0.014,         0.270,         0.700
         0.014,         0.270,         0.699
         0.014,         0.273,         0.699
         0.015,         0.273,         0.699
         0.015,         0.278,         0.696
         0.015,         0.278,         0.694
         0.015,         0.280,         0.692
         0.016,         0.280,         0.692
         0.016,         0.288,         0.691
         0.016,         0.288,         0.690
         0.016,         0.295,         0.689
         0.017,         0.295,         0.689
         0.017,         0.298,         0.689
         0.017,         0.298,         0.688
         0.017,         0.306,         0.686
         0.018,         0.306,         0.685
         0.018,         0.311,         0.685
         0.018,         0.311,         0.684
         0.018,         0.313,         0.684
         0.018,         0.313,         0.684
         0.018,         0.321,         0.684
         0.019,         0.321,         0.683
         0.019,         0.328,         0.683
         0.020,         0.328,         0.681
         0.020,         0.333,         0.680
         0.021,         0.333,         0.679
         0.021,         0.336,         0.679
         0.021,         0.336,         0.678
         0.021,         0.343,         0.678
         0.021,         0.343,         0.676
         0.021,         0.348,         0.676
         0.022,         0.348,         0.674
         0.022,         0.354,         0.674
         0.022,         0.354,         0.674
         0.022,         0.356,         0.673
         0.023,         0.356,         0.672
         0.023,         0.359,         0.672
         0.023,         0.359,         0.671
         0.023,         0.361,         0.671
         0.023,         0.361,         0.671
         0.023,         0.369,         0.670
         0.024,         0.369,         0.670
         0.024,         0.371,         0.669
         0.025,         0.371,         0.668
         0.025,         0.374,         0.668
         0.025,         0.374,         0.667
         0.025,         0.384,         0.667
         0.026,         0.384,         0.666
         0.026,         0.386,         0.666
         0.026,         0.386,         0.665
         0.026,         0.391,         0.665
         0.026,         0.391,         0.663
         0.026,         0.394,         0.663
         0.027,         0.394,         0.663
         0.027,         0.396,         0.663
         0.027,         0.396,         0.661
         0.027,         0.399,         0.661
         0.028,         0.399,         0.661
         0.028,         0.402,         0.660
         0.028,         0.402,         0.660
         0.028,         0.404,         0.660
         0.029,         0.404,         0.659
         0.029,         0.407,         0.659
         0.029,         0.407,         0.659
         0.029,         0.409,         0.659
         0.030,         0.409,         0.659
         0.030,         0.412,         0.659
         0.030,         0.412,         0.658
         0.030,         0.417,         0.658
         0.031,         0.417,         0.658
         0.031,         0.422,         0.657
         0.031,         0.422,         0.655
         0.031,         0.424,         0.655
         0.032,         0.424,         0.655
         0.032,         0.429,         0.654
         0.033,         0.429,         0.654
         0.033,         0.432,         0.654
         0.033,         0.432,         0.654
         0.033,         0.437,         0.653
         0.034,         0.437,         0.652
         0.034,         0.439,         0.651
         0.036,         0.439,         0.649
         0.036,         0.442,         0.649
         0.037,         0.442,         0.649
         0.037,         0.444,         0.648
         0.037,         0.444,         0.648
         0.037,         0.447,         0.648
         0.038,         0.447,         0.647
         0.038,         0.449,         0.646
         0.039,         0.449,         0.646
         0.039,         0.455,         0.646
         0.039,         0.455,         0.645
         0.039,         0.457,         0.644
         0.040,         0.457,         0.644
         0.040,         0.460,         0.644
         0.040,         0.460,         0.642
         0.040,         0.462,         0.642
         0.041,         0.462,         0.642
         0.041,         0.465,         0.642
         0.041,         0.465,         0.642
         0.041,         0.470,         0.641
         0.044,         0.470,         0.638
         0.044,         0.472,         0.638
         0.044,         0.472,         0.638
         0.044,         0.475,         0.638
         0.044,         0.475,         0.637
         0.044,         0.477,         0.637
         0.045,         0.477,         0.636
         0.045,         0.480,         0.636
         0.046,         0.480,         0.636
         0.046,         0.482,         0.635
         0.047,         0.482,         0.634
         0.047,         0.485,         0.634
         0.047,         0.485,         0.634
         0.047,         0.492,         0.633
         0.048,         0.492,         0.631
         0.048,         0.500,         0.631
         0.049,         0.500,         0.630
         0.049,         0.503,         0.630
         0.049,         0.503,         0.629
         0.049,         0.505,         0.629
         0.050,         0.505,         0.629
         0.050,         0.508,         0.629
         0.051,         0.508,         0.628
         0.051,         0.510,         0.628
         0.051,         0.510,         0.628
         0.051,         0.513,         0.628
         0.052,         0.513,         0.627
         0.052,         0.515,         0.627
         0.052,         0.515,         0.627
         0.052,         0.518,         0.626
         0.053,         0.518,         0.626
         0.053,         0.520,         0.626
         0.054,         0.520,         0.624
         0.054,         0.528,         0.623
         0.055,         0.528,         0.623
         0.055,         0.530,         0.623
         0.055,         0.530,         0.623
         0.055,         0.535,         0.623
         0.055,         0.535,         0.623
         0.055,         0.538,         0.622
         0.056,         0.538,         0.622
         0.056,         0.543,         0.621
         0.058,         0.543,         0.619
         0.058,         0.545,         0.619
         0.059,         0.545,         0.618
         0.059,         0.548,         0.618
         0.060,         0.548,         0.617
         0.060,         0.553,         0.616
         0.062,         0.553,         0.615
         0.062,         0.556,         0.615
         0.063,         0.556,         0.615
         0.063,         0.566,         0.614
         0.064,         0.566,         0.613
         0.064,         0.568,         0.613
         0.067,         0.568,         0.609
         0.067,         0.576,         0.609
         0.068,         0.576,         0.608
         0.068,         0.578,         0.608
         0.068,         0.578,         0.608
         0.068,         0.581,         0.607
         0.069,         0.581,         0.607
         0.069,         0.583,         0.607
         0.070,         0.583,         0.606
         0.070,         0.586,         0.606
         0.070,         0.586,         0.606
         0.070,         0.591,         0.605
         0.071,         0.591,         0.605
         0.071,         0.593,         0.605
         0.071,         0.593,         0.605
         0.071,         0.598,         0.605
         0.072,         0.598,         0.604
         0.072,         0.601,         0.604
         0.072,         0.601,         0.604
         0.072,         0.604,         0.604
         0.073,         0.604,         0.603
         0.073,         0.611,         0.603
         0.074,         0.611,         0.602
         0.074,         0.616,         0.602
         0.074,         0.616,         0.602
         0.074,         0.619,         0.602
         0.076,         0.619,         0.600
         0.076,         0.621,         0.600
         0.078,         0.621,         0.599
         0.078,         0.624,         0.599
         0.078,         0.624,         0.599
         0.078,         0.626,         0.598
         0.079,         0.626,         0.597
         0.080,         0.626,         0.597
         0.080,         0.626,         0.597
         0.080,         0.629,         0.597
         0.080,         0.629,         0.597
         0.080,         0.631,         0.597
         0.081,         0.631,         0.596
         0.081,         0.634,         0.596
         0.081,         0.634,         0.596
         0.081,         0.636,         0.596
         0.081,         0.636,         0.596
         0.081,         0.639,         0.596
         0.082,         0.641,         0.596
         0.084,         0.641,         0.594
         0.084,         0.644,         0.594
         0.084,         0.644,         0.594
         0.084,         0.646,         0.594
         0.086,         0.646,         0.593
         0.086,         0.649,         0.593
         0.087,         0.649,         0.592
         0.087,         0.652,         0.592
         0.088,         0.652,         0.591
         0.088,         0.654,         0.591
         0.088,         0.654,         0.591
         0.088,         0.657,         0.591
         0.089,         0.657,         0.590
         0.089,         0.659,         0.590
         0.089,         0.659,         0.590
         0.089,         0.662,         0.590
         0.091,         0.662,         0.588
         0.091,         0.664,         0.588
         0.091,         0.664,         0.588
         0.091,         0.667,         0.588
         0.092,         0.667,         0.588
         0.092,         0.669,         0.587
         0.094,         0.669,         0.587
         0.094,         0.672,         0.586
         0.096,         0.672,         0.586
         0.096,         0.677,         0.585
         0.096,         0.677,         0.585
         0.096,         0.679,         0.585
         0.099,         0.679,         0.583
         0.099,         0.682,         0.582
         0.100,         0.682,         0.582
         0.100,         0.684,         0.582
         0.101,         0.684,         0.582
         0.101,         0.687,         0.581
         0.107,         0.687,         0.578
         0.107,         0.689,         0.578
         0.108,         0.689,         0.577
         0.108,         0.692,         0.577
         0.109,         0.692,         0.575
         0.110,         0.692,         0.575
         0.110,         0.692,         0.575
         0.110,         0.694,         0.575
         0.110,         0.694,         0.575
         0.110,         0.697,         0.574
         0.113,         0.697,         0.573
         0.113,         0.699,         0.572
         0.114,         0.699,         0.572
         0.114,         0.702,         0.572
         0.114,         0.702,         0.572
         0.115,         0.702,         0.572
         0.115,         0.705,         0.572
         0.117,         0.705,         0.570
         0.117,         0.707,         0.570
         0.119,         0.707,         0.569
         0.119,         0.710,         0.569
         0.121,         0.710,         0.568
         0.121,         0.712,         0.568
         0.121,         0.712,         0.567
         0.121,         0.715,         0.567
         0.121,         0.715,         0.567
         0.121,         0.717,         0.567
         0.126,         0.717,         0.564
         0.126,         0.720,         0.564
         0.126,         0.720,         0.564
         0.128,         0.720,         0.564
         0.128,         0.720,         0.564
         0.130,         0.720,         0.562
         0.130,         0.722,         0.562
         0.130,         0.722,         0.562
         0.130,         0.725,         0.562
         0.132,         0.725,         0.562
         0.132,         0.727,         0.561
         0.133,         0.727,         0.561
         0.133,         0.732,         0.561
         0.136,         0.732,         0.560
         0.136,         0.735,         0.560
         0.137,         0.735,         0.559
         0.137,         0.737,         0.559
         0.137,         0.737,         0.558
         0.137,         0.740,         0.558
         0.139,         0.740,         0.557
         0.139,         0.742,         0.556
         0.142,         0.742,         0.555
         0.142,         0.745,         0.555
         0.145,         0.745,         0.554
         0.145,         0.747,         0.554
         0.145,         0.747,         0.553
         0.145,         0.750,         0.553
         0.146,         0.750,         0.553
         0.146,         0.753,         0.553
         0.146,         0.753,         0.553
         0.146,         0.755,         0.553
         0.146,         0.755,         0.553
         0.147,         0.755,         0.553
         0.147,         0.755,         0.552
         0.147,         0.758,         0.552
         0.150,         0.758,         0.551
         0.150,         0.760,         0.551
         0.150,         0.760,         0.550
         0.150,         0.763,         0.550
         0.151,         0.763,         0.550
         0.151,         0.765,         0.550
         0.152,         0.765,         0.549
         0.152,         0.768,         0.549
         0.155,         0.768,         0.548
         0.156,         0.768,         0.548
         0.158,         0.768,         0.546
         0.158,         0.770,         0.546
         0.159,         0.770,         0.546
         0.159,         0.770,         0.546
         0.160,         0.770,         0.546
         0.160,         0.773,         0.546
         0.160,         0.773,         0.545
         0.160,         0.775,         0.545
         0.161,         0.775,         0.545
         0.161,         0.780,         0.544
         0.163,         0.780,         0.543
         0.163,         0.783,         0.543
         0.165,         0.783,         0.542
         0.166,         0.783,         0.542
         0.167,         0.783,         0.541
         0.167,         0.785,         0.540
         0.168,         0.785,         0.540
         0.168,         0.788,         0.540
         0.170,         0.788,         0.539
         0.170,         0.790,         0.539
         0.175,         0.790,         0.536
         0.175,         0.790,         0.536
         0.182,         0.790,         0.533
         0.182,         0.793,         0.532
         0.187,         0.793,         0.531
         0.187,         0.795,         0.531
         0.190,         0.795,         0.529
         0.190,         0.798,         0.529
         0.191,         0.798,         0.529
         0.191,         0.801,         0.529
         0.196,         0.801,         0.527
         0.196,         0.803,         0.527
         0.196,         0.803,         0.527
         0.196,         0.806,         0.526
         0.197,         0.806,         0.526
         0.197,         0.808,         0.526
         0.200,         0.808,         0.524
         0.200,         0.811,         0.524
         0.201,         0.811,         0.524
         0.201,         0.813,         0.524
         0.201,         0.813,         0.524
         0.202,         0.813,         0.524
         0.204,         0.813,         0.522
         0.204,         0.816,         0.522
         0.209,         0.816,         0.520
         0.210,         0.816,         0.520
         0.218,         0.816,         0.517
         0.218,         0.818,         0.517
         0.218,         0.818,         0.516
         0.218,         0.821,         0.516
         0.220,         0.821,         0.515
         0.220,         0.823,         0.515
         0.221,         0.823,         0.515
         0.221,         0.823,         0.515
         0.222,         0.823,         0.515
         0.222,         0.826,         0.515
         0.223,         0.826,         0.514
         0.223,         0.828,         0.514
         0.223,         0.828,         0.514
         0.223,         0.833,         0.514
         0.226,         0.833,         0.512
         0.226,         0.836,         0.512
         0.235,         0.836,         0.508
         0.235,         0.836,         0.508
         0.237,         0.836,         0.507
         0.237,         0.838,         0.507
         0.238,         0.838,         0.507
         0.238,         0.841,         0.507
         0.242,         0.841,         0.505
         0.242,         0.843,         0.505
         0.242,         0.843,         0.505
         0.242,         0.846,         0.504
         0.244,         0.846,         0.504
         0.244,         0.848,         0.504
         0.246,         0.848,         0.503
         0.247,         0.848,         0.503
         0.248,         0.848,         0.502
         0.248,         0.851,         0.502
         0.254,         0.851,         0.500
         0.254,         0.854,         0.500
         0.257,         0.854,         0.499
         0.257,         0.856,         0.499
         0.270,         0.856,         0.494
         0.270,         0.859,         0.494
         0.271,         0.859,         0.493
         0.272,         0.859,         0.493
         0.273,         0.859,         0.493
         0.273,         0.861,         0.493
         0.280,         0.861,         0.490
         0.280,         0.861,         0.490
         0.282,         0.861,         0.489
         0.283,         0.861,         0.489
         0.285,         0.861,         0.488
         0.285,         0.864,         0.488
         0.291,         0.864,         0.486
         0.291,         0.864,         0.486
         0.295,         0.864,         0.485
         0.295,         0.866,         0.485
         0.295,         0.866,         0.485
         0.295,         0.866,         0.485
         0.297,         0.866,         0.484
         0.297,         0.869,         0.484
         0.299,         0.869,         0.483
         0.299,         0.871,         0.483
         0.306,         0.871,         0.480
         0.307,         0.871,         0.480
         0.313,         0.871,         0.478
         0.313,         0.871,         0.478
         0.320,         0.871,         0.475
         0.321,         0.871,         0.475
         0.323,         0.871,         0.474
         0.323,         0.874,         0.474
         0.324,         0.874,         0.473
         0.325,         0.874,         0.473
         0.326,         0.874,         0.473
         0.326,         0.876,         0.473
         0.327,         0.876,         0.472
         0.327,         0.879,         0.472
         0.331,         0.879,         0.470
         0.331,         0.881,         0.470
         0.337,         0.881,         0.468
         0.337,         0.881,         0.468
         0.339,         0.881,         0.467
         0.339,         0.881,         0.467
         0.340,         0.881,         0.467
         0.340,         0.884,         0.467
         0.345,         0.884,         0.466
         0.345,         0.884,         0.466
         0.346,         0.884,         0.465
         0.346,         0.884,         0.465
         0.355,         0.884,         0.462
         0.355,         0.886,         0.462
         0.357,         0.886,         0.462
         0.358,         0.886,         0.462
         0.365,         0.886,         0.460
         0.365,         0.889,         0.460
         0.367,         0.889,         0.459
         0.367,         0.891,         0.459
         0.372,         0.891,         0.458
         0.372,         0.896,         0.457
         0.372,         0.896,         0.457
         0.372,         0.896,         0.457
         0.377,         0.896,         0.455
         0.377,         0.899,         0.455
         0.379,         0.899,         0.454
         0.379,         0.899,         0.454
         0.383,         0.899,         0.453
         0.383,         0.902,         0.453
         0.386,         0.902,         0.452
         0.386,         0.904,         0.452
         0.389,         0.904,         0.450
         0.389,         0.907,         0.450
         0.391,         0.907,         0.449
         0.391,         0.907,         0.449
         0.400,         0.907,         0.446
         0.400,         0.909,         0.446
         0.404,         0.909,         0.445
         0.404,         0.912,         0.445
         0.406,         0.912,         0.444
         0.406,         0.914,         0.444
         0.410,         0.914,         0.442
         0.410,         0.917,         0.442
         0.419,         0.917,         0.439
         0.419,         0.917,         0.439
         0.421,         0.917,         0.438
         0.421,         0.919,         0.438
         0.431,         0.919,         0.436
         0.431,         0.919,         0.436
         0.431,         0.922,         0.436
         0.438,         0.922,         0.433
         0.438,         0.924,         0.433
         0.439,         0.924,         0.433
         0.439,         0.927,         0.433
         0.445,         0.927,         0.431
         0.445,         0.927,         0.431
         0.449,         0.927,         0.429
         0.449,         0.929,         0.429
         0.459,         0.929,         0.425
         0.459,         0.932,         0.425
         0.468,         0.932,         0.422
         0.468,         0.934,         0.422
         0.482,         0.934,         0.417
         0.482,         0.934,         0.417
         0.488,         0.934,         0.415
         0.488,         0.937,         0.415
         0.488,         0.937,         0.415
         0.488,         0.939,         0.414
         0.495,         0.939,         0.413
         0.495,         0.942,         0.413
         0.496,         0.942,         0.412
         0.498,         0.942,         0.412
         0.498,         0.942,         0.412
         0.498,         0.944,         0.412
         0.507,         0.944,         0.409
         0.507,         0.947,         0.409
         0.510,         0.947,         0.408
         0.510,         0.949,         0.408
         0.513,         0.949,         0.406
         0.513,         0.952,         0.406
         0.514,         0.952,         0.406
         0.514,         0.955,         0.406
         0.516,         0.955,         0.405
         0.519,         0.955,         0.405
         0.532,         0.955,         0.401
         0.532,         0.960,         0.400
         0.541,         0.960,         0.397
         0.541,         0.962,         0.397
         0.542,         0.962,         0.397
         0.542,         0.965,         0.396
         0.559,         0.965,         0.390
         0.559,         0.967,         0.390
         0.559,         0.967,         0.390
         0.559,         0.970,         0.390
         0.561,         0.970,         0.389
         0.561,         0.972,         0.389
         0.579,         0.972,         0.384
         0.579,         0.975,         0.383
         0.616,         0.975,         0.370
         0.616,         0.977,         0.370
         0.619,         0.977,         0.368
         0.620,         0.977,         0.368
         0.638,         0.977,         0.360
         0.638,         0.977,         0.360
         0.651,         0.977,         0.356
         0.651,         0.980,         0.356
         0.663,         0.980,         0.352
         0.663,         0.982,         0.352
         0.665,         0.982,         0.351
         0.665,         0.982,         0.351
         0.682,         0.982,         0.345
         0.683,         0.982,         0.345
         0.691,         0.982,         0.342
         0.691,         0.982,         0.342
         0.696,         0.982,         0.339
         0.696,         0.985,         0.339
         0.713,         0.985,         0.333
         0.713,         0.985,         0.333
         0.723,         0.985,         0.328
         0.723,         0.987,         0.328
         0.725,         0.987,         0.328
         0.743,         0.987,         0.327
         0.746,         0.987,         0.326
         0.747,         0.987,         0.326
         0.748,         0.987,         0.326
         0.748,         0.990,         0.325
         0.749,         0.990,         0.324
         0.749,         0.992,         0.324
         0.750,         0.992,         0.324
         0.750,         0.992,         0.324
         0.777,         0.992,         0.312
         0.778,         0.992,         0.312
         0.808,         0.992,         0.296
         0.809,         0.992,         0.296
         0.858,         0.992,         0.272
         0.858,         0.995,         0.272
         0.899,         0.995,         0.249
         0.899,         0.995,         0.249
         0.907,         0.995,         0.243
         0.908,         0.995,         0.243
         0.909,         0.995,         0.242
         0.910,         0.995,         0.242
         0.914,         0.995,         0.239
         0.914,         0.997,         0.239
         0.974,         0.997,         0.183
         0.974,         1.000,         0.182
         1.000,         1.000,         0.060
