false_pos_rate,true_pos_rate,threshold
         0.000,         0.000,         1.463
         0.000,         0.003,         0.463
         0.000,         0.099,         0.336
         0.000,         0.099,         0.335
         0.000,         0.105,         0.331
         0.000,         0.105,         0.320
         0.000,         0.112,         0.309
         0.001,         0.112,         0.308
         0.001,         0.118,         0.302
         0.002,         0.118,         0.293
         0.002,         0.128,         0.285
         0.002,         0.128,         0.277
         0.002,         0.131,         0.277
         0.003,         0.131,         0.274
         0.003,         0.137,         0.272
         0.003,         0.137,         0.272
         0.003,         0.144,         0.270
         0.003,         0.144,         0.267
         0.003,         0.153,         0.264
         0.004,         0.153,         0.263
         0.004,         0.153,         0.261
         0.004,         0.163,         0.260
         0.005,         0.163,         0.253
         0.005,         0.176,         0.249
         0.005,         0.176,         0.249
         0.005,         0.182,         0.248
         0.006,         0.182,         0.248
         0.006,         0.185,         0.247
         0.006,         0.185,         0.247
         0.007,         0.185,         0.246
         0.007,         0.192,         0.243
         0.007,         0.192,         0.242
         0.008,         0.192,         0.242
         0.008,         0.195,         0.242
         0.008,         0.198,         0.239
         0.008,         0.198,         0.238
         0.008,         0.201,         0.237
         0.008,         0.201,         0.237
         0.008,         0.204,         0.237
         0.009,         0.204,         0.237
         0.009,         0.204,         0.236
         0.011,         0.204,         0.235
         0.011,         0.208,         0.235
         0.011,         0.211,         0.234
         0.011,         0.211,         0.233
         0.011,         0.214,         0.232
         0.011,         0.214,         0.231
         0.012,         0.214,         0.231
         0.012,         0.214,         0.230
         0.013,         0.217,         0.230
         0.014,         0.217,         0.226
         0.014,         0.224,         0.226
         0.015,         0.224,         0.222
         0.015,         0.224,         0.222
         0.016,         0.224,         0.221
         0.016,         0.224,         0.220
         0.017,         0.224,         0.218
         0.017,         0.227,         0.218
         0.018,         0.230,         0.218
         0.018,         0.233,         0.218
         0.018,         0.240,         0.216
         0.018,         0.240,         0.216
         0.018,         0.249,         0.214
         0.018,         0.249,         0.213
         0.019,         0.252,         0.212
         0.020,         0.252,         0.209
         0.021,         0.252,         0.209
         0.021,         0.256,         0.209
         0.021,         0.256,         0.208
         0.021,         0.259,         0.208
         0.022,         0.259,         0.206
         0.022,         0.262,         0.206
         0.023,         0.262,         0.206
         0.023,         0.262,         0.205
         0.023,         0.265,         0.205
         0.024,         0.265,         0.205
         0.025,         0.268,         0.205
         0.025,         0.272,         0.204
         0.025,         0.272,         0.204
         0.026,         0.272,         0.203
         0.026,         0.272,         0.203
         0.026,         0.278,         0.202
         0.026,         0.278,         0.202
         0.026,         0.281,         0.201
         0.027,         0.281,         0.201
         0.027,         0.284,         0.201
         0.027,         0.284,         0.200
         0.027,         0.288,         0.200
         0.028,         0.288,         0.198
         0.028,         0.291,         0.197
         0.028,         0.291,         0.196
         0.028,         0.291,         0.196
         0.029,         0.291,         0.194
         0.030,         0.291,         0.194
         0.030,         0.291,         0.194
         0.030,         0.294,         0.193
         0.030,         0.294,         0.193
         0.030,         0.297,         0.192
         0.031,         0.297,         0.191
         0.032,         0.297,         0.190
         0.032,         0.300,         0.189
         0.032,         0.304,         0.189
         0.032,         0.307,         0.189
         0.033,         0.307,         0.189
         0.033,         0.310,         0.189
         0.033,         0.310,         0.188
         0.034,         0.313,         0.187
         0.034,         0.313,         0.187
         0.034,         0.316,         0.187
         0.034,         0.316,         0.187
         0.035,         0.316,         0.186
         0.035,         0.316,         0.186
         0.036,         0.316,         0.185
         0.037,         0.316,         0.185
         0.037,         0.316,         0.185
         0.037,         0.319,         0.185
         0.037,         0.323,         0.184
         0.038,         0.323,         0.184
         0.038,         0.326,         0.184
         0.038,         0.326,         0.183
         0.038,         0.329,         0.183
         0.039,         0.329,         0.182
         0.039,         0.332,         0.182
         0.039,         0.332,         0.181
         0.039,         0.335,         0.181
         0.040,         0.335,         0.181
         0.040,         0.339,         0.180
         0.040,         0.345,         0.180
         0.041,         0.345,         0.179
         0.042,         0.345,         0.179
         0.043,         0.345,         0.179
         0.043,         0.345,         0.179
         0.044,         0.345,         0.177
         0.044,         0.345,         0.177
         0.045,         0.345,         0.177
         0.045,         0.345,         0.177
         0.045,         0.345,         0.176
         0.046,         0.345,         0.176
         0.047,         0.345,         0.176
         0.047,         0.345,         0.175
         0.047,         0.348,         0.175
         0.047,         0.348,         0.174
         0.052,         0.348,         0.174
         0.052,         0.351,         0.174
         0.053,         0.351,         0.174
         0.053,         0.351,         0.174
         0.053,         0.355,         0.173
         0.054,         0.355,         0.173
         0.054,         0.355,         0.173
         0.054,         0.355,         0.173
         0.055,         0.355,         0.172
         0.055,         0.355,         0.172
         0.056,         0.358,         0.172
         0.056,         0.358,         0.171
         0.057,         0.358,         0.171
         0.058,         0.361,         0.171
         0.058,         0.361,         0.170
         0.058,         0.361,         0.170
         0.059,         0.361,         0.170
         0.059,         0.364,         0.170
         0.060,         0.364,         0.169
         0.061,         0.367,         0.169
         0.061,         0.367,         0.169
         0.061,         0.367,         0.168
         0.061,         0.371,         0.168
         0.062,         0.371,         0.168
         0.063,         0.371,         0.167
         0.063,         0.371,         0.167
         0.064,         0.371,         0.166
         0.065,         0.374,         0.166
         0.065,         0.374,         0.166
         0.067,         0.374,         0.166
         0.067,         0.377,         0.165
         0.067,         0.380,         0.165
         0.067,         0.380,         0.165
         0.067,         0.383,         0.164
         0.068,         0.383,         0.164
         0.068,         0.383,         0.164
         0.069,         0.383,         0.164
         0.070,         0.383,         0.163
         0.070,         0.383,         0.163
         0.071,         0.383,         0.162
         0.071,         0.387,         0.161
         0.071,         0.390,         0.161
         0.072,         0.390,         0.161
         0.073,         0.393,         0.160
         0.073,         0.393,         0.160
         0.073,         0.396,         0.160
         0.074,         0.396,         0.160
         0.074,         0.396,         0.160
         0.075,         0.396,         0.159
         0.075,         0.399,         0.159
         0.075,         0.399,         0.159
         0.077,         0.399,         0.158
         0.077,         0.399,         0.157
         0.078,         0.399,         0.157
         0.078,         0.406,         0.157
         0.079,         0.406,         0.157
         0.080,         0.406,         0.156
         0.080,         0.409,         0.156
         0.080,         0.412,         0.155
         0.081,         0.419,         0.155
         0.082,         0.422,         0.155
         0.082,         0.422,         0.154
         0.083,         0.425,         0.154
         0.083,         0.425,         0.154
         0.084,         0.425,         0.153
         0.084,         0.425,         0.153
         0.085,         0.428,         0.153
         0.086,         0.428,         0.152
         0.086,         0.428,         0.151
         0.089,         0.428,         0.151
         0.090,         0.431,         0.151
         0.090,         0.431,         0.150
         0.091,         0.431,         0.150
         0.092,         0.431,         0.150
         0.092,         0.435,         0.149
         0.093,         0.435,         0.148
         0.094,         0.435,         0.148
         0.095,         0.435,         0.148
         0.096,         0.435,         0.148
         0.096,         0.435,         0.148
         0.097,         0.435,         0.148
         0.097,         0.438,         0.147
         0.097,         0.438,         0.147
         0.097,         0.438,         0.147
         0.099,         0.438,         0.146
         0.099,         0.438,         0.146
         0.100,         0.438,         0.146
         0.101,         0.438,         0.146
         0.101,         0.444,         0.145
         0.102,         0.450,         0.145
         0.102,         0.454,         0.145
         0.102,         0.454,         0.144
         0.103,         0.457,         0.144
         0.104,         0.460,         0.144
         0.106,         0.460,         0.143
         0.106,         0.460,         0.143
         0.107,         0.460,         0.143
         0.107,         0.463,         0.143
         0.107,         0.463,         0.142
         0.108,         0.463,         0.142
         0.109,         0.463,         0.142
         0.109,         0.463,         0.142
         0.110,         0.470,         0.142
         0.110,         0.470,         0.142
         0.110,         0.473,         0.141
         0.111,         0.476,         0.141
         0.112,         0.476,         0.141
         0.113,         0.476,         0.140
         0.113,         0.476,         0.140
         0.115,         0.479,         0.139
         0.116,         0.479,         0.139
         0.117,         0.479,         0.139
         0.118,         0.479,         0.139
         0.118,         0.479,         0.138
         0.119,         0.479,         0.138
         0.119,         0.479,         0.138
         0.120,         0.479,         0.138
         0.121,         0.479,         0.137
         0.121,         0.482,         0.137
         0.122,         0.482,         0.137
         0.122,         0.482,         0.137
         0.123,         0.482,         0.136
         0.125,         0.482,         0.136
         0.125,         0.482,         0.136
         0.125,         0.482,         0.135
         0.126,         0.489,         0.135
         0.126,         0.489,         0.135
         0.127,         0.489,         0.134
         0.128,         0.489,         0.134
         0.129,         0.492,         0.133
         0.129,         0.492,         0.133
         0.130,         0.492,         0.133
         0.132,         0.492,         0.133
         0.132,         0.495,         0.133
         0.133,         0.495,         0.133
         0.133,         0.495,         0.132
         0.133,         0.495,         0.132
         0.134,         0.495,         0.132
         0.135,         0.495,         0.131
         0.136,         0.495,         0.131
         0.138,         0.495,         0.131
         0.139,         0.495,         0.131
         0.139,         0.495,         0.130
         0.139,         0.495,         0.130
         0.139,         0.495,         0.130
         0.141,         0.502,         0.129
         0.141,         0.502,         0.129
         0.142,         0.502,         0.129
         0.144,         0.505,         0.129
         0.144,         0.505,         0.128
         0.146,         0.508,         0.128
         0.146,         0.511,         0.128
         0.147,         0.511,         0.128
         0.148,         0.518,         0.127
         0.148,         0.518,         0.127
         0.149,         0.527,         0.127
         0.151,         0.527,         0.126
         0.152,         0.527,         0.126
         0.152,         0.530,         0.126
         0.152,         0.530,         0.126
         0.153,         0.530,         0.126
         0.153,         0.530,         0.126
         0.153,         0.530,         0.125
         0.154,         0.530,         0.125
         0.154,         0.534,         0.125
         0.154,         0.534,         0.125
         0.155,         0.534,         0.125
         0.155,         0.537,         0.124
         0.155,         0.537,         0.124
         0.156,         0.537,         0.123
         0.156,         0.537,         0.123
         0.157,         0.537,         0.123
         0.158,         0.537,         0.123
         0.158,         0.543,         0.123
         0.158,         0.546,         0.122
         0.159,         0.546,         0.122
         0.160,         0.550,         0.122
         0.160,         0.550,         0.122
         0.161,         0.553,         0.121
         0.162,         0.553,         0.121
         0.162,         0.553,         0.121
         0.163,         0.553,         0.120
         0.163,         0.553,         0.120
         0.164,         0.553,         0.120
         0.165,         0.553,         0.119
         0.166,         0.556,         0.119
         0.166,         0.559,         0.119
         0.167,         0.559,         0.119
         0.167,         0.559,         0.118
         0.168,         0.562,         0.118
         0.170,         0.562,         0.117
         0.170,         0.562,         0.117
         0.171,         0.562,         0.117
         0.172,         0.562,         0.117
         0.173,         0.562,         0.117
         0.173,         0.569,         0.116
         0.174,         0.569,         0.116
         0.174,         0.572,         0.116
         0.175,         0.572,         0.116
         0.177,         0.575,         0.115
         0.177,         0.575,         0.115
         0.177,         0.575,         0.115
         0.178,         0.575,         0.114
         0.178,         0.575,         0.114
         0.179,         0.575,         0.114
         0.182,         0.575,         0.113
         0.183,         0.575,         0.113
         0.183,         0.575,         0.113
         0.184,         0.575,         0.112
         0.184,         0.578,         0.112
         0.185,         0.578,         0.112
         0.185,         0.578,         0.111
         0.187,         0.578,         0.111
         0.188,         0.578,         0.111
         0.188,         0.578,         0.110
         0.189,         0.578,         0.110
         0.190,         0.581,         0.110
         0.191,         0.581,         0.109
         0.191,         0.581,         0.109
         0.191,         0.581,         0.109
         0.192,         0.581,         0.109
         0.192,         0.581,         0.109
         0.193,         0.581,         0.108
         0.194,         0.585,         0.108
         0.195,         0.585,         0.107
         0.195,         0.585,         0.107
         0.196,         0.585,         0.106
         0.196,         0.585,         0.106
         0.196,         0.588,         0.105
         0.197,         0.588,         0.105
         0.197,         0.588,         0.105
         0.199,         0.588,         0.105
         0.200,         0.588,         0.105
         0.201,         0.588,         0.103
         0.202,         0.591,         0.103
         0.202,         0.591,         0.103
         0.203,         0.591,         0.103
         0.203,         0.591,         0.102
         0.203,         0.591,         0.102
         0.203,         0.594,         0.102
         0.204,         0.594,         0.101
         0.205,         0.594,         0.101
         0.206,         0.594,         0.101
         0.207,         0.594,         0.100
         0.209,         0.594,         0.100
         0.209,         0.594,         0.100
         0.209,         0.594,         0.100
         0.211,         0.594,         0.099
         0.211,         0.597,         0.099
         0.211,         0.597,         0.099
         0.211,         0.597,         0.099
         0.212,         0.597,         0.099
         0.212,         0.601,         0.099
         0.213,         0.601,         0.098
         0.214,         0.604,         0.098
         0.215,         0.604,         0.098
         0.216,         0.604,         0.097
         0.216,         0.604,         0.097
         0.217,         0.607,         0.097
         0.217,         0.607,         0.096
         0.218,         0.610,         0.096
         0.223,         0.613,         0.096
         0.224,         0.613,         0.096
         0.226,         0.613,         0.096
         0.226,         0.613,         0.096
         0.226,         0.613,         0.095
         0.226,         0.617,         0.095
         0.227,         0.620,         0.094
         0.227,         0.623,         0.094
         0.228,         0.626,         0.094
         0.229,         0.629,         0.094
         0.229,         0.629,         0.094
         0.229,         0.629,         0.093
         0.230,         0.629,         0.093
         0.230,         0.629,         0.093
         0.230,         0.633,         0.093
         0.231,         0.633,         0.092
         0.231,         0.633,         0.092
         0.232,         0.633,         0.092
         0.234,         0.633,         0.092
         0.234,         0.636,         0.091
         0.234,         0.636,         0.091
         0.235,         0.639,         0.091
         0.236,         0.639,         0.091
         0.237,         0.639,         0.091
         0.237,         0.639,         0.090
         0.239,         0.639,         0.090
         0.239,         0.639,         0.090
         0.241,         0.639,         0.089
         0.242,         0.639,         0.089
         0.242,         0.639,         0.089
         0.243,         0.639,         0.089
         0.244,         0.639,         0.088
         0.245,         0.642,         0.088
         0.245,         0.642,         0.088
         0.246,         0.642,         0.088
         0.246,         0.642,         0.087
         0.246,         0.645,         0.087
         0.247,         0.645,         0.087
         0.248,         0.645,         0.087
         0.250,         0.645,         0.086
         0.251,         0.649,         0.086
         0.251,         0.649,         0.086
         0.254,         0.649,         0.086
         0.254,         0.652,         0.085
         0.256,         0.655,         0.085
         0.256,         0.655,         0.085
         0.257,         0.655,         0.084
         0.258,         0.658,         0.084
         0.258,         0.658,         0.084
         0.260,         0.665,         0.084
         0.261,         0.665,         0.084
         0.264,         0.665,         0.083
         0.265,         0.665,         0.083
         0.266,         0.668,         0.083
         0.267,         0.674,         0.082
         0.268,         0.674,         0.082
         0.269,         0.674,         0.082
         0.269,         0.674,         0.081
         0.269,         0.674,         0.081
         0.269,         0.674,         0.081
         0.269,         0.677,         0.081
         0.271,         0.677,         0.081
         0.273,         0.677,         0.081
         0.274,         0.684,         0.080
         0.274,         0.687,         0.080
         0.276,         0.690,         0.080
         0.276,         0.693,         0.079
         0.276,         0.696,         0.079
         0.279,         0.700,         0.078
         0.279,         0.700,         0.078
         0.281,         0.700,         0.078
         0.282,         0.700,         0.078
         0.282,         0.700,         0.077
         0.284,         0.700,         0.077
         0.285,         0.700,         0.077
         0.286,         0.700,         0.077
         0.289,         0.703,         0.076
         0.289,         0.706,         0.076
         0.290,         0.706,         0.076
         0.290,         0.709,         0.076
         0.290,         0.709,         0.076
         0.290,         0.709,         0.076
         0.292,         0.709,         0.075
         0.292,         0.709,         0.075
         0.293,         0.712,         0.075
         0.293,         0.712,         0.074
         0.296,         0.712,         0.074
         0.296,         0.712,         0.074
         0.298,         0.712,         0.074
         0.301,         0.712,         0.073
         0.302,         0.712,         0.073
         0.303,         0.719,         0.072
         0.303,         0.728,         0.072
         0.304,         0.728,         0.072
         0.306,         0.728,         0.072
         0.306,         0.728,         0.072
         0.306,         0.728,         0.071
         0.308,         0.732,         0.071
         0.312,         0.732,         0.071
         0.312,         0.732,         0.071
         0.315,         0.732,         0.070
         0.316,         0.732,         0.070
         0.318,         0.738,         0.070
         0.319,         0.738,         0.069
         0.319,         0.738,         0.069
         0.320,         0.738,         0.069
         0.320,         0.738,         0.069
         0.321,         0.738,         0.068
         0.323,         0.738,         0.068
         0.325,         0.741,         0.068
         0.326,         0.741,         0.068
         0.328,         0.741,         0.068
         0.329,         0.741,         0.068
         0.329,         0.741,         0.066
         0.330,         0.744,         0.066
         0.331,         0.744,         0.066
         0.333,         0.748,         0.066
         0.333,         0.748,         0.066
         0.335,         0.748,         0.065
         0.338,         0.757,         0.065
         0.338,         0.757,         0.065
         0.340,         0.757,         0.065
         0.342,         0.757,         0.064
         0.343,         0.760,         0.064
         0.343,         0.760,         0.064
         0.343,         0.760,         0.064
         0.343,         0.760,         0.064
         0.345,         0.760,         0.063
         0.346,         0.764,         0.063
         0.348,         0.767,         0.063
         0.348,         0.770,         0.063
         0.348,         0.770,         0.063
         0.349,         0.770,         0.062
         0.350,         0.770,         0.062
         0.351,         0.770,         0.062
         0.357,         0.770,         0.061
         0.357,         0.770,         0.061
         0.357,         0.770,         0.061
         0.359,         0.770,         0.060
         0.359,         0.773,         0.060
         0.360,         0.773,         0.060
         0.361,         0.773,         0.060
         0.362,         0.776,         0.060
         0.362,         0.776,         0.060
         0.363,         0.776,         0.059
         0.366,         0.780,         0.059
         0.367,         0.780,         0.059
         0.369,         0.780,         0.059
         0.370,         0.783,         0.058
         0.370,         0.783,         0.058
         0.373,         0.783,         0.058
         0.373,         0.786,         0.058
         0.374,         0.786,         0.057
         0.375,         0.786,         0.057
         0.377,         0.786,         0.057
         0.379,         0.786,         0.057
         0.379,         0.786,         0.057
         0.380,         0.786,         0.056
         0.381,         0.786,         0.056
         0.383,         0.786,         0.055
         0.386,         0.789,         0.055
         0.386,         0.789,         0.055
         0.387,         0.789,         0.055
         0.387,         0.796,         0.055
         0.387,         0.796,         0.055
         0.389,         0.799,         0.055
         0.392,         0.799,         0.054
         0.394,         0.799,         0.054
         0.394,         0.799,         0.054
         0.394,         0.799,         0.054
         0.396,         0.799,         0.053
         0.399,         0.799,         0.053
         0.400,         0.799,         0.053
         0.403,         0.802,         0.053
         0.403,         0.802,         0.053
         0.406,         0.805,         0.052
         0.406,         0.805,         0.052
         0.409,         0.812,         0.052
         0.409,         0.812,         0.052
         0.409,         0.812,         0.051
         0.410,         0.812,         0.051
         0.410,         0.812,         0.051
         0.411,         0.812,         0.051
         0.411,         0.812,         0.051
         0.413,         0.812,         0.051
         0.416,         0.812,         0.050
         0.420,         0.815,         0.050
         0.420,         0.815,         0.050
         0.420,         0.815,         0.050
         0.422,         0.818,         0.049
         0.422,         0.818,         0.049
         0.425,         0.818,         0.049
         0.428,         0.824,         0.049
         0.429,         0.824,         0.049
         0.430,         0.824,         0.048
         0.435,         0.824,         0.048
         0.438,         0.824,         0.048
         0.439,         0.824,         0.048
         0.440,         0.824,         0.047
         0.442,         0.824,         0.047
         0.442,         0.824,         0.046
         0.444,         0.827,         0.046
         0.451,         0.831,         0.046
         0.451,         0.831,         0.046
         0.455,         0.834,         0.046
         0.455,         0.837,         0.045
         0.459,         0.847,         0.045
         0.459,         0.847,         0.045
         0.461,         0.850,         0.045
         0.461,         0.850,         0.045
         0.461,         0.850,         0.045
         0.462,         0.850,         0.044
         0.463,         0.850,         0.044
         0.463,         0.850,         0.044
         0.467,         0.850,         0.044
         0.470,         0.850,         0.043
         0.472,         0.850,         0.043
         0.474,         0.850,         0.043
         0.477,         0.853,         0.043
         0.478,         0.856,         0.043
         0.478,         0.859,         0.042
         0.483,         0.859,         0.041
         0.483,         0.859,         0.041
         0.484,         0.863,         0.041
         0.484,         0.863,         0.041
         0.487,         0.863,         0.041
         0.487,         0.863,         0.041
         0.487,         0.863,         0.041
         0.492,         0.863,         0.040
         0.496,         0.866,         0.040
         0.496,         0.869,         0.040
         0.496,         0.869,         0.040
         0.497,         0.875,         0.040
         0.497,         0.875,         0.039
         0.517,         0.875,         0.039
         0.520,         0.875,         0.039
         0.524,         0.875,         0.039
         0.524,         0.879,         0.039
         0.525,         0.879,         0.038
         0.525,         0.879,         0.038
         0.529,         0.879,         0.038
         0.530,         0.879,         0.037
         0.532,         0.882,         0.037
         0.532,         0.882,         0.037
         0.537,         0.885,         0.037
         0.539,         0.885,         0.037
         0.544,         0.885,         0.037
         0.544,         0.885,         0.037
         0.545,         0.885,         0.036
         0.546,         0.885,         0.036
         0.546,         0.888,         0.036
         0.552,         0.888,         0.035
         0.555,         0.888,         0.035
         0.561,         0.895,         0.035
         0.562,         0.895,         0.035
         0.569,         0.898,         0.034
         0.572,         0.898,         0.034
         0.572,         0.898,         0.034
         0.574,         0.904,         0.033
         0.575,         0.907,         0.033
         0.581,         0.907,         0.033
         0.586,         0.907,         0.033
         0.586,         0.907,         0.032
         0.588,         0.911,         0.032
         0.589,         0.911,         0.032
         0.589,         0.911,         0.031
         0.592,         0.911,         0.031
         0.604,         0.911,         0.031
         0.614,         0.914,         0.031
         0.614,         0.920,         0.030
         0.615,         0.920,         0.030
         0.622,         0.920,         0.030
         0.623,         0.920,         0.030
         0.623,         0.920,         0.029
         0.626,         0.920,         0.029
         0.627,         0.920,         0.028
         0.631,         0.920,         0.028
         0.632,         0.920,         0.028
         0.636,         0.927,         0.028
         0.642,         0.927,         0.028
         0.642,         0.927,         0.028
         0.642,         0.930,         0.028
         0.642,         0.930,         0.028
         0.646,         0.933,         0.027
         0.647,         0.936,         0.027
         0.648,         0.936,         0.026
         0.648,         0.936,         0.026
         0.648,         0.936,         0.026
         0.661,         0.936,         0.026
         0.661,         0.936,         0.025
         0.663,         0.939,         0.025
         0.668,         0.939,         0.025
         0.668,         0.939,         0.025
         0.677,         0.939,         0.025
         0.681,         0.939,         0.024
         0.683,         0.939,         0.023
         0.683,         0.939,         0.023
         0.683,         0.939,         0.023
         0.688,         0.939,         0.023
         0.696,         0.939,         0.022
         0.703,         0.939,         0.022
         0.705,         0.939,         0.021
         0.705,         0.939,         0.021
         0.706,         0.942,         0.021
         0.706,         0.942,         0.021
         0.710,         0.942,         0.020
         0.711,         0.942,         0.020
         0.713,         0.946,         0.020
         0.714,         0.946,         0.020
         0.715,         0.946,         0.019
         0.715,         0.946,         0.019
         0.724,         0.946,         0.018
         0.725,         0.946,         0.018
         0.729,         0.946,         0.018
         0.730,         0.946,         0.018
         0.737,         0.946,         0.017
         0.737,         0.946,         0.016
         0.738,         0.946,         0.016
         0.738,         0.949,         0.016
         0.739,         0.949,         0.016
         0.745,         0.952,         0.015
         0.748,         0.955,         0.015
         0.754,         0.955,         0.015
         0.755,         0.955,         0.014
         0.755,         0.955,         0.014
         0.756,         0.958,         0.014
         0.756,         0.958,         0.013
         0.774,         0.958,         0.013
         0.774,         0.958,         0.013
         0.779,         0.958,         0.013
         0.780,         0.958,         0.012
         0.794,         0.958,         0.012
         0.795,         0.958,         0.012
         0.795,         0.962,         0.012
         0.795,         0.962,         0.011
         0.796,         0.962,         0.011
         0.797,         0.962,         0.011
         0.797,         0.965,         0.011
         0.801,         0.965,         0.010
         0.802,         0.965,         0.010
         0.816,         0.971,         0.009
         0.816,         0.971,         0.009
         0.834,         0.971,         0.009
         0.834,         0.971,         0.008
         0.834,         0.971,         0.008
         0.838,         0.971,         0.008
         0.838,         0.971,         0.007
         0.848,         0.974,         0.006
         0.849,         0.974,         0.006
         0.886,         0.984,         0.004
         1.000,         1.000,         0.000
