false_pos_rate,true_pos_rate,threshold
         0.000,         0.000,         1.248
         0.000,         0.003,         0.248
         0.000,         0.067,         0.151
         0.000,         0.067,         0.150
         0.000,         0.083,         0.138
         0.001,         0.083,         0.136
         0.001,         0.089,         0.136
         0.001,         0.089,         0.136
         0.001,         0.099,         0.130
         0.001,         0.099,         0.130
         0.001,         0.115,         0.126
         0.001,         0.115,         0.124
         0.001,         0.121,         0.122
         0.002,         0.121,         0.120
         0.002,         0.125,         0.118
         0.002,         0.125,         0.116
         0.002,         0.134,         0.114
         0.002,         0.134,         0.110
         0.002,         0.141,         0.109
         0.002,         0.141,         0.108
         0.002,         0.147,         0.107
         0.003,         0.147,         0.107
         0.003,         0.150,         0.107
         0.003,         0.150,         0.106
         0.003,         0.157,         0.103
         0.005,         0.157,         0.097
         0.005,         0.163,         0.096
         0.005,         0.163,         0.093
         0.005,         0.185,         0.090
         0.005,         0.185,         0.090
         0.005,         0.188,         0.090
         0.006,         0.188,         0.086
         0.006,         0.192,         0.086
         0.006,         0.192,         0.085
         0.006,         0.198,         0.084
         0.007,         0.198,         0.083
         0.007,         0.208,         0.081
         0.008,         0.208,         0.079
         0.008,         0.217,         0.076
         0.008,         0.217,         0.074
         0.008,         0.220,         0.074
         0.009,         0.220,         0.072
         0.009,         0.224,         0.072
         0.009,         0.224,         0.072
         0.009,         0.227,         0.072
         0.009,         0.227,         0.071
         0.009,         0.233,         0.070
         0.010,         0.233,         0.070
         0.010,         0.243,         0.069
         0.010,         0.243,         0.068
         0.010,         0.246,         0.067
         0.011,         0.246,         0.066
         0.011,         0.259,         0.065
         0.011,         0.259,         0.065
         0.011,         0.262,         0.064
         0.012,         0.262,         0.064
         0.012,         0.265,         0.064
         0.012,         0.265,         0.063
         0.012,         0.275,         0.061
         0.012,         0.275,         0.061
         0.012,         0.278,         0.060
         0.013,         0.278,         0.060
         0.013,         0.284,         0.059
         0.013,         0.284,         0.059
         0.013,         0.291,         0.058
         0.014,         0.291,         0.056
         0.014,         0.300,         0.055
         0.014,         0.300,         0.055
         0.014,         0.304,         0.055
         0.015,         0.304,         0.053
         0.015,         0.307,         0.053
         0.015,         0.307,         0.052
         0.016,         0.307,         0.052
         0.016,         0.307,         0.052
         0.016,         0.313,         0.052
         0.016,         0.313,         0.052
         0.016,         0.316,         0.051
         0.017,         0.316,         0.049
         0.017,         0.319,         0.049
         0.017,         0.319,         0.049
         0.017,         0.323,         0.048
         0.017,         0.323,         0.048
         0.017,         0.326,         0.048
         0.018,         0.326,         0.048
         0.018,         0.329,         0.048
         0.019,         0.329,         0.047
         0.019,         0.332,         0.047
         0.019,         0.332,         0.046
         0.019,         0.335,         0.046
         0.019,         0.335,         0.046
         0.019,         0.339,         0.046
         0.019,         0.339,         0.045
         0.019,         0.342,         0.045
         0.020,         0.342,         0.045
         0.020,         0.345,         0.044
         0.021,         0.345,         0.043
         0.021,         0.351,         0.042
         0.021,         0.351,         0.042
         0.021,         0.355,         0.042
         0.022,         0.355,         0.041
         0.022,         0.361,         0.040
         0.022,         0.361,         0.040
         0.022,         0.364,         0.039
         0.025,         0.364,         0.037
         0.025,         0.367,         0.037
         0.025,         0.367,         0.037
         0.025,         0.371,         0.037
         0.026,         0.371,         0.034
         0.026,         0.374,         0.034
         0.027,         0.374,         0.034
         0.027,         0.383,         0.033
         0.027,         0.383,         0.032
         0.027,         0.390,         0.031
         0.029,         0.390,         0.029
         0.029,         0.396,         0.029
         0.030,         0.396,         0.029
         0.030,         0.399,         0.028
         0.030,         0.399,         0.028
         0.030,         0.403,         0.028
         0.031,         0.403,         0.028
         0.031,         0.406,         0.027
         0.031,         0.406,         0.027
         0.031,         0.415,         0.026
         0.032,         0.415,         0.026
         0.032,         0.419,         0.026
         0.032,         0.419,         0.026
         0.032,         0.422,         0.025
         0.034,         0.422,         0.023
         0.034,         0.428,         0.023
         0.034,         0.428,         0.023
         0.034,         0.431,         0.023
         0.035,         0.431,         0.022
         0.035,         0.435,         0.022
         0.035,         0.435,         0.022
         0.035,         0.438,         0.022
         0.035,         0.438,         0.021
         0.035,         0.444,         0.021
         0.036,         0.444,         0.020
         0.036,         0.450,         0.019
         0.036,         0.450,         0.019
         0.036,         0.457,         0.019
         0.038,         0.457,         0.018
         0.038,         0.460,         0.018
         0.039,         0.460,         0.017
         0.039,         0.463,         0.017
         0.041,         0.463,         0.016
         0.041,         0.466,         0.016
         0.041,         0.466,         0.016
         0.041,         0.479,         0.015
         0.044,         0.479,         0.012
         0.044,         0.482,         0.012
         0.045,         0.482,         0.012
         0.045,         0.486,         0.012
         0.047,         0.486,         0.011
         0.047,         0.495,         0.010
         0.047,         0.495,         0.010
         0.047,         0.498,         0.010
         0.048,         0.498,         0.009
         0.048,         0.502,         0.008
         0.051,         0.502,         0.007
         0.051,         0.505,         0.007
         0.052,         0.505,         0.006
         0.052,         0.508,         0.005
         0.053,         0.508,         0.005
         0.053,         0.511,         0.005
         0.055,         0.511,         0.003
         0.055,         0.514,         0.003
         0.055,         0.514,         0.003
         0.055,         0.518,         0.003
         0.055,         0.518,         0.002
         0.055,         0.521,         0.002
         0.056,         0.521,         0.002
         0.056,         0.524,         0.002
         0.057,         0.524,         0.002
         0.057,         0.534,         0.001
         0.060,         0.534,        -0.002
         0.060,         0.537,        -0.002
         0.061,         0.537,        -0.002
         0.061,         0.540,        -0.002
         0.061,         0.540,        -0.003
         0.061,         0.543,        -0.003
         0.061,         0.543,        -0.003
         0.061,         0.546,        -0.003
         0.063,         0.546,        -0.005
         0.063,         0.550,        -0.005
         0.064,         0.550,        -0.005
         0.064,         0.556,        -0.005
         0.065,         0.556,        -0.006
         0.065,         0.559,        -0.006
         0.071,         0.559,        -0.009
         0.071,         0.562,        -0.009
         0.075,         0.562,        -0.011
         0.075,         0.565,        -0.011
         0.075,         0.565,        -0.011
         0.075,         0.569,        -0.011
         0.076,         0.569,        -0.011
         0.076,         0.572,        -0.011
         0.077,         0.572,        -0.012
         0.077,         0.575,        -0.012
         0.079,         0.575,        -0.014
         0.079,         0.578,        -0.014
         0.080,         0.578,        -0.015
         0.080,         0.581,        -0.015
         0.083,         0.581,        -0.016
         0.083,         0.585,        -0.016
         0.084,         0.585,        -0.017
         0.084,         0.588,        -0.017
         0.085,         0.588,        -0.017
         0.085,         0.591,        -0.017
         0.086,         0.591,        -0.018
         0.086,         0.594,        -0.018
         0.086,         0.594,        -0.018
         0.086,         0.597,        -0.018
         0.089,         0.597,        -0.019
         0.089,         0.601,        -0.019
         0.090,         0.601,        -0.020
         0.090,         0.604,        -0.021
         0.092,         0.604,        -0.022
         0.092,         0.607,        -0.022
         0.093,         0.607,        -0.023
         0.093,         0.617,        -0.023
         0.096,         0.617,        -0.025
         0.096,         0.623,        -0.025
         0.100,         0.623,        -0.027
         0.101,         0.623,        -0.027
         0.103,         0.623,        -0.028
         0.103,         0.626,        -0.028
         0.106,         0.626,        -0.030
         0.106,         0.629,        -0.030
         0.106,         0.629,        -0.030
         0.106,         0.633,        -0.030
         0.106,         0.633,        -0.030
         0.106,         0.636,        -0.030
         0.106,         0.636,        -0.030
         0.106,         0.639,        -0.030
         0.107,         0.639,        -0.031
         0.107,         0.642,        -0.031
         0.109,         0.642,        -0.032
         0.109,         0.645,        -0.032
         0.111,         0.645,        -0.032
         0.111,         0.649,        -0.032
         0.112,         0.649,        -0.033
         0.112,         0.652,        -0.033
         0.112,         0.652,        -0.033
         0.112,         0.655,        -0.033
         0.112,         0.655,        -0.033
         0.112,         0.658,        -0.033
         0.113,         0.658,        -0.034
         0.113,         0.661,        -0.034
         0.116,         0.661,        -0.035
         0.116,         0.661,        -0.035
         0.117,         0.661,        -0.036
         0.117,         0.665,        -0.036
         0.118,         0.665,        -0.036
         0.118,         0.668,        -0.036
         0.119,         0.668,        -0.037
         0.119,         0.671,        -0.037
         0.122,         0.671,        -0.038
         0.122,         0.671,        -0.038
         0.122,         0.671,        -0.039
         0.122,         0.674,        -0.039
         0.123,         0.674,        -0.039
         0.123,         0.677,        -0.039
         0.124,         0.677,        -0.040
         0.124,         0.687,        -0.040
         0.125,         0.687,        -0.040
         0.125,         0.690,        -0.040
         0.128,         0.690,        -0.041
         0.128,         0.693,        -0.041
         0.129,         0.693,        -0.042
         0.129,         0.693,        -0.042
         0.133,         0.693,        -0.043
         0.133,         0.696,        -0.043
         0.134,         0.696,        -0.043
         0.134,         0.700,        -0.043
         0.141,         0.700,        -0.047
         0.141,         0.703,        -0.047
         0.144,         0.703,        -0.048
         0.144,         0.706,        -0.048
         0.146,         0.706,        -0.049
         0.146,         0.706,        -0.049
         0.146,         0.706,        -0.049
         0.146,         0.709,        -0.049
         0.147,         0.709,        -0.049
         0.147,         0.712,        -0.049
         0.151,         0.712,        -0.050
         0.152,         0.712,        -0.050
         0.153,         0.712,        -0.051
         0.153,         0.716,        -0.051
         0.154,         0.716,        -0.051
         0.155,         0.716,        -0.051
         0.155,         0.719,        -0.052
         0.157,         0.719,        -0.052
         0.157,         0.725,        -0.053
         0.160,         0.725,        -0.054
         0.160,         0.725,        -0.054
         0.163,         0.725,        -0.055
         0.163,         0.728,        -0.055
         0.166,         0.728,        -0.056
         0.166,         0.732,        -0.056
         0.167,         0.732,        -0.056
         0.167,         0.735,        -0.056
         0.180,         0.735,        -0.062
         0.180,         0.738,        -0.063
         0.191,         0.738,        -0.067
         0.191,         0.741,        -0.067
         0.193,         0.741,        -0.068
         0.193,         0.744,        -0.068
         0.193,         0.744,        -0.068
         0.193,         0.748,        -0.068
         0.197,         0.748,        -0.069
         0.197,         0.751,        -0.069
         0.198,         0.751,        -0.070
         0.198,         0.757,        -0.070
         0.198,         0.757,        -0.070
         0.198,         0.760,        -0.070
         0.202,         0.760,        -0.072
         0.202,         0.767,        -0.072
         0.205,         0.767,        -0.073
         0.205,         0.770,        -0.073
         0.212,         0.770,        -0.075
         0.212,         0.770,        -0.075
         0.213,         0.770,        -0.075
         0.213,         0.773,        -0.075
         0.219,         0.773,        -0.077
         0.219,         0.776,        -0.077
         0.220,         0.776,        -0.077
         0.220,         0.780,        -0.077
         0.221,         0.780,        -0.078
         0.221,         0.783,        -0.078
         0.233,         0.783,        -0.081
         0.233,         0.786,        -0.082
         0.235,         0.786,        -0.082
         0.235,         0.789,        -0.083
         0.240,         0.789,        -0.085
         0.240,         0.792,        -0.085
         0.240,         0.792,        -0.085
         0.240,         0.796,        -0.085
         0.244,         0.796,        -0.086
         0.244,         0.799,        -0.086
         0.246,         0.799,        -0.087
         0.246,         0.802,        -0.087
         0.251,         0.802,        -0.089
         0.251,         0.805,        -0.089
         0.253,         0.805,        -0.089
         0.253,         0.808,        -0.089
         0.259,         0.808,        -0.091
         0.259,         0.812,        -0.091
         0.264,         0.812,        -0.092
         0.264,         0.815,        -0.092
         0.265,         0.815,        -0.093
         0.265,         0.818,        -0.093
         0.281,         0.818,        -0.098
         0.281,         0.821,        -0.098
         0.283,         0.821,        -0.098
         0.283,         0.824,        -0.098
         0.286,         0.824,        -0.099
         0.286,         0.827,        -0.099
         0.288,         0.827,        -0.099
         0.288,         0.831,        -0.099
         0.289,         0.831,        -0.100
         0.289,         0.834,        -0.100
         0.301,         0.834,        -0.104
         0.301,         0.834,        -0.104
         0.304,         0.834,        -0.105
         0.304,         0.837,        -0.105
         0.304,         0.837,        -0.105
         0.304,         0.840,        -0.105
         0.318,         0.840,        -0.109
         0.318,         0.843,        -0.109
         0.321,         0.843,        -0.111
         0.321,         0.847,        -0.111
         0.321,         0.847,        -0.111
         0.321,         0.850,        -0.111
         0.322,         0.850,        -0.111
         0.322,         0.853,        -0.111
         0.359,         0.853,        -0.122
         0.359,         0.856,        -0.122
         0.361,         0.856,        -0.123
         0.361,         0.859,        -0.123
         0.364,         0.859,        -0.123
         0.364,         0.863,        -0.123
         0.366,         0.863,        -0.124
         0.366,         0.863,        -0.124
         0.376,         0.863,        -0.127
         0.376,         0.866,        -0.127
         0.381,         0.866,        -0.128
         0.381,         0.869,        -0.128
         0.384,         0.869,        -0.129
         0.384,         0.872,        -0.129
         0.386,         0.872,        -0.129
         0.386,         0.875,        -0.130
         0.387,         0.875,        -0.130
         0.387,         0.879,        -0.130
         0.404,         0.879,        -0.135
         0.404,         0.882,        -0.135
         0.407,         0.882,        -0.135
         0.407,         0.885,        -0.135
         0.407,         0.885,        -0.136
         0.407,         0.888,        -0.136
         0.431,         0.888,        -0.142
         0.431,         0.891,        -0.142
         0.432,         0.891,        -0.143
         0.432,         0.895,        -0.143
         0.434,         0.895,        -0.143
         0.434,         0.898,        -0.143
         0.438,         0.898,        -0.144
         0.438,         0.901,        -0.144
         0.438,         0.901,        -0.144
         0.438,         0.904,        -0.144
         0.451,         0.904,        -0.149
         0.452,         0.904,        -0.149
         0.452,         0.904,        -0.149
         0.452,         0.907,        -0.149
         0.454,         0.907,        -0.149
         0.454,         0.911,        -0.149
         0.472,         0.911,        -0.154
         0.473,         0.911,        -0.154
         0.478,         0.911,        -0.155
         0.478,         0.914,        -0.155
         0.483,         0.914,        -0.157
         0.484,         0.914,        -0.157
         0.487,         0.914,        -0.158
         0.487,         0.917,        -0.158
         0.489,         0.917,        -0.159
         0.489,         0.920,        -0.159
         0.495,         0.920,        -0.160
         0.495,         0.923,        -0.160
         0.508,         0.923,        -0.163
         0.508,         0.927,        -0.163
         0.520,         0.927,        -0.167
         0.521,         0.927,        -0.167
         0.531,         0.927,        -0.171
         0.531,         0.930,        -0.171
         0.531,         0.930,        -0.171
         0.532,         0.930,        -0.171
         0.540,         0.930,        -0.174
         0.540,         0.933,        -0.174
         0.543,         0.933,        -0.175
         0.543,         0.936,        -0.175
         0.559,         0.936,        -0.179
         0.559,         0.939,        -0.179
         0.559,         0.939,        -0.180
         0.559,         0.942,        -0.180
         0.559,         0.942,        -0.180
         0.559,         0.946,        -0.180
         0.567,         0.946,        -0.181
         0.568,         0.946,        -0.181
         0.569,         0.946,        -0.182
         0.569,         0.949,        -0.182
         0.573,         0.949,        -0.183
         0.574,         0.949,        -0.184
         0.591,         0.949,        -0.189
         0.591,         0.949,        -0.189
         0.600,         0.949,        -0.192
         0.600,         0.952,        -0.192
         0.615,         0.952,        -0.197
         0.615,         0.955,        -0.197
         0.618,         0.955,        -0.197
         0.618,         0.958,        -0.197
         0.619,         0.958,        -0.198
         0.619,         0.962,        -0.198
         0.625,         0.962,        -0.200
         0.626,         0.962,        -0.200
         0.627,         0.962,        -0.200
         0.628,         0.962,        -0.200
         0.629,         0.962,        -0.201
         0.629,         0.962,        -0.201
         0.634,         0.962,        -0.202
         0.634,         0.965,        -0.202
         0.639,         0.965,        -0.203
         0.639,         0.965,        -0.203
         0.661,         0.965,        -0.211
         0.661,         0.965,        -0.211
         0.685,         0.965,        -0.219
         0.685,         0.968,        -0.219
         0.695,         0.968,        -0.221
         0.696,         0.968,        -0.221
         0.702,         0.968,        -0.224
         0.702,         0.968,        -0.224
         0.707,         0.968,        -0.226
         0.707,         0.971,        -0.226
         0.715,         0.971,        -0.229
         0.715,         0.974,        -0.230
         0.717,         0.974,        -0.230
         0.717,         0.978,        -0.230
         0.737,         0.978,        -0.238
         0.737,         0.978,        -0.238
         0.744,         0.978,        -0.240
         0.744,         0.981,        -0.240
         0.744,         0.981,        -0.240
         0.744,         0.981,        -0.240
         0.752,         0.981,        -0.243
         0.752,         0.981,        -0.243
         0.760,         0.981,        -0.245
         0.760,         0.984,        -0.246
         0.782,         0.984,        -0.255
         0.782,         0.984,        -0.255
         0.785,         0.984,        -0.257
         0.788,         0.984,        -0.257
         0.799,         0.984,        -0.262
         0.800,         0.984,        -0.262
         0.810,         0.984,        -0.269
         0.811,         0.984,        -0.269
         0.819,         0.984,        -0.273
         0.820,         0.984,        -0.273
         0.827,         0.984,        -0.277
         0.827,         0.984,        -0.277
         0.837,         0.984,        -0.284
         0.838,         0.984,        -0.284
         0.838,         0.984,        -0.284
         0.856,         0.984,        -0.285
         0.858,         0.984,        -0.285
         0.858,         0.984,        -0.285
         0.871,         0.984,        -0.293
         0.872,         0.984,        -0.293
         0.882,         0.984,        -0.300
         0.883,         0.984,        -0.300
         0.883,         0.984,        -0.300
         0.883,         0.984,        -0.300
         0.885,         0.984,        -0.301
         0.885,         0.987,        -0.301
         0.893,         0.987,        -0.306
         0.893,         0.987,        -0.306
         0.894,         0.987,        -0.307
         0.895,         0.987,        -0.307
         0.900,         0.987,        -0.311
         0.901,         0.987,        -0.312
         0.905,         0.987,        -0.314
         0.905,         0.990,        -0.314
         0.909,         0.990,        -0.316
         0.909,         0.994,        -0.317
         0.909,         0.994,        -0.317
         0.910,         0.994,        -0.317
         0.916,         0.994,        -0.322
         0.917,         0.994,        -0.322
         0.922,         0.994,        -0.326
         0.923,         0.994,        -0.326
         0.929,         0.994,        -0.330
         0.929,         0.994,        -0.330
         0.933,         0.994,        -0.333
         0.934,         0.994,        -0.333
         0.949,         0.994,        -0.346
         0.949,         0.997,        -0.347
         0.954,         0.997,        -0.351
         0.954,         0.997,        -0.351
         0.963,         0.997,        -0.364
         0.963,         0.997,        -0.365
         0.970,         0.997,        -0.375
         0.971,         0.997,        -0.375
         0.972,         0.997,        -0.377
         0.974,         0.997,        -0.377
         0.982,         0.997,        -0.398
         0.984,         0.997,        -0.398
         0.990,         0.997,        -0.420
         0.990,         1.000,        -0.420
         0.992,         1.000,        -0.433
         0.993,         1.000,        -0.433
         1.000,         1.000,        -0.519
