false_pos_rate,true_pos_rate,threshold
         0.000,         0.000,         1.765
         0.000,         0.003,         0.765
         0.000,         0.067,         0.668
         0.000,         0.067,         0.667
         0.000,         0.083,         0.654
         0.001,         0.083,         0.652
         0.001,         0.089,         0.652
         0.001,         0.089,         0.652
         0.001,         0.099,         0.647
         0.001,         0.099,         0.646
         0.001,         0.115,         0.642
         0.001,         0.115,         0.641
         0.001,         0.121,         0.639
         0.002,         0.121,         0.636
         0.002,         0.125,         0.635
         0.002,         0.125,         0.632
         0.002,         0.134,         0.630
         0.002,         0.134,         0.626
         0.002,         0.141,         0.625
         0.002,         0.141,         0.625
         0.002,         0.147,         0.624
         0.003,         0.147,         0.623
         0.003,         0.150,         0.623
         0.003,         0.150,         0.623
         0.003,         0.157,         0.619
         0.005,         0.157,         0.613
         0.005,         0.163,         0.612
         0.005,         0.163,         0.609
         0.005,         0.185,         0.607
         0.005,         0.185,         0.606
         0.005,         0.188,         0.606
         0.006,         0.188,         0.602
         0.006,         0.192,         0.602
         0.006,         0.192,         0.601
         0.006,         0.198,         0.600
         0.007,         0.198,         0.600
         0.007,         0.208,         0.597
         0.008,         0.208,         0.596
         0.008,         0.217,         0.593
         0.008,         0.217,         0.590
         0.008,         0.220,         0.590
         0.009,         0.220,         0.588
         0.009,         0.224,         0.588
         0.009,         0.224,         0.588
         0.009,         0.227,         0.588
         0.009,         0.227,         0.588
         0.009,         0.233,         0.587
         0.010,         0.233,         0.586
         0.010,         0.243,         0.585
         0.010,         0.243,         0.584
         0.010,         0.246,         0.584
         0.011,         0.246,         0.582
         0.011,         0.259,         0.582
         0.011,         0.259,         0.581
         0.011,         0.262,         0.581
         0.012,         0.262,         0.581
         0.012,         0.265,         0.581
         0.012,         0.265,         0.579
         0.012,         0.275,         0.577
         0.012,         0.275,         0.577
         0.012,         0.278,         0.577
         0.013,         0.278,         0.576
         0.013,         0.284,         0.576
         0.013,         0.284,         0.575
         0.013,         0.291,         0.575
         0.014,         0.291,         0.573
         0.014,         0.300,         0.571
         0.014,         0.300,         0.571
         0.014,         0.304,         0.571
         0.015,         0.304,         0.570
         0.015,         0.307,         0.569
         0.015,         0.307,         0.569
         0.016,         0.307,         0.569
         0.016,         0.307,         0.569
         0.016,         0.313,         0.568
         0.016,         0.313,         0.568
         0.016,         0.316,         0.568
         0.017,         0.316,         0.566
         0.017,         0.319,         0.566
         0.017,         0.319,         0.565
         0.017,         0.323,         0.565
         0.017,         0.323,         0.565
         0.017,         0.326,         0.565
         0.018,         0.326,         0.564
         0.018,         0.329,         0.564
         0.019,         0.329,         0.563
         0.019,         0.332,         0.563
         0.019,         0.332,         0.563
         0.019,         0.335,         0.563
         0.019,         0.335,         0.562
         0.019,         0.339,         0.562
         0.019,         0.339,         0.561
         0.019,         0.342,         0.561
         0.020,         0.342,         0.561
         0.020,         0.345,         0.561
         0.021,         0.345,         0.559
         0.021,         0.351,         0.559
         0.021,         0.351,         0.558
         0.021,         0.355,         0.558
         0.022,         0.355,         0.557
         0.022,         0.361,         0.556
         0.022,         0.361,         0.556
         0.022,         0.364,         0.556
         0.025,         0.364,         0.554
         0.025,         0.367,         0.554
         0.025,         0.367,         0.553
         0.025,         0.371,         0.553
         0.026,         0.371,         0.551
         0.026,         0.374,         0.550
         0.027,         0.374,         0.550
         0.027,         0.383,         0.549
         0.027,         0.383,         0.548
         0.027,         0.390,         0.548
         0.029,         0.390,         0.545
         0.029,         0.396,         0.545
         0.030,         0.396,         0.545
         0.030,         0.399,         0.545
         0.030,         0.399,         0.544
         0.030,         0.403,         0.544
         0.031,         0.403,         0.544
         0.031,         0.406,         0.544
         0.031,         0.406,         0.543
         0.031,         0.415,         0.542
         0.032,         0.415,         0.542
         0.032,         0.419,         0.542
         0.032,         0.419,         0.542
         0.032,         0.422,         0.542
         0.034,         0.422,         0.539
         0.034,         0.428,         0.539
         0.034,         0.428,         0.539
         0.034,         0.431,         0.539
         0.035,         0.431,         0.539
         0.035,         0.435,         0.538
         0.035,         0.435,         0.538
         0.035,         0.438,         0.538
         0.035,         0.438,         0.538
         0.035,         0.444,         0.537
         0.036,         0.444,         0.537
         0.036,         0.450,         0.535
         0.036,         0.450,         0.535
         0.036,         0.457,         0.535
         0.038,         0.457,         0.534
         0.038,         0.460,         0.534
         0.039,         0.460,         0.533
         0.039,         0.463,         0.533
         0.041,         0.463,         0.532
         0.041,         0.466,         0.532
         0.041,         0.466,         0.532
         0.041,         0.479,         0.532
         0.044,         0.479,         0.529
         0.044,         0.482,         0.529
         0.045,         0.482,         0.528
         0.045,         0.486,         0.528
         0.047,         0.486,         0.527
         0.047,         0.495,         0.526
         0.047,         0.495,         0.526
         0.047,         0.498,         0.526
         0.048,         0.498,         0.525
         0.048,         0.502,         0.525
         0.051,         0.502,         0.523
         0.051,         0.505,         0.523
         0.052,         0.505,         0.522
         0.052,         0.508,         0.522
         0.053,         0.508,         0.521
         0.053,         0.511,         0.521
         0.055,         0.511,         0.520
         0.055,         0.514,         0.520
         0.055,         0.514,         0.519
         0.055,         0.518,         0.519
         0.055,         0.518,         0.519
         0.055,         0.521,         0.519
         0.056,         0.521,         0.519
         0.056,         0.524,         0.518
         0.057,         0.524,         0.518
         0.057,         0.534,         0.517
         0.060,         0.534,         0.515
         0.060,         0.537,         0.515
         0.061,         0.537,         0.514
         0.061,         0.540,         0.514
         0.061,         0.540,         0.514
         0.061,         0.543,         0.514
         0.061,         0.543,         0.513
         0.061,         0.546,         0.513
         0.063,         0.546,         0.512
         0.063,         0.550,         0.511
         0.064,         0.550,         0.511
         0.064,         0.556,         0.511
         0.065,         0.556,         0.511
         0.065,         0.559,         0.511
         0.071,         0.559,         0.507
         0.071,         0.562,         0.507
         0.075,         0.562,         0.506
         0.075,         0.565,         0.506
         0.075,         0.565,         0.505
         0.075,         0.569,         0.505
         0.076,         0.569,         0.505
         0.076,         0.572,         0.505
         0.077,         0.572,         0.504
         0.077,         0.575,         0.504
         0.079,         0.575,         0.502
         0.079,         0.578,         0.502
         0.080,         0.578,         0.502
         0.080,         0.581,         0.502
         0.083,         0.581,         0.500
         0.083,         0.585,         0.500
         0.084,         0.585,         0.499
         0.084,         0.588,         0.499
         0.085,         0.588,         0.499
         0.085,         0.591,         0.499
         0.086,         0.591,         0.498
         0.086,         0.594,         0.498
         0.086,         0.594,         0.498
         0.086,         0.597,         0.498
         0.089,         0.597,         0.497
         0.089,         0.601,         0.497
         0.090,         0.601,         0.496
         0.090,         0.604,         0.496
         0.092,         0.604,         0.495
         0.092,         0.607,         0.494
         0.093,         0.607,         0.494
         0.093,         0.617,         0.493
         0.096,         0.617,         0.492
         0.096,         0.623,         0.491
         0.100,         0.623,         0.489
         0.101,         0.623,         0.489
         0.103,         0.623,         0.488
         0.103,         0.626,         0.488
         0.106,         0.626,         0.486
         0.106,         0.629,         0.486
         0.106,         0.629,         0.486
         0.106,         0.633,         0.486
         0.106,         0.633,         0.486
         0.106,         0.636,         0.486
         0.106,         0.636,         0.486
         0.106,         0.639,         0.486
         0.107,         0.639,         0.486
         0.107,         0.642,         0.486
         0.109,         0.642,         0.485
         0.109,         0.645,         0.484
         0.111,         0.645,         0.484
         0.111,         0.649,         0.484
         0.112,         0.649,         0.483
         0.112,         0.652,         0.483
         0.112,         0.652,         0.483
         0.112,         0.655,         0.483
         0.112,         0.655,         0.483
         0.112,         0.658,         0.483
         0.113,         0.658,         0.482
         0.113,         0.661,         0.482
         0.116,         0.661,         0.481
         0.116,         0.661,         0.481
         0.117,         0.661,         0.481
         0.117,         0.665,         0.481
         0.118,         0.665,         0.480
         0.118,         0.668,         0.480
         0.119,         0.668,         0.480
         0.119,         0.671,         0.479
         0.122,         0.671,         0.478
         0.122,         0.671,         0.478
         0.122,         0.671,         0.478
         0.122,         0.674,         0.478
         0.123,         0.674,         0.477
         0.123,         0.677,         0.477
         0.124,         0.677,         0.477
         0.124,         0.687,         0.476
         0.125,         0.687,         0.476
         0.125,         0.690,         0.476
         0.128,         0.690,         0.475
         0.128,         0.693,         0.475
         0.129,         0.693,         0.475
         0.129,         0.693,         0.475
         0.133,         0.693,         0.473
         0.133,         0.696,         0.473
         0.134,         0.696,         0.473
         0.134,         0.700,         0.473
         0.141,         0.700,         0.470
         0.141,         0.703,         0.470
         0.144,         0.703,         0.468
         0.144,         0.706,         0.468
         0.146,         0.706,         0.468
         0.146,         0.706,         0.468
         0.146,         0.706,         0.467
         0.146,         0.709,         0.467
         0.147,         0.709,         0.467
         0.147,         0.712,         0.467
         0.151,         0.712,         0.466
         0.152,         0.712,         0.466
         0.153,         0.712,         0.465
         0.153,         0.716,         0.465
         0.154,         0.716,         0.465
         0.155,         0.716,         0.465
         0.155,         0.719,         0.465
         0.157,         0.719,         0.464
         0.157,         0.725,         0.464
         0.160,         0.725,         0.463
         0.160,         0.725,         0.463
         0.163,         0.725,         0.462
         0.163,         0.728,         0.462
         0.166,         0.728,         0.461
         0.166,         0.732,         0.460
         0.167,         0.732,         0.460
         0.167,         0.735,         0.460
         0.180,         0.735,         0.454
         0.180,         0.738,         0.454
         0.191,         0.738,         0.449
         0.191,         0.741,         0.449
         0.193,         0.741,         0.448
         0.193,         0.744,         0.448
         0.193,         0.744,         0.448
         0.193,         0.748,         0.448
         0.197,         0.748,         0.447
         0.197,         0.751,         0.447
         0.198,         0.751,         0.447
         0.198,         0.757,         0.446
         0.198,         0.757,         0.446
         0.198,         0.760,         0.446
         0.202,         0.760,         0.445
         0.202,         0.767,         0.445
         0.205,         0.767,         0.444
         0.205,         0.770,         0.444
         0.212,         0.770,         0.441
         0.212,         0.770,         0.441
         0.213,         0.770,         0.441
         0.213,         0.773,         0.441
         0.219,         0.773,         0.439
         0.219,         0.776,         0.439
         0.220,         0.776,         0.439
         0.220,         0.780,         0.439
         0.221,         0.780,         0.439
         0.221,         0.783,         0.439
         0.233,         0.783,         0.435
         0.233,         0.786,         0.435
         0.235,         0.786,         0.434
         0.235,         0.789,         0.434
         0.240,         0.789,         0.432
         0.240,         0.792,         0.432
         0.240,         0.792,         0.431
         0.240,         0.796,         0.431
         0.244,         0.796,         0.430
         0.244,         0.799,         0.430
         0.246,         0.799,         0.429
         0.246,         0.802,         0.429
         0.251,         0.802,         0.428
         0.251,         0.805,         0.428
         0.253,         0.805,         0.427
         0.253,         0.808,         0.427
         0.259,         0.808,         0.425
         0.259,         0.812,         0.425
         0.264,         0.812,         0.424
         0.264,         0.815,         0.424
         0.265,         0.815,         0.424
         0.265,         0.818,         0.424
         0.281,         0.818,         0.418
         0.281,         0.821,         0.418
         0.283,         0.821,         0.418
         0.283,         0.824,         0.418
         0.286,         0.824,         0.417
         0.286,         0.827,         0.417
         0.288,         0.827,         0.417
         0.288,         0.831,         0.417
         0.289,         0.831,         0.417
         0.289,         0.834,         0.417
         0.301,         0.834,         0.412
         0.301,         0.834,         0.412
         0.304,         0.834,         0.412
         0.304,         0.837,         0.411
         0.304,         0.837,         0.411
         0.304,         0.840,         0.411
         0.318,         0.840,         0.407
         0.318,         0.843,         0.407
         0.321,         0.843,         0.405
         0.321,         0.847,         0.405
         0.321,         0.847,         0.405
         0.321,         0.850,         0.405
         0.322,         0.850,         0.405
         0.322,         0.853,         0.405
         0.359,         0.853,         0.394
         0.359,         0.856,         0.394
         0.361,         0.856,         0.393
         0.361,         0.859,         0.393
         0.364,         0.859,         0.393
         0.364,         0.863,         0.393
         0.366,         0.863,         0.393
         0.366,         0.863,         0.393
         0.376,         0.863,         0.390
         0.376,         0.866,         0.390
         0.381,         0.866,         0.388
         0.381,         0.869,         0.388
         0.384,         0.869,         0.387
         0.384,         0.872,         0.387
         0.386,         0.872,         0.387
         0.386,         0.875,         0.387
         0.387,         0.875,         0.387
         0.387,         0.879,         0.387
         0.404,         0.879,         0.382
         0.404,         0.882,         0.382
         0.407,         0.882,         0.381
         0.407,         0.885,         0.381
         0.407,         0.885,         0.381
         0.407,         0.888,         0.381
         0.431,         0.888,         0.374
         0.431,         0.891,         0.374
         0.432,         0.891,         0.374
         0.432,         0.895,         0.374
         0.434,         0.895,         0.373
         0.434,         0.898,         0.373
         0.438,         0.898,         0.372
         0.438,         0.901,         0.372
         0.438,         0.901,         0.372
         0.438,         0.904,         0.372
         0.451,         0.904,         0.368
         0.452,         0.904,         0.368
         0.452,         0.904,         0.367
         0.452,         0.907,         0.367
         0.454,         0.907,         0.367
         0.454,         0.911,         0.367
         0.472,         0.911,         0.362
         0.473,         0.911,         0.362
         0.478,         0.911,         0.361
         0.478,         0.914,         0.361
         0.483,         0.914,         0.360
         0.484,         0.914,         0.360
         0.487,         0.914,         0.358
         0.487,         0.917,         0.358
         0.489,         0.917,         0.358
         0.489,         0.920,         0.358
         0.495,         0.920,         0.357
         0.495,         0.923,         0.357
         0.508,         0.923,         0.353
         0.508,         0.927,         0.353
         0.520,         0.927,         0.349
         0.521,         0.927,         0.349
         0.531,         0.927,         0.346
         0.531,         0.930,         0.346
         0.531,         0.930,         0.346
         0.532,         0.930,         0.345
         0.540,         0.930,         0.342
         0.540,         0.933,         0.342
         0.543,         0.933,         0.341
         0.543,         0.936,         0.341
         0.559,         0.936,         0.337
         0.559,         0.939,         0.337
         0.559,         0.939,         0.337
         0.559,         0.942,         0.337
         0.559,         0.942,         0.337
         0.559,         0.946,         0.337
         0.567,         0.946,         0.335
         0.568,         0.946,         0.335
         0.569,         0.946,         0.335
         0.569,         0.949,         0.335
         0.573,         0.949,         0.333
         0.574,         0.949,         0.333
         0.591,         0.949,         0.327
         0.591,         0.949,         0.327
         0.600,         0.949,         0.324
         0.600,         0.952,         0.324
         0.615,         0.952,         0.320
         0.615,         0.955,         0.320
         0.618,         0.955,         0.319
         0.618,         0.958,         0.319
         0.619,         0.958,         0.318
         0.619,         0.962,         0.318
         0.625,         0.962,         0.316
         0.626,         0.962,         0.316
         0.627,         0.962,         0.316
         0.628,         0.962,         0.316
         0.629,         0.962,         0.316
         0.629,         0.962,         0.316
         0.634,         0.962,         0.314
         0.634,         0.965,         0.314
         0.639,         0.965,         0.313
         0.639,         0.965,         0.313
         0.661,         0.965,         0.306
         0.661,         0.965,         0.306
         0.685,         0.965,         0.298
         0.685,         0.968,         0.298
         0.695,         0.968,         0.295
         0.696,         0.968,         0.295
         0.702,         0.968,         0.292
         0.702,         0.968,         0.292
         0.707,         0.968,         0.290
         0.707,         0.971,         0.290
         0.715,         0.971,         0.287
         0.715,         0.974,         0.287
         0.717,         0.974,         0.286
         0.717,         0.978,         0.286
         0.737,         0.978,         0.279
         0.737,         0.978,         0.278
         0.744,         0.978,         0.276
         0.744,         0.981,         0.276
         0.744,         0.981,         0.276
         0.744,         0.981,         0.276
         0.752,         0.981,         0.273
         0.752,         0.981,         0.273
         0.760,         0.981,         0.271
         0.760,         0.984,         0.271
         0.782,         0.984,         0.261
         0.782,         0.984,         0.261
         0.785,         0.984,         0.259
         0.788,         0.984,         0.259
         0.799,         0.984,         0.254
         0.800,         0.984,         0.254
         0.810,         0.984,         0.248
         0.811,         0.984,         0.248
         0.819,         0.984,         0.244
         0.820,         0.984,         0.244
         0.827,         0.984,         0.239
         0.827,         0.984,         0.239
         0.837,         0.984,         0.232
         0.838,         0.984,         0.232
         0.838,         0.984,         0.232
         0.856,         0.984,         0.232
         0.858,         0.984,         0.231
         0.858,         0.984,         0.231
         0.871,         0.984,         0.223
         0.872,         0.984,         0.223
         0.882,         0.984,         0.217
         0.883,         0.984,         0.216
         0.883,         0.984,         0.216
         0.883,         0.984,         0.216
         0.885,         0.984,         0.215
         0.885,         0.987,         0.215
         0.893,         0.987,         0.210
         0.893,         0.987,         0.210
         0.894,         0.987,         0.209
         0.895,         0.987,         0.209
         0.900,         0.987,         0.205
         0.901,         0.987,         0.205
         0.905,         0.987,         0.202
         0.905,         0.990,         0.202
         0.909,         0.990,         0.200
         0.909,         0.994,         0.199
         0.909,         0.994,         0.199
         0.910,         0.994,         0.199
         0.916,         0.994,         0.194
         0.917,         0.994,         0.194
         0.922,         0.994,         0.190
         0.923,         0.994,         0.190
         0.929,         0.994,         0.187
         0.929,         0.994,         0.186
         0.933,         0.994,         0.183
         0.934,         0.994,         0.183
         0.949,         0.994,         0.170
         0.949,         0.997,         0.170
         0.954,         0.997,         0.165
         0.954,         0.997,         0.165
         0.963,         0.997,         0.152
         0.963,         0.997,         0.152
         0.970,         0.997,         0.141
         0.971,         0.997,         0.141
         0.972,         0.997,         0.139
         0.974,         0.997,         0.139
         0.982,         0.997,         0.119
         0.984,         0.997,         0.119
         0.990,         0.997,         0.096
         0.990,         1.000,         0.096
         0.992,         1.000,         0.084
         0.993,         1.000,         0.084
         1.000,         1.000,        -0.003
