false_pos_rate,true_pos_rate,threshold
         0.000,         0.000,         1.251
         0.000,         0.000,         0.251
         0.001,         0.000,         0.221
         0.001,         0.003,         0.218
         0.001,         0.003,         0.216
         0.001,         0.008,         0.209
         0.002,         0.008,         0.202
         0.002,         0.013,         0.200
         0.002,         0.013,         0.196
         0.002,         0.021,         0.193
         0.002,         0.021,         0.191
         0.002,         0.023,         0.191
         0.003,         0.023,         0.186
         0.003,         0.026,         0.184
         0.004,         0.026,         0.181
         0.004,         0.028,         0.180
         0.004,         0.028,         0.178
         0.004,         0.031,         0.178
         0.005,         0.031,         0.173
         0.005,         0.039,         0.171
         0.006,         0.039,         0.170
         0.006,         0.041,         0.170
         0.006,         0.041,         0.169
         0.006,         0.049,         0.166
         0.007,         0.049,         0.165
         0.007,         0.052,         0.164
         0.007,         0.052,         0.164
         0.007,         0.057,         0.164
         0.007,         0.057,         0.162
         0.007,         0.059,         0.162
         0.007,         0.059,         0.160
         0.007,         0.070,         0.158
         0.007,         0.070,         0.158
         0.007,         0.072,         0.157
         0.008,         0.072,         0.156
         0.008,         0.080,         0.155
         0.009,         0.080,         0.153
         0.009,         0.082,         0.152
         0.009,         0.082,         0.151
         0.009,         0.085,         0.151
         0.011,         0.085,         0.148
         0.011,         0.088,         0.148
         0.012,         0.088,         0.147
         0.012,         0.095,         0.145
         0.013,         0.095,         0.139
         0.013,         0.098,         0.139
         0.014,         0.098,         0.138
         0.014,         0.101,         0.137
         0.014,         0.101,         0.137
         0.014,         0.106,         0.136
         0.015,         0.106,         0.135
         0.015,         0.108,         0.135
         0.016,         0.108,         0.134
         0.016,         0.116,         0.133
         0.017,         0.116,         0.132
         0.017,         0.119,         0.131
         0.017,         0.119,         0.131
         0.017,         0.121,         0.131
         0.017,         0.121,         0.131
         0.017,         0.129,         0.130
         0.017,         0.129,         0.130
         0.017,         0.131,         0.130
         0.018,         0.131,         0.129
         0.018,         0.137,         0.129
         0.018,         0.137,         0.129
         0.018,         0.142,         0.128
         0.018,         0.142,         0.128
         0.018,         0.144,         0.128
         0.019,         0.144,         0.127
         0.019,         0.155,         0.126
         0.020,         0.155,         0.124
         0.020,         0.157,         0.124
         0.021,         0.157,         0.123
         0.021,         0.160,         0.122
         0.021,         0.160,         0.122
         0.021,         0.162,         0.122
         0.021,         0.162,         0.121
         0.021,         0.168,         0.120
         0.021,         0.168,         0.120
         0.021,         0.173,         0.120
         0.022,         0.173,         0.119
         0.022,         0.178,         0.119
         0.022,         0.178,         0.118
         0.022,         0.183,         0.118
         0.024,         0.183,         0.117
         0.024,         0.186,         0.116
         0.025,         0.186,         0.116
         0.025,         0.191,         0.115
         0.026,         0.191,         0.115
         0.026,         0.193,         0.115
         0.026,         0.193,         0.115
         0.026,         0.204,         0.114
         0.027,         0.204,         0.112
         0.027,         0.206,         0.112
         0.028,         0.206,         0.110
         0.028,         0.216,         0.110
         0.028,         0.216,         0.110
         0.028,         0.222,         0.109
         0.028,         0.222,         0.109
         0.028,         0.224,         0.108
         0.029,         0.224,         0.108
         0.029,         0.227,         0.107
         0.029,         0.227,         0.106
         0.029,         0.229,         0.106
         0.031,         0.229,         0.104
         0.031,         0.232,         0.104
         0.031,         0.232,         0.102
         0.031,         0.235,         0.102
         0.032,         0.235,         0.101
         0.032,         0.237,         0.101
         0.033,         0.237,         0.100
         0.033,         0.240,         0.100
         0.033,         0.240,         0.099
         0.033,         0.242,         0.099
         0.033,         0.242,         0.099
         0.033,         0.245,         0.098
         0.034,         0.245,         0.098
         0.034,         0.250,         0.098
         0.034,         0.250,         0.098
         0.034,         0.255,         0.097
         0.034,         0.255,         0.097
         0.034,         0.260,         0.097
         0.035,         0.260,         0.096
         0.035,         0.263,         0.096
         0.035,         0.263,         0.096
         0.035,         0.265,         0.095
         0.036,         0.265,         0.095
         0.036,         0.268,         0.094
         0.036,         0.268,         0.094
         0.036,         0.271,         0.094
         0.037,         0.271,         0.092
         0.037,         0.276,         0.092
         0.037,         0.276,         0.091
         0.037,         0.281,         0.090
         0.038,         0.281,         0.090
         0.038,         0.286,         0.089
         0.039,         0.286,         0.088
         0.039,         0.294,         0.088
         0.042,         0.294,         0.085
         0.042,         0.296,         0.085
         0.042,         0.296,         0.085
         0.042,         0.299,         0.084
         0.043,         0.299,         0.083
         0.043,         0.304,         0.083
         0.044,         0.304,         0.082
         0.044,         0.309,         0.081
         0.044,         0.309,         0.081
         0.044,         0.312,         0.081
         0.045,         0.312,         0.081
         0.045,         0.314,         0.081
         0.045,         0.314,         0.079
         0.045,         0.317,         0.079
         0.046,         0.317,         0.078
         0.046,         0.320,         0.078
         0.047,         0.320,         0.077
         0.047,         0.325,         0.077
         0.048,         0.325,         0.075
         0.048,         0.327,         0.075
         0.049,         0.327,         0.075
         0.049,         0.330,         0.075
         0.050,         0.330,         0.073
         0.050,         0.335,         0.073
         0.050,         0.335,         0.073
         0.050,         0.338,         0.073
         0.051,         0.338,         0.072
         0.051,         0.340,         0.071
         0.052,         0.340,         0.071
         0.052,         0.343,         0.071
         0.052,         0.343,         0.071
         0.052,         0.348,         0.070
         0.052,         0.348,         0.070
         0.052,         0.351,         0.070
         0.054,         0.351,         0.069
         0.054,         0.353,         0.069
         0.054,         0.353,         0.068
         0.054,         0.358,         0.068
         0.055,         0.358,         0.067
         0.055,         0.361,         0.067
         0.056,         0.361,         0.065
         0.056,         0.369,         0.064
         0.056,         0.369,         0.064
         0.056,         0.374,         0.064
         0.057,         0.374,         0.064
         0.057,         0.376,         0.063
         0.057,         0.376,         0.063
         0.057,         0.379,         0.063
         0.057,         0.379,         0.063
         0.057,         0.381,         0.063
         0.058,         0.381,         0.062
         0.058,         0.392,         0.061
         0.059,         0.392,         0.061
         0.059,         0.397,         0.060
         0.061,         0.397,         0.058
         0.061,         0.399,         0.058
         0.062,         0.399,         0.057
         0.062,         0.402,         0.057
         0.063,         0.402,         0.057
         0.063,         0.405,         0.056
         0.063,         0.405,         0.055
         0.063,         0.410,         0.055
         0.065,         0.410,         0.053
         0.065,         0.418,         0.053
         0.066,         0.418,         0.052
         0.066,         0.420,         0.052
         0.067,         0.420,         0.050
         0.067,         0.423,         0.050
         0.069,         0.423,         0.049
         0.069,         0.425,         0.048
         0.070,         0.425,         0.047
         0.070,         0.428,         0.047
         0.072,         0.428,         0.045
         0.072,         0.430,         0.045
         0.072,         0.430,         0.045
         0.072,         0.433,         0.045
         0.074,         0.433,         0.042
         0.074,         0.436,         0.042
         0.074,         0.436,         0.042
         0.074,         0.438,         0.042
         0.075,         0.438,         0.040
         0.075,         0.441,         0.040
         0.077,         0.441,         0.039
         0.077,         0.446,         0.039
         0.081,         0.446,         0.035
         0.081,         0.448,         0.034
         0.083,         0.448,         0.034
         0.083,         0.451,         0.033
         0.083,         0.451,         0.033
         0.083,         0.454,         0.033
         0.085,         0.454,         0.030
         0.085,         0.456,         0.030
         0.086,         0.456,         0.029
         0.086,         0.459,         0.029
         0.087,         0.459,         0.028
         0.087,         0.464,         0.028
         0.087,         0.464,         0.028
         0.087,         0.469,         0.028
         0.087,         0.469,         0.028
         0.088,         0.469,         0.028
         0.088,         0.469,         0.027
         0.088,         0.474,         0.027
         0.089,         0.474,         0.027
         0.089,         0.477,         0.027
         0.090,         0.477,         0.026
         0.090,         0.479,         0.026
         0.092,         0.479,         0.024
         0.092,         0.482,         0.024
         0.092,         0.482,         0.024
         0.092,         0.485,         0.024
         0.092,         0.485,         0.024
         0.092,         0.487,         0.023
         0.093,         0.487,         0.023
         0.093,         0.490,         0.022
         0.093,         0.490,         0.022
         0.093,         0.492,         0.022
         0.093,         0.492,         0.022
         0.093,         0.495,         0.022
         0.093,         0.495,         0.021
         0.093,         0.497,         0.021
         0.094,         0.497,         0.021
         0.094,         0.500,         0.021
         0.094,         0.500,         0.021
         0.094,         0.503,         0.021
         0.095,         0.503,         0.020
         0.095,         0.508,         0.019
         0.096,         0.508,         0.017
         0.096,         0.510,         0.016
         0.097,         0.510,         0.016
         0.097,         0.513,         0.016
         0.097,         0.513,         0.015
         0.097,         0.521,         0.015
         0.098,         0.521,         0.014
         0.098,         0.523,         0.014
         0.098,         0.523,         0.013
         0.098,         0.528,         0.013
         0.098,         0.528,         0.013
         0.098,         0.531,         0.013
         0.099,         0.531,         0.012
         0.099,         0.534,         0.012
         0.100,         0.534,         0.010
         0.100,         0.536,         0.009
         0.100,         0.536,         0.009
         0.100,         0.539,         0.009
         0.101,         0.539,         0.009
         0.101,         0.541,         0.008
         0.102,         0.541,         0.006
         0.102,         0.544,         0.006
         0.103,         0.544,         0.006
         0.103,         0.546,         0.006
         0.104,         0.546,         0.005
         0.104,         0.552,         0.004
         0.105,         0.552,         0.004
         0.105,         0.554,         0.004
         0.105,         0.554,         0.003
         0.105,         0.557,         0.003
         0.107,         0.557,         0.002
         0.107,         0.559,         0.002
         0.107,         0.559,         0.002
         0.107,         0.562,         0.002
         0.108,         0.562,         0.001
         0.108,         0.564,         0.001
         0.109,         0.564,        -0.001
         0.109,         0.567,        -0.001
         0.111,         0.567,        -0.002
         0.111,         0.570,        -0.002
         0.111,         0.570,        -0.003
         0.111,         0.572,        -0.003
         0.112,         0.572,        -0.003
         0.112,         0.577,        -0.003
         0.112,         0.577,        -0.003
         0.112,         0.580,        -0.003
         0.113,         0.580,        -0.004
         0.113,         0.582,        -0.004
         0.113,         0.582,        -0.004
         0.113,         0.585,        -0.004
         0.114,         0.585,        -0.005
         0.114,         0.588,        -0.005
         0.119,         0.588,        -0.009
         0.119,         0.590,        -0.009
         0.120,         0.590,        -0.010
         0.120,         0.593,        -0.010
         0.120,         0.593,        -0.010
         0.120,         0.595,        -0.010
         0.121,         0.595,        -0.011
         0.121,         0.598,        -0.011
         0.121,         0.598,        -0.012
         0.121,         0.601,        -0.012
         0.124,         0.601,        -0.013
         0.124,         0.603,        -0.013
         0.124,         0.603,        -0.013
         0.124,         0.606,        -0.014
         0.125,         0.606,        -0.014
         0.125,         0.608,        -0.014
         0.127,         0.608,        -0.016
         0.127,         0.611,        -0.016
         0.130,         0.611,        -0.018
         0.130,         0.613,        -0.018
         0.131,         0.613,        -0.019
         0.131,         0.616,        -0.019
         0.131,         0.616,        -0.020
         0.131,         0.619,        -0.020
         0.133,         0.619,        -0.022
         0.133,         0.621,        -0.022
         0.134,         0.621,        -0.023
         0.134,         0.624,        -0.023
         0.135,         0.624,        -0.024
         0.135,         0.626,        -0.024
         0.138,         0.626,        -0.025
         0.138,         0.629,        -0.025
         0.138,         0.629,        -0.025
         0.138,         0.631,        -0.025
         0.138,         0.631,        -0.025
         0.138,         0.634,        -0.025
         0.139,         0.634,        -0.025
         0.139,         0.637,        -0.026
         0.139,         0.637,        -0.027
         0.139,         0.639,        -0.027
         0.141,         0.639,        -0.028
         0.141,         0.644,        -0.028
         0.142,         0.644,        -0.030
         0.142,         0.647,        -0.030
         0.144,         0.647,        -0.031
         0.144,         0.652,        -0.031
         0.144,         0.652,        -0.031
         0.144,         0.655,        -0.032
         0.144,         0.655,        -0.032
         0.144,         0.657,        -0.032
         0.147,         0.657,        -0.034
         0.147,         0.660,        -0.034
         0.149,         0.660,        -0.036
         0.149,         0.662,        -0.036
         0.152,         0.662,        -0.039
         0.152,         0.668,        -0.040
         0.153,         0.668,        -0.041
         0.153,         0.670,        -0.041
         0.155,         0.670,        -0.044
         0.155,         0.673,        -0.044
         0.156,         0.673,        -0.044
         0.156,         0.678,        -0.044
         0.157,         0.678,        -0.045
         0.157,         0.683,        -0.045
         0.159,         0.683,        -0.047
         0.159,         0.686,        -0.047
         0.160,         0.686,        -0.047
         0.160,         0.688,        -0.047
         0.160,         0.688,        -0.047
         0.160,         0.691,        -0.047
         0.163,         0.691,        -0.049
         0.163,         0.693,        -0.049
         0.164,         0.693,        -0.049
         0.164,         0.696,        -0.049
         0.166,         0.696,        -0.052
         0.166,         0.698,        -0.052
         0.169,         0.698,        -0.056
         0.169,         0.701,        -0.056
         0.170,         0.701,        -0.056
         0.170,         0.704,        -0.057
         0.172,         0.704,        -0.057
         0.172,         0.706,        -0.058
         0.172,         0.706,        -0.059
         0.172,         0.709,        -0.059
         0.176,         0.709,        -0.062
         0.176,         0.711,        -0.062
         0.179,         0.711,        -0.066
         0.179,         0.714,        -0.066
         0.181,         0.714,        -0.066
         0.181,         0.716,        -0.067
         0.183,         0.716,        -0.068
         0.183,         0.719,        -0.068
         0.184,         0.719,        -0.070
         0.184,         0.722,        -0.070
         0.185,         0.722,        -0.070
         0.185,         0.724,        -0.070
         0.186,         0.724,        -0.071
         0.186,         0.727,        -0.072
         0.187,         0.727,        -0.072
         0.187,         0.732,        -0.072
         0.188,         0.732,        -0.072
         0.188,         0.735,        -0.072
         0.189,         0.735,        -0.073
         0.189,         0.737,        -0.073
         0.189,         0.737,        -0.074
         0.189,         0.740,        -0.074
         0.192,         0.740,        -0.076
         0.192,         0.742,        -0.076
         0.201,         0.742,        -0.083
         0.201,         0.745,        -0.083
         0.205,         0.745,        -0.087
         0.205,         0.747,        -0.087
         0.205,         0.747,        -0.087
         0.205,         0.750,        -0.087
         0.207,         0.750,        -0.088
         0.207,         0.753,        -0.088
         0.208,         0.753,        -0.089
         0.208,         0.755,        -0.090
         0.209,         0.755,        -0.090
         0.209,         0.755,        -0.090
         0.209,         0.758,        -0.090
         0.210,         0.758,        -0.091
         0.210,         0.760,        -0.091
         0.210,         0.760,        -0.091
         0.210,         0.763,        -0.091
         0.211,         0.763,        -0.091
         0.211,         0.765,        -0.091
         0.212,         0.765,        -0.092
         0.212,         0.768,        -0.092
         0.220,         0.768,        -0.098
         0.220,         0.773,        -0.098
         0.229,         0.773,        -0.105
         0.229,         0.776,        -0.105
         0.234,         0.776,        -0.107
         0.234,         0.776,        -0.107
         0.242,         0.776,        -0.112
         0.242,         0.778,        -0.112
         0.246,         0.778,        -0.114
         0.246,         0.781,        -0.115
         0.255,         0.781,        -0.119
         0.255,         0.784,        -0.119
         0.255,         0.784,        -0.119
         0.256,         0.784,        -0.120
         0.256,         0.786,        -0.120
         0.257,         0.786,        -0.120
         0.257,         0.789,        -0.120
         0.258,         0.789,        -0.121
         0.258,         0.794,        -0.121
         0.259,         0.794,        -0.122
         0.259,         0.799,        -0.122
         0.260,         0.799,        -0.123
         0.260,         0.802,        -0.123
         0.267,         0.802,        -0.127
         0.267,         0.802,        -0.128
         0.275,         0.802,        -0.132
         0.275,         0.804,        -0.132
         0.281,         0.804,        -0.135
         0.281,         0.807,        -0.135
         0.282,         0.807,        -0.136
         0.282,         0.809,        -0.136
         0.282,         0.809,        -0.136
         0.282,         0.809,        -0.136
         0.283,         0.809,        -0.136
         0.283,         0.812,        -0.136
         0.284,         0.812,        -0.137
         0.284,         0.814,        -0.137
         0.286,         0.814,        -0.138
         0.286,         0.817,        -0.138
         0.288,         0.817,        -0.139
         0.288,         0.820,        -0.139
         0.288,         0.820,        -0.140
         0.288,         0.822,        -0.140
         0.289,         0.822,        -0.140
         0.289,         0.825,        -0.140
         0.297,         0.825,        -0.144
         0.297,         0.827,        -0.144
         0.297,         0.827,        -0.145
         0.297,         0.830,        -0.145
         0.298,         0.830,        -0.145
         0.298,         0.832,        -0.145
         0.298,         0.832,        -0.145
         0.298,         0.835,        -0.145
         0.300,         0.835,        -0.146
         0.300,         0.838,        -0.146
         0.300,         0.838,        -0.146
         0.300,         0.840,        -0.146
         0.302,         0.840,        -0.147
         0.302,         0.843,        -0.147
         0.310,         0.843,        -0.151
         0.310,         0.845,        -0.151
         0.319,         0.845,        -0.154
         0.319,         0.845,        -0.154
         0.322,         0.845,        -0.155
         0.322,         0.848,        -0.155
         0.322,         0.848,        -0.155
         0.322,         0.851,        -0.155
         0.326,         0.851,        -0.158
         0.326,         0.853,        -0.158
         0.327,         0.853,        -0.158
         0.327,         0.856,        -0.159
         0.334,         0.856,        -0.162
         0.334,         0.858,        -0.162
         0.335,         0.858,        -0.163
         0.335,         0.861,        -0.163
         0.339,         0.861,        -0.165
         0.339,         0.863,        -0.165
         0.340,         0.863,        -0.165
         0.343,         0.863,        -0.166
         0.343,         0.866,        -0.166
         0.351,         0.866,        -0.169
         0.351,         0.869,        -0.169
         0.362,         0.869,        -0.173
         0.362,         0.871,        -0.173
         0.365,         0.871,        -0.174
         0.365,         0.871,        -0.174
         0.367,         0.871,        -0.175
         0.367,         0.874,        -0.175
         0.372,         0.874,        -0.177
         0.372,         0.879,        -0.177
         0.373,         0.879,        -0.178
         0.373,         0.884,        -0.178
         0.374,         0.884,        -0.178
         0.374,         0.887,        -0.178
         0.393,         0.887,        -0.184
         0.393,         0.889,        -0.185
         0.399,         0.889,        -0.187
         0.399,         0.892,        -0.187
         0.405,         0.892,        -0.188
         0.405,         0.894,        -0.189
         0.408,         0.894,        -0.190
         0.408,         0.894,        -0.190
         0.410,         0.894,        -0.190
         0.410,         0.897,        -0.191
         0.421,         0.897,        -0.194
         0.421,         0.899,        -0.194
         0.426,         0.899,        -0.196
         0.426,         0.902,        -0.196
         0.428,         0.902,        -0.196
         0.428,         0.905,        -0.197
         0.449,         0.905,        -0.203
         0.449,         0.907,        -0.203
         0.457,         0.907,        -0.206
         0.457,         0.910,        -0.206
         0.467,         0.910,        -0.209
         0.467,         0.912,        -0.209
         0.479,         0.912,        -0.212
         0.479,         0.915,        -0.213
         0.487,         0.915,        -0.215
         0.488,         0.915,        -0.215
         0.498,         0.915,        -0.219
         0.498,         0.918,        -0.219
         0.498,         0.918,        -0.219
         0.499,         0.918,        -0.219
         0.512,         0.918,        -0.222
         0.512,         0.923,        -0.222
         0.523,         0.923,        -0.226
         0.523,         0.925,        -0.226
         0.525,         0.925,        -0.226
         0.525,         0.928,        -0.226
         0.525,         0.928,        -0.226
         0.525,         0.930,        -0.226
         0.535,         0.930,        -0.229
         0.535,         0.930,        -0.229
         0.536,         0.930,        -0.230
         0.538,         0.930,        -0.230
         0.540,         0.930,        -0.230
         0.540,         0.930,        -0.230
         0.552,         0.930,        -0.234
         0.552,         0.933,        -0.234
         0.564,         0.933,        -0.236
         0.564,         0.936,        -0.236
         0.572,         0.936,        -0.238
         0.572,         0.936,        -0.238
         0.583,         0.936,        -0.242
         0.583,         0.938,        -0.242
         0.585,         0.938,        -0.243
         0.585,         0.941,        -0.243
         0.616,         0.941,        -0.251
         0.616,         0.943,        -0.252
         0.619,         0.943,        -0.252
         0.619,         0.946,        -0.252
         0.631,         0.946,        -0.255
         0.631,         0.948,        -0.255
         0.634,         0.948,        -0.255
         0.634,         0.951,        -0.255
         0.638,         0.951,        -0.256
         0.638,         0.954,        -0.256
         0.646,         0.954,        -0.259
         0.665,         0.954,        -0.259
         0.672,         0.954,        -0.261
         0.672,         0.956,        -0.261
         0.689,         0.956,        -0.265
         0.691,         0.956,        -0.265
         0.697,         0.956,        -0.267
         0.697,         0.959,        -0.267
         0.700,         0.959,        -0.268
         0.700,         0.959,        -0.268
         0.706,         0.959,        -0.269
         0.706,         0.961,        -0.269
         0.707,         0.961,        -0.270
         0.707,         0.964,        -0.270
         0.713,         0.964,        -0.271
         0.714,         0.964,        -0.271
         0.715,         0.964,        -0.272
         0.715,         0.964,        -0.272
         0.724,         0.964,        -0.275
         0.725,         0.964,        -0.275
         0.730,         0.964,        -0.277
         0.730,         0.966,        -0.277
         0.735,         0.966,        -0.278
         0.735,         0.969,        -0.278
         0.755,         0.969,        -0.284
         0.755,         0.972,        -0.284
         0.758,         0.972,        -0.285
         0.759,         0.972,        -0.285
         0.762,         0.972,        -0.287
         0.762,         0.974,        -0.287
         0.762,         0.974,        -0.287
         0.764,         0.974,        -0.287
         0.764,         0.974,        -0.287
         0.771,         0.974,        -0.290
         0.771,         0.974,        -0.290
         0.782,         0.974,        -0.293
         0.782,         0.974,        -0.293
         0.782,         0.974,        -0.293
         0.782,         0.977,        -0.293
         0.785,         0.977,        -0.294
         0.785,         0.977,        -0.294
         0.817,         0.977,        -0.304
         0.817,         0.979,        -0.304
         0.829,         0.979,        -0.309
         0.830,         0.979,        -0.309
         0.832,         0.979,        -0.309
         0.832,         0.979,        -0.309
         0.836,         0.979,        -0.311
         0.836,         0.982,        -0.311
         0.854,         0.982,        -0.318
         0.854,         0.985,        -0.318
         0.862,         0.985,        -0.321
         0.862,         0.985,        -0.321
         0.865,         0.985,        -0.323
         0.865,         0.987,        -0.323
         0.867,         0.987,        -0.323
         0.868,         0.987,        -0.323
         0.869,         0.987,        -0.324
         0.869,         0.987,        -0.324
         0.872,         0.987,        -0.326
         0.873,         0.987,        -0.326
         0.874,         0.987,        -0.326
         0.874,         0.990,        -0.326
         0.878,         0.990,        -0.328
         0.879,         0.990,        -0.328
         0.879,         0.990,        -0.329
         0.880,         0.990,        -0.329
         0.886,         0.990,        -0.332
         0.887,         0.990,        -0.332
         0.899,         0.990,        -0.337
         0.899,         0.992,        -0.337
         0.905,         0.992,        -0.340
         0.905,         0.995,        -0.340
         0.907,         0.995,        -0.342
         0.907,         0.995,        -0.342
         0.909,         0.995,        -0.343
         0.910,         0.995,        -0.343
         0.917,         0.995,        -0.348
         0.918,         0.995,        -0.348
         0.918,         0.995,        -0.348
         0.918,         0.995,        -0.348
         0.922,         0.995,        -0.351
         0.922,         0.997,        -0.351
         0.924,         0.997,        -0.352
         0.924,         0.997,        -0.352
         0.930,         0.997,        -0.356
         0.931,         0.997,        -0.356
         0.933,         0.997,        -0.359
         0.933,         0.997,        -0.359
         0.938,         0.997,        -0.362
         0.939,         0.997,        -0.362
         0.940,         0.997,        -0.363
         0.940,         0.997,        -0.363
         0.942,         0.997,        -0.364
         0.943,         0.997,        -0.364
         0.949,         0.997,        -0.368
         0.951,         0.997,        -0.368
         0.965,         0.997,        -0.379
         0.965,         0.997,        -0.379
         0.967,         0.997,        -0.381
         0.967,         1.000,        -0.381
         0.970,         1.000,        -0.383
         0.970,         1.000,        -0.383
         0.972,         1.000,        -0.385
         0.973,         1.000,        -0.386
         0.973,         1.000,        -0.386
         0.974,         1.000,        -0.386
         0.977,         1.000,        -0.390
         0.977,         1.000,        -0.390
         0.978,         1.000,        -0.391
         0.979,         1.000,        -0.392
         0.979,         1.000,        -0.393
         0.981,         1.000,        -0.394
         0.981,         1.000,        -0.394
         1.000,         1.000,        -0.497
