false_pos_rate,true_pos_rate,threshold
         0.000,         0.000,         1.764
         0.000,         0.000,         0.764
         0.001,         0.000,         0.734
         0.001,         0.003,         0.731
         0.001,         0.003,         0.730
         0.001,         0.008,         0.722
         0.002,         0.008,         0.715
         0.002,         0.013,         0.713
         0.002,         0.013,         0.709
         0.002,         0.021,         0.706
         0.002,         0.021,         0.704
         0.002,         0.023,         0.704
         0.003,         0.023,         0.699
         0.003,         0.026,         0.697
         0.004,         0.026,         0.694
         0.004,         0.028,         0.693
         0.004,         0.028,         0.691
         0.004,         0.031,         0.691
         0.005,         0.031,         0.686
         0.005,         0.039,         0.685
         0.006,         0.039,         0.683
         0.006,         0.041,         0.683
         0.006,         0.041,         0.682
         0.006,         0.049,         0.679
         0.007,         0.049,         0.678
         0.007,         0.052,         0.677
         0.007,         0.052,         0.677
         0.007,         0.057,         0.677
         0.007,         0.057,         0.675
         0.007,         0.059,         0.675
         0.007,         0.059,         0.673
         0.007,         0.070,         0.671
         0.007,         0.070,         0.671
         0.007,         0.072,         0.670
         0.008,         0.072,         0.669
         0.008,         0.080,         0.668
         0.009,         0.080,         0.666
         0.009,         0.082,         0.665
         0.009,         0.082,         0.664
         0.009,         0.085,         0.664
         0.011,         0.085,         0.662
         0.011,         0.088,         0.661
         0.012,         0.088,         0.660
         0.012,         0.095,         0.658
         0.013,         0.095,         0.652
         0.013,         0.098,         0.652
         0.014,         0.098,         0.651
         0.014,         0.101,         0.650
         0.014,         0.101,         0.650
         0.014,         0.106,         0.649
         0.015,         0.106,         0.648
         0.015,         0.108,         0.648
         0.016,         0.108,         0.647
         0.016,         0.116,         0.646
         0.017,         0.116,         0.645
         0.017,         0.119,         0.644
         0.017,         0.119,         0.644
         0.017,         0.121,         0.644
         0.017,         0.121,         0.644
         0.017,         0.129,         0.643
         0.017,         0.129,         0.643
         0.017,         0.131,         0.643
         0.018,         0.131,         0.642
         0.018,         0.137,         0.642
         0.018,         0.137,         0.642
         0.018,         0.142,         0.641
         0.018,         0.142,         0.641
         0.018,         0.144,         0.641
         0.019,         0.144,         0.640
         0.019,         0.155,         0.639
         0.020,         0.155,         0.637
         0.020,         0.157,         0.637
         0.021,         0.157,         0.636
         0.021,         0.160,         0.635
         0.021,         0.160,         0.635
         0.021,         0.162,         0.635
         0.021,         0.162,         0.635
         0.021,         0.168,         0.633
         0.021,         0.168,         0.633
         0.021,         0.173,         0.633
         0.022,         0.173,         0.632
         0.022,         0.178,         0.632
         0.022,         0.178,         0.631
         0.022,         0.183,         0.631
         0.024,         0.183,         0.630
         0.024,         0.186,         0.629
         0.025,         0.186,         0.629
         0.025,         0.191,         0.628
         0.026,         0.191,         0.628
         0.026,         0.193,         0.628
         0.026,         0.193,         0.628
         0.026,         0.204,         0.627
         0.027,         0.204,         0.625
         0.027,         0.206,         0.625
         0.028,         0.206,         0.624
         0.028,         0.216,         0.623
         0.028,         0.216,         0.623
         0.028,         0.222,         0.622
         0.028,         0.222,         0.622
         0.028,         0.224,         0.621
         0.029,         0.224,         0.621
         0.029,         0.227,         0.620
         0.029,         0.227,         0.619
         0.029,         0.229,         0.619
         0.031,         0.229,         0.617
         0.031,         0.232,         0.617
         0.031,         0.232,         0.615
         0.031,         0.235,         0.615
         0.032,         0.235,         0.614
         0.032,         0.237,         0.614
         0.033,         0.237,         0.613
         0.033,         0.240,         0.613
         0.033,         0.240,         0.612
         0.033,         0.242,         0.612
         0.033,         0.242,         0.612
         0.033,         0.245,         0.611
         0.034,         0.245,         0.611
         0.034,         0.250,         0.611
         0.034,         0.250,         0.611
         0.034,         0.255,         0.610
         0.034,         0.255,         0.610
         0.034,         0.260,         0.610
         0.035,         0.260,         0.610
         0.035,         0.263,         0.609
         0.035,         0.263,         0.609
         0.035,         0.265,         0.608
         0.036,         0.265,         0.608
         0.036,         0.268,         0.607
         0.036,         0.268,         0.607
         0.036,         0.271,         0.607
         0.037,         0.271,         0.605
         0.037,         0.276,         0.605
         0.037,         0.276,         0.604
         0.037,         0.281,         0.603
         0.038,         0.281,         0.603
         0.038,         0.286,         0.602
         0.039,         0.286,         0.601
         0.039,         0.294,         0.601
         0.042,         0.294,         0.598
         0.042,         0.296,         0.598
         0.042,         0.296,         0.598
         0.042,         0.299,         0.597
         0.043,         0.299,         0.596
         0.043,         0.304,         0.596
         0.044,         0.304,         0.595
         0.044,         0.309,         0.594
         0.044,         0.309,         0.594
         0.044,         0.312,         0.594
         0.045,         0.312,         0.594
         0.045,         0.314,         0.594
         0.045,         0.314,         0.592
         0.045,         0.317,         0.592
         0.046,         0.317,         0.592
         0.046,         0.320,         0.591
         0.047,         0.320,         0.590
         0.047,         0.325,         0.590
         0.048,         0.325,         0.588
         0.048,         0.327,         0.588
         0.049,         0.327,         0.588
         0.049,         0.330,         0.588
         0.050,         0.330,         0.586
         0.050,         0.335,         0.586
         0.050,         0.335,         0.586
         0.050,         0.338,         0.586
         0.051,         0.338,         0.585
         0.051,         0.340,         0.584
         0.052,         0.340,         0.584
         0.052,         0.343,         0.584
         0.052,         0.343,         0.584
         0.052,         0.348,         0.583
         0.052,         0.348,         0.583
         0.052,         0.351,         0.583
         0.054,         0.351,         0.582
         0.054,         0.353,         0.582
         0.054,         0.353,         0.582
         0.054,         0.358,         0.581
         0.055,         0.358,         0.580
         0.055,         0.361,         0.580
         0.056,         0.361,         0.578
         0.056,         0.369,         0.577
         0.056,         0.369,         0.577
         0.056,         0.374,         0.577
         0.057,         0.374,         0.577
         0.057,         0.376,         0.576
         0.057,         0.376,         0.576
         0.057,         0.379,         0.576
         0.057,         0.379,         0.576
         0.057,         0.381,         0.576
         0.058,         0.381,         0.575
         0.058,         0.392,         0.574
         0.059,         0.392,         0.574
         0.059,         0.397,         0.573
         0.061,         0.397,         0.571
         0.061,         0.399,         0.571
         0.062,         0.399,         0.571
         0.062,         0.402,         0.571
         0.063,         0.402,         0.570
         0.063,         0.405,         0.569
         0.063,         0.405,         0.568
         0.063,         0.410,         0.568
         0.065,         0.410,         0.566
         0.065,         0.418,         0.566
         0.066,         0.418,         0.565
         0.066,         0.420,         0.565
         0.067,         0.420,         0.563
         0.067,         0.423,         0.563
         0.069,         0.423,         0.562
         0.069,         0.425,         0.562
         0.070,         0.425,         0.560
         0.070,         0.428,         0.560
         0.072,         0.428,         0.558
         0.072,         0.430,         0.558
         0.072,         0.430,         0.558
         0.072,         0.433,         0.558
         0.074,         0.433,         0.555
         0.074,         0.436,         0.555
         0.074,         0.436,         0.555
         0.074,         0.438,         0.555
         0.075,         0.438,         0.553
         0.075,         0.441,         0.553
         0.077,         0.441,         0.552
         0.077,         0.446,         0.552
         0.081,         0.446,         0.548
         0.081,         0.448,         0.547
         0.083,         0.448,         0.547
         0.083,         0.451,         0.546
         0.083,         0.451,         0.546
         0.083,         0.454,         0.546
         0.085,         0.454,         0.543
         0.085,         0.456,         0.543
         0.086,         0.456,         0.542
         0.086,         0.459,         0.542
         0.087,         0.459,         0.541
         0.087,         0.464,         0.541
         0.087,         0.464,         0.541
         0.087,         0.469,         0.541
         0.087,         0.469,         0.541
         0.088,         0.469,         0.541
         0.088,         0.469,         0.540
         0.088,         0.474,         0.540
         0.089,         0.474,         0.540
         0.089,         0.477,         0.540
         0.090,         0.477,         0.539
         0.090,         0.479,         0.539
         0.092,         0.479,         0.537
         0.092,         0.482,         0.537
         0.092,         0.482,         0.537
         0.092,         0.485,         0.537
         0.092,         0.485,         0.537
         0.092,         0.487,         0.536
         0.093,         0.487,         0.536
         0.093,         0.490,         0.535
         0.093,         0.490,         0.535
         0.093,         0.492,         0.535
         0.093,         0.492,         0.535
         0.093,         0.495,         0.535
         0.093,         0.495,         0.535
         0.093,         0.497,         0.534
         0.094,         0.497,         0.534
         0.094,         0.500,         0.534
         0.094,         0.500,         0.534
         0.094,         0.503,         0.534
         0.095,         0.503,         0.533
         0.095,         0.508,         0.532
         0.096,         0.508,         0.530
         0.096,         0.510,         0.529
         0.097,         0.510,         0.529
         0.097,         0.513,         0.529
         0.097,         0.513,         0.528
         0.097,         0.521,         0.528
         0.098,         0.521,         0.527
         0.098,         0.523,         0.527
         0.098,         0.523,         0.526
         0.098,         0.528,         0.526
         0.098,         0.528,         0.526
         0.098,         0.531,         0.526
         0.099,         0.531,         0.525
         0.099,         0.534,         0.525
         0.100,         0.534,         0.523
         0.100,         0.536,         0.522
         0.100,         0.536,         0.522
         0.100,         0.539,         0.522
         0.101,         0.539,         0.522
         0.101,         0.541,         0.521
         0.102,         0.541,         0.519
         0.102,         0.544,         0.519
         0.103,         0.544,         0.519
         0.103,         0.546,         0.519
         0.104,         0.546,         0.518
         0.104,         0.552,         0.517
         0.105,         0.552,         0.517
         0.105,         0.554,         0.517
         0.105,         0.554,         0.517
         0.105,         0.557,         0.516
         0.107,         0.557,         0.515
         0.107,         0.559,         0.515
         0.107,         0.559,         0.515
         0.107,         0.562,         0.515
         0.108,         0.562,         0.514
         0.108,         0.564,         0.514
         0.109,         0.564,         0.512
         0.109,         0.567,         0.512
         0.111,         0.567,         0.511
         0.111,         0.570,         0.511
         0.111,         0.570,         0.510
         0.111,         0.572,         0.510
         0.112,         0.572,         0.510
         0.112,         0.577,         0.510
         0.112,         0.577,         0.510
         0.112,         0.580,         0.510
         0.113,         0.580,         0.509
         0.113,         0.582,         0.509
         0.113,         0.582,         0.509
         0.113,         0.585,         0.509
         0.114,         0.585,         0.508
         0.114,         0.588,         0.508
         0.119,         0.588,         0.504
         0.119,         0.590,         0.504
         0.120,         0.590,         0.503
         0.120,         0.593,         0.503
         0.120,         0.593,         0.503
         0.120,         0.595,         0.503
         0.121,         0.595,         0.502
         0.121,         0.598,         0.502
         0.121,         0.598,         0.501
         0.121,         0.601,         0.501
         0.124,         0.601,         0.500
         0.124,         0.603,         0.500
         0.124,         0.603,         0.500
         0.124,         0.606,         0.499
         0.125,         0.606,         0.499
         0.125,         0.608,         0.499
         0.127,         0.608,         0.497
         0.127,         0.611,         0.497
         0.130,         0.611,         0.495
         0.130,         0.613,         0.495
         0.131,         0.613,         0.494
         0.131,         0.616,         0.494
         0.131,         0.616,         0.493
         0.131,         0.619,         0.493
         0.133,         0.619,         0.491
         0.133,         0.621,         0.491
         0.134,         0.621,         0.490
         0.134,         0.624,         0.490
         0.135,         0.624,         0.489
         0.135,         0.626,         0.489
         0.138,         0.626,         0.488
         0.138,         0.629,         0.488
         0.138,         0.629,         0.488
         0.138,         0.631,         0.488
         0.138,         0.631,         0.488
         0.138,         0.634,         0.488
         0.139,         0.634,         0.488
         0.139,         0.637,         0.487
         0.139,         0.637,         0.486
         0.139,         0.639,         0.486
         0.141,         0.639,         0.485
         0.141,         0.644,         0.485
         0.142,         0.644,         0.484
         0.142,         0.647,         0.483
         0.144,         0.647,         0.482
         0.144,         0.652,         0.482
         0.144,         0.652,         0.482
         0.144,         0.655,         0.481
         0.144,         0.655,         0.481
         0.144,         0.657,         0.481
         0.147,         0.657,         0.479
         0.147,         0.660,         0.479
         0.149,         0.660,         0.477
         0.149,         0.662,         0.477
         0.152,         0.662,         0.474
         0.152,         0.668,         0.473
         0.153,         0.668,         0.472
         0.153,         0.670,         0.472
         0.155,         0.670,         0.469
         0.155,         0.673,         0.469
         0.156,         0.673,         0.469
         0.156,         0.678,         0.469
         0.157,         0.678,         0.468
         0.157,         0.683,         0.468
         0.159,         0.683,         0.466
         0.159,         0.686,         0.466
         0.160,         0.686,         0.466
         0.160,         0.688,         0.466
         0.160,         0.688,         0.466
         0.160,         0.691,         0.466
         0.163,         0.691,         0.464
         0.163,         0.693,         0.464
         0.164,         0.693,         0.464
         0.164,         0.696,         0.464
         0.166,         0.696,         0.461
         0.166,         0.698,         0.461
         0.169,         0.698,         0.457
         0.169,         0.701,         0.457
         0.170,         0.701,         0.457
         0.170,         0.704,         0.456
         0.172,         0.704,         0.456
         0.172,         0.706,         0.455
         0.172,         0.706,         0.454
         0.172,         0.709,         0.454
         0.176,         0.709,         0.451
         0.176,         0.711,         0.451
         0.179,         0.711,         0.447
         0.179,         0.714,         0.447
         0.181,         0.714,         0.447
         0.181,         0.716,         0.447
         0.183,         0.716,         0.445
         0.183,         0.719,         0.445
         0.184,         0.719,         0.443
         0.184,         0.722,         0.443
         0.185,         0.722,         0.443
         0.185,         0.724,         0.443
         0.186,         0.724,         0.442
         0.186,         0.727,         0.441
         0.187,         0.727,         0.441
         0.187,         0.732,         0.441
         0.188,         0.732,         0.441
         0.188,         0.735,         0.441
         0.189,         0.735,         0.440
         0.189,         0.737,         0.440
         0.189,         0.737,         0.439
         0.189,         0.740,         0.439
         0.192,         0.740,         0.437
         0.192,         0.742,         0.437
         0.201,         0.742,         0.430
         0.201,         0.745,         0.430
         0.205,         0.745,         0.426
         0.205,         0.747,         0.426
         0.205,         0.747,         0.426
         0.205,         0.750,         0.426
         0.207,         0.750,         0.425
         0.207,         0.753,         0.425
         0.208,         0.753,         0.424
         0.208,         0.755,         0.423
         0.209,         0.755,         0.423
         0.209,         0.755,         0.423
         0.209,         0.758,         0.423
         0.210,         0.758,         0.422
         0.210,         0.760,         0.422
         0.210,         0.760,         0.422
         0.210,         0.763,         0.422
         0.211,         0.763,         0.422
         0.211,         0.765,         0.422
         0.212,         0.765,         0.421
         0.212,         0.768,         0.421
         0.220,         0.768,         0.415
         0.220,         0.773,         0.415
         0.229,         0.773,         0.408
         0.229,         0.776,         0.408
         0.234,         0.776,         0.406
         0.234,         0.776,         0.406
         0.242,         0.776,         0.401
         0.242,         0.778,         0.401
         0.246,         0.778,         0.399
         0.246,         0.781,         0.398
         0.255,         0.781,         0.394
         0.255,         0.784,         0.394
         0.255,         0.784,         0.394
         0.256,         0.784,         0.393
         0.256,         0.786,         0.393
         0.257,         0.786,         0.393
         0.257,         0.789,         0.393
         0.258,         0.789,         0.392
         0.258,         0.794,         0.392
         0.259,         0.794,         0.391
         0.259,         0.799,         0.391
         0.260,         0.799,         0.390
         0.260,         0.802,         0.390
         0.267,         0.802,         0.386
         0.267,         0.802,         0.385
         0.275,         0.802,         0.381
         0.275,         0.804,         0.381
         0.281,         0.804,         0.378
         0.281,         0.807,         0.378
         0.282,         0.807,         0.377
         0.282,         0.809,         0.377
         0.282,         0.809,         0.377
         0.282,         0.809,         0.377
         0.283,         0.809,         0.377
         0.283,         0.812,         0.377
         0.284,         0.812,         0.376
         0.284,         0.814,         0.376
         0.286,         0.814,         0.375
         0.286,         0.817,         0.375
         0.288,         0.817,         0.374
         0.288,         0.820,         0.374
         0.288,         0.820,         0.374
         0.288,         0.822,         0.373
         0.289,         0.822,         0.373
         0.289,         0.825,         0.373
         0.297,         0.825,         0.369
         0.297,         0.827,         0.369
         0.297,         0.827,         0.368
         0.297,         0.830,         0.368
         0.298,         0.830,         0.368
         0.298,         0.832,         0.368
         0.298,         0.832,         0.368
         0.298,         0.835,         0.368
         0.300,         0.835,         0.367
         0.300,         0.838,         0.367
         0.300,         0.838,         0.367
         0.300,         0.840,         0.367
         0.302,         0.840,         0.366
         0.302,         0.843,         0.366
         0.310,         0.843,         0.363
         0.310,         0.845,         0.362
         0.319,         0.845,         0.359
         0.319,         0.845,         0.359
         0.322,         0.845,         0.358
         0.322,         0.848,         0.358
         0.322,         0.848,         0.358
         0.322,         0.851,         0.358
         0.326,         0.851,         0.355
         0.326,         0.853,         0.355
         0.327,         0.853,         0.355
         0.327,         0.856,         0.354
         0.334,         0.856,         0.351
         0.334,         0.858,         0.351
         0.335,         0.858,         0.350
         0.335,         0.861,         0.350
         0.339,         0.861,         0.348
         0.339,         0.863,         0.348
         0.340,         0.863,         0.348
         0.343,         0.863,         0.347
         0.343,         0.866,         0.347
         0.351,         0.866,         0.344
         0.351,         0.869,         0.344
         0.362,         0.869,         0.340
         0.362,         0.871,         0.340
         0.365,         0.871,         0.339
         0.365,         0.871,         0.339
         0.367,         0.871,         0.338
         0.367,         0.874,         0.338
         0.372,         0.874,         0.336
         0.372,         0.879,         0.336
         0.373,         0.879,         0.335
         0.373,         0.884,         0.335
         0.374,         0.884,         0.335
         0.374,         0.887,         0.335
         0.393,         0.887,         0.329
         0.393,         0.889,         0.329
         0.399,         0.889,         0.326
         0.399,         0.892,         0.326
         0.405,         0.892,         0.325
         0.405,         0.894,         0.324
         0.408,         0.894,         0.323
         0.408,         0.894,         0.323
         0.410,         0.894,         0.323
         0.410,         0.897,         0.322
         0.421,         0.897,         0.319
         0.421,         0.899,         0.319
         0.426,         0.899,         0.317
         0.426,         0.902,         0.317
         0.428,         0.902,         0.317
         0.428,         0.905,         0.316
         0.449,         0.905,         0.310
         0.449,         0.907,         0.310
         0.457,         0.907,         0.307
         0.457,         0.910,         0.307
         0.467,         0.910,         0.304
         0.467,         0.912,         0.304
         0.479,         0.912,         0.301
         0.479,         0.915,         0.301
         0.487,         0.915,         0.298
         0.488,         0.915,         0.298
         0.498,         0.915,         0.294
         0.498,         0.918,         0.294
         0.498,         0.918,         0.294
         0.499,         0.918,         0.294
         0.512,         0.918,         0.291
         0.512,         0.923,         0.291
         0.523,         0.923,         0.287
         0.523,         0.925,         0.287
         0.525,         0.925,         0.287
         0.525,         0.928,         0.287
         0.525,         0.928,         0.287
         0.525,         0.930,         0.287
         0.535,         0.930,         0.284
         0.535,         0.930,         0.284
         0.536,         0.930,         0.283
         0.538,         0.930,         0.283
         0.540,         0.930,         0.283
         0.540,         0.930,         0.283
         0.552,         0.930,         0.279
         0.552,         0.933,         0.279
         0.564,         0.933,         0.277
         0.564,         0.936,         0.277
         0.572,         0.936,         0.275
         0.572,         0.936,         0.275
         0.583,         0.936,         0.271
         0.583,         0.938,         0.271
         0.585,         0.938,         0.270
         0.585,         0.941,         0.270
         0.616,         0.941,         0.262
         0.616,         0.943,         0.261
         0.619,         0.943,         0.261
         0.619,         0.946,         0.261
         0.631,         0.946,         0.258
         0.631,         0.948,         0.258
         0.634,         0.948,         0.258
         0.634,         0.951,         0.258
         0.638,         0.951,         0.257
         0.638,         0.954,         0.257
         0.646,         0.954,         0.254
         0.665,         0.954,         0.254
         0.672,         0.954,         0.252
         0.672,         0.956,         0.252
         0.689,         0.956,         0.248
         0.691,         0.956,         0.248
         0.697,         0.956,         0.246
         0.697,         0.959,         0.246
         0.700,         0.959,         0.245
         0.700,         0.959,         0.245
         0.706,         0.959,         0.244
         0.706,         0.961,         0.244
         0.707,         0.961,         0.243
         0.707,         0.964,         0.243
         0.713,         0.964,         0.242
         0.714,         0.964,         0.242
         0.715,         0.964,         0.241
         0.715,         0.964,         0.241
         0.724,         0.964,         0.238
         0.725,         0.964,         0.238
         0.730,         0.964,         0.237
         0.730,         0.966,         0.236
         0.735,         0.966,         0.235
         0.735,         0.969,         0.235
         0.755,         0.969,         0.229
         0.755,         0.972,         0.229
         0.758,         0.972,         0.228
         0.759,         0.972,         0.228
         0.762,         0.972,         0.226
         0.762,         0.974,         0.226
         0.762,         0.974,         0.226
         0.764,         0.974,         0.226
         0.764,         0.974,         0.226
         0.771,         0.974,         0.223
         0.771,         0.974,         0.223
         0.782,         0.974,         0.220
         0.782,         0.974,         0.220
         0.782,         0.974,         0.220
         0.782,         0.977,         0.220
         0.785,         0.977,         0.219
         0.785,         0.977,         0.219
         0.817,         0.977,         0.209
         0.817,         0.979,         0.209
         0.829,         0.979,         0.204
         0.830,         0.979,         0.204
         0.832,         0.979,         0.204
         0.832,         0.979,         0.204
         0.836,         0.979,         0.202
         0.836,         0.982,         0.202
         0.854,         0.982,         0.195
         0.854,         0.985,         0.195
         0.862,         0.985,         0.192
         0.862,         0.985,         0.192
         0.865,         0.985,         0.190
         0.865,         0.987,         0.190
         0.867,         0.987,         0.190
         0.868,         0.987,         0.190
         0.869,         0.987,         0.189
         0.869,         0.987,         0.189
         0.872,         0.987,         0.187
         0.873,         0.987,         0.187
         0.874,         0.987,         0.187
         0.874,         0.990,         0.187
         0.878,         0.990,         0.185
         0.879,         0.990,         0.185
         0.879,         0.990,         0.184
         0.880,         0.990,         0.184
         0.886,         0.990,         0.181
         0.887,         0.990,         0.181
         0.899,         0.990,         0.176
         0.899,         0.992,         0.176
         0.905,         0.992,         0.173
         0.905,         0.995,         0.173
         0.907,         0.995,         0.171
         0.907,         0.995,         0.171
         0.909,         0.995,         0.170
         0.910,         0.995,         0.170
         0.917,         0.995,         0.165
         0.918,         0.995,         0.165
         0.918,         0.995,         0.165
         0.918,         0.995,         0.165
         0.922,         0.995,         0.163
         0.922,         0.997,         0.162
         0.924,         0.997,         0.161
         0.924,         0.997,         0.161
         0.930,         0.997,         0.157
         0.931,         0.997,         0.157
         0.933,         0.997,         0.154
         0.933,         0.997,         0.154
         0.938,         0.997,         0.151
         0.939,         0.997,         0.151
         0.940,         0.997,         0.150
         0.940,         0.997,         0.150
         0.942,         0.997,         0.149
         0.943,         0.997,         0.149
         0.949,         0.997,         0.145
         0.951,         0.997,         0.145
         0.965,         0.997,         0.134
         0.965,         0.997,         0.134
         0.967,         0.997,         0.132
         0.967,         1.000,         0.132
         0.970,         1.000,         0.131
         0.970,         1.000,         0.130
         0.972,         1.000,         0.128
         0.973,         1.000,         0.127
         0.973,         1.000,         0.127
         0.974,         1.000,         0.127
         0.977,         1.000,         0.123
         0.977,         1.000,         0.123
         0.978,         1.000,         0.123
         0.979,         1.000,         0.121
         0.979,         1.000,         0.120
         0.981,         1.000,         0.119
         0.981,         1.000,         0.119
         1.000,         1.000,         0.016
