false_pos_rate,true_pos_rate,threshold
         0.000,         0.000,         1.852
         0.000,         0.003,         0.852
         0.000,         0.067,         0.741
         0.000,         0.067,         0.740
         0.000,         0.080,         0.727
         0.000,         0.080,         0.726
         0.000,         0.086,         0.725
         0.001,         0.086,         0.715
         0.001,         0.089,         0.714
         0.001,         0.089,         0.714
         0.001,         0.102,         0.710
         0.001,         0.102,         0.710
         0.001,         0.109,         0.707
         0.001,         0.109,         0.707
         0.001,         0.125,         0.703
         0.002,         0.125,         0.700
         0.002,         0.166,         0.686
         0.002,         0.166,         0.685
         0.002,         0.179,         0.676
         0.002,         0.179,         0.675
         0.002,         0.185,         0.674
         0.002,         0.185,         0.673
         0.002,         0.188,         0.671
         0.002,         0.188,         0.669
         0.002,         0.195,         0.668
         0.003,         0.195,         0.667
         0.003,         0.201,         0.665
         0.003,         0.201,         0.664
         0.003,         0.211,         0.662
         0.003,         0.211,         0.659
         0.003,         0.220,         0.657
         0.003,         0.220,         0.657
         0.003,         0.224,         0.657
         0.004,         0.224,         0.655
         0.004,         0.233,         0.654
         0.004,         0.233,         0.652
         0.004,         0.236,         0.652
         0.005,         0.236,         0.651
         0.005,         0.240,         0.651
         0.006,         0.240,         0.648
         0.006,         0.246,         0.648
         0.006,         0.246,         0.648
         0.006,         0.249,         0.646
         0.006,         0.249,         0.646
         0.006,         0.256,         0.645
         0.006,         0.256,         0.645
         0.006,         0.259,         0.644
         0.006,         0.259,         0.643
         0.006,         0.262,         0.642
         0.007,         0.262,         0.642
         0.007,         0.265,         0.642
         0.008,         0.265,         0.640
         0.008,         0.278,         0.639
         0.008,         0.278,         0.635
         0.008,         0.291,         0.634
         0.009,         0.291,         0.634
         0.009,         0.297,         0.632
         0.009,         0.297,         0.632
         0.009,         0.300,         0.631
         0.010,         0.300,         0.630
         0.010,         0.304,         0.629
         0.010,         0.304,         0.629
         0.010,         0.307,         0.627
         0.010,         0.307,         0.627
         0.010,         0.310,         0.626
         0.011,         0.310,         0.623
         0.011,         0.326,         0.621
         0.011,         0.326,         0.620
         0.011,         0.332,         0.620
         0.013,         0.332,         0.615
         0.013,         0.335,         0.615
         0.013,         0.335,         0.614
         0.013,         0.339,         0.614
         0.013,         0.339,         0.614
         0.013,         0.342,         0.613
         0.014,         0.342,         0.613
         0.014,         0.345,         0.613
         0.015,         0.345,         0.611
         0.015,         0.348,         0.611
         0.016,         0.348,         0.606
         0.016,         0.351,         0.606
         0.017,         0.351,         0.606
         0.017,         0.361,         0.604
         0.017,         0.361,         0.603
         0.017,         0.364,         0.602
         0.017,         0.364,         0.602
         0.017,         0.367,         0.602
         0.017,         0.367,         0.601
         0.017,         0.371,         0.601
         0.018,         0.371,         0.601
         0.018,         0.374,         0.600
         0.019,         0.374,         0.597
         0.019,         0.380,         0.597
         0.020,         0.380,         0.596
         0.020,         0.383,         0.596
         0.020,         0.383,         0.596
         0.020,         0.390,         0.595
         0.020,         0.390,         0.593
         0.020,         0.393,         0.593
         0.021,         0.393,         0.592
         0.021,         0.396,         0.592
         0.022,         0.396,         0.592
         0.022,         0.399,         0.592
         0.023,         0.399,         0.589
         0.023,         0.409,         0.588
         0.024,         0.409,         0.586
         0.024,         0.412,         0.586
         0.024,         0.412,         0.585
         0.024,         0.415,         0.585
         0.025,         0.415,         0.585
         0.025,         0.419,         0.585
         0.027,         0.419,         0.582
         0.027,         0.422,         0.581
         0.027,         0.422,         0.581
         0.027,         0.425,         0.581
         0.030,         0.425,         0.578
         0.030,         0.431,         0.578
         0.030,         0.431,         0.576
         0.030,         0.438,         0.575
         0.030,         0.438,         0.575
         0.030,         0.441,         0.575
         0.031,         0.441,         0.575
         0.031,         0.450,         0.574
         0.032,         0.450,         0.573
         0.032,         0.457,         0.572
         0.033,         0.457,         0.572
         0.033,         0.460,         0.572
         0.034,         0.460,         0.570
         0.034,         0.466,         0.570
         0.035,         0.466,         0.569
         0.035,         0.470,         0.569
         0.036,         0.470,         0.568
         0.036,         0.473,         0.568
         0.037,         0.473,         0.567
         0.037,         0.476,         0.567
         0.037,         0.476,         0.567
         0.037,         0.479,         0.567
         0.038,         0.479,         0.565
         0.038,         0.482,         0.565
         0.039,         0.482,         0.565
         0.039,         0.489,         0.564
         0.039,         0.489,         0.564
         0.039,         0.492,         0.564
         0.040,         0.492,         0.563
         0.041,         0.492,         0.563
         0.042,         0.492,         0.562
         0.042,         0.498,         0.562
         0.042,         0.498,         0.562
         0.042,         0.502,         0.561
         0.043,         0.502,         0.560
         0.043,         0.508,         0.559
         0.044,         0.508,         0.559
         0.044,         0.514,         0.559
         0.045,         0.514,         0.557
         0.045,         0.521,         0.557
         0.047,         0.521,         0.555
         0.047,         0.527,         0.554
         0.048,         0.527,         0.554
         0.048,         0.534,         0.553
         0.049,         0.534,         0.553
         0.049,         0.534,         0.552
         0.049,         0.537,         0.552
         0.050,         0.537,         0.552
         0.050,         0.540,         0.552
         0.053,         0.540,         0.549
         0.053,         0.543,         0.549
         0.053,         0.543,         0.549
         0.053,         0.546,         0.549
         0.055,         0.546,         0.548
         0.055,         0.550,         0.548
         0.055,         0.550,         0.548
         0.055,         0.553,         0.548
         0.055,         0.553,         0.548
         0.055,         0.556,         0.548
         0.055,         0.556,         0.548
         0.055,         0.559,         0.547
         0.056,         0.559,         0.547
         0.056,         0.559,         0.547
         0.057,         0.559,         0.547
         0.057,         0.559,         0.546
         0.057,         0.559,         0.546
         0.057,         0.562,         0.546
         0.058,         0.562,         0.545
         0.058,         0.565,         0.545
         0.059,         0.565,         0.544
         0.059,         0.565,         0.544
         0.060,         0.565,         0.543
         0.060,         0.569,         0.543
         0.063,         0.569,         0.541
         0.063,         0.575,         0.541
         0.063,         0.575,         0.540
         0.063,         0.581,         0.540
         0.064,         0.581,         0.540
         0.064,         0.588,         0.540
         0.066,         0.588,         0.538
         0.066,         0.591,         0.538
         0.066,         0.591,         0.538
         0.066,         0.594,         0.538
         0.067,         0.594,         0.538
         0.067,         0.597,         0.537
         0.068,         0.597,         0.537
         0.068,         0.604,         0.537
         0.068,         0.604,         0.537
         0.068,         0.610,         0.537
         0.071,         0.610,         0.534
         0.071,         0.613,         0.534
         0.071,         0.613,         0.534
         0.071,         0.613,         0.534
         0.071,         0.617,         0.534
         0.072,         0.617,         0.534
         0.072,         0.620,         0.533
         0.074,         0.620,         0.531
         0.074,         0.626,         0.531
         0.075,         0.626,         0.531
         0.075,         0.629,         0.531
         0.077,         0.629,         0.529
         0.077,         0.633,         0.529
         0.079,         0.633,         0.527
         0.079,         0.636,         0.527
         0.080,         0.636,         0.527
         0.080,         0.639,         0.527
         0.080,         0.639,         0.527
         0.080,         0.642,         0.526
         0.081,         0.642,         0.526
         0.081,         0.645,         0.526
         0.082,         0.645,         0.525
         0.082,         0.649,         0.525
         0.083,         0.649,         0.524
         0.083,         0.652,         0.524
         0.085,         0.652,         0.523
         0.085,         0.652,         0.523
         0.088,         0.652,         0.520
         0.088,         0.655,         0.520
         0.088,         0.655,         0.520
         0.088,         0.658,         0.520
         0.089,         0.658,         0.519
         0.089,         0.661,         0.519
         0.090,         0.661,         0.518
         0.090,         0.665,         0.518
         0.094,         0.665,         0.516
         0.094,         0.668,         0.516
         0.094,         0.668,         0.516
         0.094,         0.668,         0.516
         0.095,         0.668,         0.515
         0.095,         0.671,         0.515
         0.100,         0.671,         0.512
         0.101,         0.671,         0.512
         0.105,         0.671,         0.510
         0.105,         0.674,         0.509
         0.107,         0.674,         0.508
         0.107,         0.677,         0.508
         0.112,         0.677,         0.506
         0.112,         0.681,         0.506
         0.113,         0.681,         0.506
         0.113,         0.684,         0.506
         0.113,         0.684,         0.506
         0.117,         0.684,         0.504
         0.117,         0.693,         0.503
         0.120,         0.693,         0.502
         0.120,         0.696,         0.502
         0.121,         0.696,         0.501
         0.121,         0.700,         0.501
         0.131,         0.700,         0.496
         0.131,         0.706,         0.496
         0.132,         0.706,         0.496
         0.132,         0.709,         0.496
         0.133,         0.709,         0.495
         0.133,         0.712,         0.495
         0.143,         0.712,         0.491
         0.143,         0.716,         0.491
         0.143,         0.716,         0.491
         0.143,         0.719,         0.491
         0.145,         0.719,         0.490
         0.145,         0.722,         0.490
         0.146,         0.722,         0.490
         0.146,         0.725,         0.490
         0.146,         0.725,         0.489
         0.146,         0.728,         0.489
         0.150,         0.728,         0.488
         0.150,         0.732,         0.488
         0.151,         0.732,         0.488
         0.151,         0.735,         0.488
         0.160,         0.735,         0.485
         0.160,         0.738,         0.485
         0.162,         0.738,         0.484
         0.162,         0.741,         0.484
         0.164,         0.741,         0.483
         0.164,         0.744,         0.483
         0.165,         0.744,         0.483
         0.165,         0.748,         0.483
         0.165,         0.748,         0.483
         0.165,         0.751,         0.483
         0.167,         0.751,         0.482
         0.167,         0.754,         0.482
         0.174,         0.754,         0.480
         0.174,         0.760,         0.480
         0.178,         0.760,         0.478
         0.178,         0.764,         0.478
         0.180,         0.764,         0.477
         0.180,         0.767,         0.477
         0.182,         0.767,         0.476
         0.182,         0.770,         0.476
         0.186,         0.770,         0.475
         0.186,         0.773,         0.475
         0.186,         0.773,         0.475
         0.186,         0.776,         0.475
         0.187,         0.776,         0.474
         0.187,         0.780,         0.474
         0.189,         0.780,         0.474
         0.189,         0.783,         0.474
         0.192,         0.783,         0.473
         0.192,         0.786,         0.473
         0.192,         0.786,         0.473
         0.192,         0.789,         0.473
         0.205,         0.789,         0.467
         0.205,         0.792,         0.467
         0.207,         0.792,         0.466
         0.207,         0.796,         0.466
         0.211,         0.796,         0.464
         0.211,         0.799,         0.464
         0.213,         0.799,         0.462
         0.213,         0.802,         0.462
         0.214,         0.802,         0.462
         0.214,         0.805,         0.462
         0.215,         0.805,         0.461
         0.215,         0.808,         0.461
         0.216,         0.808,         0.460
         0.216,         0.812,         0.460
         0.221,         0.812,         0.459
         0.222,         0.812,         0.458
         0.223,         0.812,         0.458
         0.223,         0.812,         0.458
         0.223,         0.815,         0.458
         0.226,         0.815,         0.457
         0.226,         0.818,         0.457
         0.231,         0.818,         0.455
         0.231,         0.821,         0.455
         0.235,         0.821,         0.454
         0.235,         0.824,         0.454
         0.239,         0.824,         0.453
         0.239,         0.827,         0.453
         0.246,         0.827,         0.450
         0.246,         0.827,         0.450
         0.248,         0.827,         0.449
         0.248,         0.831,         0.449
         0.270,         0.831,         0.442
         0.270,         0.834,         0.442
         0.271,         0.834,         0.441
         0.271,         0.837,         0.441
         0.275,         0.837,         0.440
         0.275,         0.840,         0.440
         0.276,         0.840,         0.440
         0.276,         0.843,         0.440
         0.278,         0.843,         0.439
         0.278,         0.847,         0.439
         0.281,         0.847,         0.438
         0.281,         0.850,         0.438
         0.287,         0.850,         0.436
         0.287,         0.853,         0.436
         0.297,         0.853,         0.433
         0.297,         0.856,         0.433
         0.305,         0.856,         0.430
         0.305,         0.859,         0.430
         0.312,         0.859,         0.428
         0.312,         0.863,         0.428
         0.314,         0.863,         0.427
         0.314,         0.866,         0.427
         0.322,         0.866,         0.425
         0.322,         0.869,         0.425
         0.323,         0.869,         0.425
         0.323,         0.872,         0.425
         0.328,         0.872,         0.424
         0.328,         0.875,         0.424
         0.330,         0.875,         0.423
         0.330,         0.879,         0.423
         0.357,         0.879,         0.415
         0.357,         0.882,         0.415
         0.362,         0.882,         0.414
         0.362,         0.885,         0.414
         0.369,         0.885,         0.412
         0.369,         0.888,         0.412
         0.370,         0.888,         0.412
         0.370,         0.891,         0.412
         0.371,         0.891,         0.411
         0.371,         0.895,         0.411
         0.380,         0.895,         0.408
         0.380,         0.898,         0.408
         0.384,         0.898,         0.407
         0.384,         0.901,         0.406
         0.386,         0.901,         0.406
         0.386,         0.904,         0.406
         0.393,         0.904,         0.404
         0.393,         0.907,         0.404
         0.424,         0.907,         0.394
         0.424,         0.911,         0.394
         0.431,         0.911,         0.392
         0.431,         0.914,         0.392
         0.432,         0.914,         0.392
         0.432,         0.917,         0.392
         0.442,         0.917,         0.389
         0.442,         0.920,         0.389
         0.443,         0.920,         0.388
         0.443,         0.923,         0.388
         0.454,         0.923,         0.386
         0.456,         0.923,         0.386
         0.456,         0.927,         0.386
         0.463,         0.927,         0.383
         0.463,         0.930,         0.383
         0.470,         0.930,         0.382
         0.470,         0.930,         0.382
         0.481,         0.930,         0.379
         0.481,         0.936,         0.379
         0.483,         0.936,         0.378
         0.483,         0.939,         0.378
         0.487,         0.939,         0.377
         0.488,         0.939,         0.377
         0.494,         0.939,         0.376
         0.494,         0.942,         0.376
         0.510,         0.942,         0.371
         0.510,         0.946,         0.371
         0.534,         0.946,         0.364
         0.534,         0.949,         0.364
         0.535,         0.949,         0.364
         0.535,         0.949,         0.363
         0.548,         0.949,         0.360
         0.548,         0.949,         0.360
         0.549,         0.949,         0.359
         0.549,         0.952,         0.359
         0.571,         0.952,         0.354
         0.571,         0.952,         0.354
         0.573,         0.952,         0.353
         0.573,         0.955,         0.353
         0.574,         0.955,         0.353
         0.574,         0.955,         0.353
         0.578,         0.955,         0.352
         0.578,         0.958,         0.352
         0.584,         0.958,         0.350
         0.584,         0.962,         0.350
         0.595,         0.962,         0.347
         0.595,         0.965,         0.347
         0.595,         0.965,         0.347
         0.595,         0.968,         0.347
         0.603,         0.968,         0.345
         0.603,         0.971,         0.345
         0.613,         0.971,         0.341
         0.613,         0.974,         0.341
         0.620,         0.974,         0.339
         0.620,         0.978,         0.339
         0.621,         0.978,         0.339
         0.621,         0.978,         0.339
         0.623,         0.978,         0.339
         0.623,         0.981,         0.339
         0.628,         0.981,         0.337
         0.629,         0.981,         0.337
         0.646,         0.981,         0.331
         0.646,         0.981,         0.331
         0.660,         0.981,         0.326
         0.660,         0.984,         0.326
         0.664,         0.984,         0.325
         0.664,         0.984,         0.325
         0.675,         0.984,         0.322
         0.675,         0.984,         0.322
         0.701,         0.984,         0.313
         0.702,         0.984,         0.313
         0.751,         0.984,         0.294
         0.751,         0.984,         0.294
         0.761,         0.984,         0.290
         0.761,         0.984,         0.290
         0.764,         0.984,         0.289
         0.764,         0.984,         0.289
         0.779,         0.984,         0.283
         0.781,         0.984,         0.283
         0.789,         0.984,         0.280
         0.789,         0.987,         0.280
         0.802,         0.987,         0.272
         0.802,         0.987,         0.272
         0.804,         0.987,         0.272
         0.805,         0.987,         0.272
         0.805,         0.987,         0.271
         0.805,         0.987,         0.271
         0.809,         0.987,         0.269
         0.809,         0.987,         0.269
         0.813,         0.987,         0.267
         0.813,         0.987,         0.267
         0.828,         0.987,         0.260
         0.828,         0.987,         0.260
         0.834,         0.987,         0.258
         0.834,         0.987,         0.258
         0.836,         0.987,         0.257
         0.836,         0.987,         0.257
         0.844,         0.987,         0.253
         0.845,         0.987,         0.252
         0.854,         0.987,         0.247
         0.872,         0.987,         0.247
         0.875,         0.987,         0.245
         0.876,         0.987,         0.245
         0.884,         0.987,         0.240
         0.884,         0.987,         0.240
         0.897,         0.987,         0.232
         0.897,         0.990,         0.232
         0.898,         0.990,         0.232
         0.898,         0.990,         0.232
         0.902,         0.990,         0.228
         0.902,         0.994,         0.228
         0.907,         0.994,         0.225
         0.907,         0.994,         0.224
         0.917,         0.994,         0.218
         0.918,         0.994,         0.218
         0.919,         0.994,         0.217
         0.920,         0.994,         0.217
         0.921,         0.994,         0.216
         0.921,         0.994,         0.216
         0.931,         0.994,         0.206
         0.931,         0.994,         0.206
         0.936,         0.994,         0.202
         0.936,         0.997,         0.202
         0.937,         0.997,         0.202
         0.939,         0.997,         0.200
         0.939,         0.997,         0.199
         0.962,         0.997,         0.174
         0.962,         0.997,         0.174
         0.972,         0.997,         0.159
         0.973,         0.997,         0.159
         0.981,         0.997,         0.142
         0.984,         0.997,         0.142
         0.984,         0.997,         0.140
         0.984,         0.997,         0.139
         0.989,         0.997,         0.121
         0.990,         0.997,         0.121
         0.994,         0.997,         0.101
         0.994,         1.000,         0.095
         1.000,         1.000,         0.019
