false_pos_rate,true_pos_rate,threshold
         0.000,         0.000,         1.836
         0.000,         0.000,         0.836
         0.000,         0.000,         0.832
         0.000,         0.005,         0.806
         0.001,         0.005,         0.803
         0.001,         0.012,         0.792
         0.001,         0.012,         0.791
         0.001,         0.014,         0.789
         0.002,         0.014,         0.778
         0.002,         0.016,         0.776
         0.002,         0.016,         0.775
         0.002,         0.019,         0.774
         0.002,         0.019,         0.770
         0.002,         0.023,         0.767
         0.003,         0.023,         0.763
         0.003,         0.023,         0.762
         0.003,         0.026,         0.762
         0.003,         0.035,         0.762
         0.003,         0.035,         0.761
         0.003,         0.040,         0.758
         0.003,         0.040,         0.758
         0.004,         0.042,         0.756
         0.005,         0.042,         0.749
         0.005,         0.047,         0.749
         0.005,         0.054,         0.746
         0.006,         0.054,         0.743
         0.006,         0.068,         0.743
         0.006,         0.068,         0.743
         0.006,         0.073,         0.741
         0.006,         0.073,         0.740
         0.006,         0.075,         0.740
         0.007,         0.075,         0.738
         0.007,         0.077,         0.738
         0.007,         0.077,         0.737
         0.007,         0.080,         0.736
         0.007,         0.080,         0.735
         0.007,         0.084,         0.733
         0.008,         0.084,         0.733
         0.008,         0.098,         0.730
         0.008,         0.098,         0.730
         0.008,         0.103,         0.730
         0.008,         0.103,         0.729
         0.008,         0.105,         0.729
         0.009,         0.105,         0.729
         0.009,         0.110,         0.728
         0.009,         0.110,         0.727
         0.009,         0.112,         0.724
         0.010,         0.112,         0.717
         0.010,         0.115,         0.716
         0.011,         0.115,         0.713
         0.012,         0.115,         0.713
         0.012,         0.115,         0.712
         0.012,         0.117,         0.712
         0.014,         0.117,         0.709
         0.014,         0.124,         0.708
         0.014,         0.124,         0.707
         0.014,         0.129,         0.707
         0.015,         0.129,         0.706
         0.015,         0.131,         0.706
         0.015,         0.131,         0.706
         0.015,         0.136,         0.704
         0.016,         0.136,         0.703
         0.016,         0.136,         0.703
         0.016,         0.141,         0.702
         0.016,         0.141,         0.702
         0.016,         0.143,         0.701
         0.017,         0.143,         0.700
         0.017,         0.145,         0.699
         0.017,         0.155,         0.699
         0.018,         0.155,         0.698
         0.018,         0.159,         0.698
         0.018,         0.159,         0.697
         0.018,         0.164,         0.697
         0.018,         0.164,         0.696
         0.018,         0.169,         0.695
         0.019,         0.169,         0.695
         0.019,         0.171,         0.695
         0.019,         0.171,         0.694
         0.019,         0.171,         0.693
         0.020,         0.171,         0.693
         0.020,         0.176,         0.692
         0.020,         0.176,         0.691
         0.020,         0.178,         0.691
         0.020,         0.178,         0.690
         0.020,         0.180,         0.690
         0.021,         0.180,         0.689
         0.021,         0.183,         0.689
         0.022,         0.183,         0.687
         0.022,         0.185,         0.686
         0.023,         0.185,         0.684
         0.023,         0.187,         0.684
         0.024,         0.187,         0.683
         0.024,         0.190,         0.683
         0.025,         0.190,         0.681
         0.025,         0.192,         0.680
         0.026,         0.192,         0.680
         0.026,         0.194,         0.679
         0.026,         0.194,         0.679
         0.026,         0.197,         0.679
         0.026,         0.197,         0.678
         0.026,         0.201,         0.677
         0.027,         0.201,         0.677
         0.027,         0.204,         0.677
         0.027,         0.204,         0.676
         0.027,         0.211,         0.675
         0.028,         0.211,         0.673
         0.028,         0.213,         0.673
         0.029,         0.213,         0.672
         0.029,         0.215,         0.672
         0.029,         0.215,         0.671
         0.029,         0.215,         0.670
         0.029,         0.220,         0.669
         0.030,         0.220,         0.669
         0.030,         0.222,         0.668
         0.030,         0.222,         0.668
         0.031,         0.248,         0.668
         0.031,         0.251,         0.668
         0.031,         0.251,         0.666
         0.031,         0.253,         0.666
         0.032,         0.253,         0.664
         0.032,         0.255,         0.664
         0.033,         0.255,         0.663
         0.033,         0.258,         0.663
         0.034,         0.258,         0.661
         0.035,         0.258,         0.661
         0.035,         0.258,         0.661
         0.035,         0.260,         0.660
         0.035,         0.260,         0.659
         0.036,         0.260,         0.659
         0.037,         0.260,         0.657
         0.037,         0.262,         0.657
         0.037,         0.262,         0.656
         0.037,         0.267,         0.655
         0.038,         0.267,         0.654
         0.038,         0.269,         0.654
         0.038,         0.269,         0.654
         0.038,         0.272,         0.653
         0.040,         0.272,         0.651
         0.040,         0.276,         0.651
         0.040,         0.279,         0.651
         0.040,         0.279,         0.650
         0.040,         0.281,         0.649
         0.041,         0.281,         0.649
         0.041,         0.283,         0.648
         0.044,         0.283,         0.643
         0.044,         0.288,         0.643
         0.045,         0.288,         0.641
         0.045,         0.290,         0.641
         0.045,         0.290,         0.641
         0.045,         0.295,         0.640
         0.046,         0.295,         0.640
         0.046,         0.297,         0.640
         0.046,         0.297,         0.639
         0.046,         0.300,         0.638
         0.047,         0.300,         0.637
         0.047,         0.302,         0.637
         0.047,         0.302,         0.636
         0.047,         0.304,         0.636
         0.049,         0.304,         0.630
         0.049,         0.309,         0.630
         0.050,         0.309,         0.629
         0.050,         0.314,         0.629
         0.050,         0.314,         0.628
         0.050,         0.319,         0.628
         0.051,         0.319,         0.626
         0.051,         0.319,         0.626
         0.052,         0.319,         0.624
         0.052,         0.321,         0.623
         0.052,         0.326,         0.623
         0.053,         0.326,         0.621
         0.053,         0.330,         0.620
         0.054,         0.330,         0.619
         0.056,         0.330,         0.619
         0.057,         0.330,         0.618
         0.057,         0.340,         0.617
         0.058,         0.340,         0.615
         0.058,         0.340,         0.615
         0.058,         0.344,         0.615
         0.058,         0.344,         0.614
         0.058,         0.347,         0.614
         0.059,         0.347,         0.613
         0.059,         0.349,         0.613
         0.059,         0.349,         0.612
         0.059,         0.351,         0.612
         0.060,         0.351,         0.611
         0.060,         0.356,         0.610
         0.062,         0.356,         0.607
         0.062,         0.363,         0.606
         0.062,         0.363,         0.605
         0.062,         0.365,         0.605
         0.063,         0.365,         0.602
         0.063,         0.368,         0.602
         0.063,         0.368,         0.602
         0.063,         0.372,         0.601
         0.064,         0.372,         0.601
         0.064,         0.375,         0.600
         0.067,         0.375,         0.597
         0.067,         0.377,         0.597
         0.067,         0.377,         0.596
         0.067,         0.379,         0.596
         0.068,         0.379,         0.596
         0.068,         0.382,         0.596
         0.069,         0.382,         0.596
         0.069,         0.386,         0.595
         0.069,         0.386,         0.594
         0.069,         0.389,         0.594
         0.071,         0.389,         0.593
         0.071,         0.389,         0.592
         0.075,         0.389,         0.585
         0.075,         0.391,         0.585
         0.075,         0.391,         0.585
         0.075,         0.393,         0.585
         0.076,         0.393,         0.584
         0.076,         0.396,         0.583
         0.076,         0.396,         0.582
         0.076,         0.398,         0.581
         0.079,         0.398,         0.578
         0.079,         0.403,         0.577
         0.079,         0.403,         0.577
         0.079,         0.410,         0.577
         0.079,         0.410,         0.577
         0.079,         0.412,         0.576
         0.079,         0.412,         0.576
         0.079,         0.415,         0.576
         0.080,         0.415,         0.575
         0.080,         0.422,         0.574
         0.080,         0.422,         0.574
         0.080,         0.424,         0.573
         0.081,         0.424,         0.571
         0.081,         0.431,         0.571
         0.082,         0.431,         0.569
         0.082,         0.433,         0.569
         0.082,         0.433,         0.569
         0.082,         0.440,         0.567
         0.083,         0.440,         0.566
         0.083,         0.443,         0.566
         0.083,         0.443,         0.566
         0.083,         0.447,         0.565
         0.085,         0.447,         0.563
         0.085,         0.450,         0.562
         0.086,         0.450,         0.560
         0.086,         0.459,         0.559
         0.087,         0.459,         0.558
         0.087,         0.461,         0.558
         0.088,         0.461,         0.555
         0.088,         0.464,         0.555
         0.090,         0.464,         0.552
         0.090,         0.466,         0.551
         0.091,         0.466,         0.550
         0.091,         0.471,         0.549
         0.092,         0.471,         0.548
         0.092,         0.473,         0.548
         0.093,         0.473,         0.547
         0.093,         0.475,         0.547
         0.095,         0.475,         0.545
         0.095,         0.480,         0.544
         0.095,         0.480,         0.544
         0.095,         0.482,         0.544
         0.095,         0.482,         0.543
         0.095,         0.485,         0.543
         0.097,         0.485,         0.540
         0.097,         0.487,         0.540
         0.097,         0.487,         0.539
         0.097,         0.492,         0.539
         0.097,         0.492,         0.539
         0.097,         0.494,         0.539
         0.098,         0.494,         0.539
         0.098,         0.496,         0.539
         0.100,         0.496,         0.535
         0.100,         0.501,         0.535
         0.100,         0.501,         0.535
         0.100,         0.504,         0.535
         0.101,         0.504,         0.534
         0.101,         0.506,         0.534
         0.102,         0.506,         0.533
         0.102,         0.508,         0.533
         0.102,         0.508,         0.532
         0.102,         0.511,         0.532
         0.104,         0.511,         0.530
         0.105,         0.511,         0.529
         0.106,         0.511,         0.528
         0.106,         0.518,         0.528
         0.108,         0.518,         0.526
         0.108,         0.520,         0.526
         0.108,         0.520,         0.526
         0.108,         0.522,         0.526
         0.108,         0.522,         0.525
         0.108,         0.527,         0.525
         0.108,         0.527,         0.524
         0.108,         0.529,         0.524
         0.110,         0.529,         0.520
         0.110,         0.532,         0.520
         0.111,         0.532,         0.519
         0.111,         0.534,         0.519
         0.113,         0.534,         0.516
         0.113,         0.536,         0.516
         0.114,         0.536,         0.514
         0.114,         0.539,         0.514
         0.115,         0.539,         0.513
         0.115,         0.541,         0.513
         0.115,         0.541,         0.512
         0.118,         0.541,         0.510
         0.118,         0.543,         0.510
         0.119,         0.543,         0.510
         0.119,         0.546,         0.510
         0.119,         0.546,         0.510
         0.119,         0.548,         0.510
         0.120,         0.548,         0.509
         0.120,         0.550,         0.509
         0.120,         0.550,         0.508
         0.120,         0.553,         0.508
         0.121,         0.553,         0.506
         0.121,         0.555,         0.506
         0.123,         0.555,         0.505
         0.123,         0.557,         0.505
         0.125,         0.557,         0.501
         0.125,         0.560,         0.501
         0.126,         0.560,         0.501
         0.126,         0.562,         0.500
         0.126,         0.562,         0.500
         0.126,         0.564,         0.500
         0.126,         0.564,         0.500
         0.126,         0.567,         0.500
         0.127,         0.567,         0.499
         0.127,         0.569,         0.499
         0.127,         0.569,         0.499
         0.127,         0.571,         0.499
         0.129,         0.571,         0.498
         0.129,         0.574,         0.498
         0.129,         0.574,         0.496
         0.129,         0.576,         0.496
         0.132,         0.576,         0.494
         0.132,         0.578,         0.493
         0.133,         0.578,         0.493
         0.133,         0.581,         0.493
         0.134,         0.581,         0.493
         0.135,         0.581,         0.493
         0.135,         0.583,         0.493
         0.137,         0.583,         0.492
         0.137,         0.585,         0.491
         0.137,         0.585,         0.491
         0.137,         0.588,         0.491
         0.137,         0.588,         0.491
         0.137,         0.590,         0.490
         0.137,         0.590,         0.490
         0.137,         0.593,         0.490
         0.138,         0.593,         0.489
         0.138,         0.593,         0.489
         0.140,         0.593,         0.489
         0.140,         0.593,         0.489
         0.142,         0.593,         0.488
         0.142,         0.595,         0.488
         0.142,         0.595,         0.488
         0.143,         0.595,         0.487
         0.143,         0.597,         0.487
         0.144,         0.597,         0.485
         0.144,         0.600,         0.485
         0.146,         0.600,         0.484
         0.146,         0.602,         0.484
         0.146,         0.602,         0.484
         0.146,         0.607,         0.484
         0.147,         0.607,         0.484
         0.147,         0.609,         0.483
         0.148,         0.609,         0.483
         0.148,         0.611,         0.482
         0.149,         0.611,         0.481
         0.149,         0.614,         0.481
         0.150,         0.614,         0.480
         0.150,         0.616,         0.480
         0.151,         0.616,         0.480
         0.151,         0.621,         0.479
         0.151,         0.621,         0.479
         0.151,         0.623,         0.479
         0.151,         0.623,         0.479
         0.151,         0.625,         0.479
         0.152,         0.625,         0.478
         0.152,         0.628,         0.478
         0.153,         0.628,         0.478
         0.153,         0.630,         0.477
         0.153,         0.630,         0.477
         0.153,         0.632,         0.477
         0.154,         0.632,         0.476
         0.154,         0.635,         0.476
         0.158,         0.635,         0.474
         0.158,         0.637,         0.474
         0.161,         0.637,         0.471
         0.161,         0.639,         0.471
         0.164,         0.639,         0.469
         0.164,         0.642,         0.469
         0.167,         0.642,         0.466
         0.167,         0.644,         0.466
         0.170,         0.644,         0.463
         0.170,         0.646,         0.463
         0.173,         0.646,         0.462
         0.173,         0.649,         0.462
         0.174,         0.649,         0.461
         0.174,         0.651,         0.461
         0.177,         0.651,         0.459
         0.177,         0.656,         0.459
         0.179,         0.656,         0.457
         0.179,         0.658,         0.457
         0.180,         0.658,         0.456
         0.180,         0.658,         0.456
         0.182,         0.658,         0.455
         0.200,         0.658,         0.455
         0.201,         0.658,         0.455
         0.201,         0.660,         0.455
         0.202,         0.660,         0.454
         0.202,         0.663,         0.454
         0.204,         0.663,         0.452
         0.204,         0.667,         0.452
         0.205,         0.667,         0.452
         0.205,         0.670,         0.451
         0.207,         0.670,         0.450
         0.207,         0.672,         0.450
         0.207,         0.672,         0.450
         0.207,         0.674,         0.450
         0.208,         0.674,         0.450
         0.208,         0.677,         0.450
         0.209,         0.677,         0.449
         0.209,         0.679,         0.449
         0.212,         0.679,         0.447
         0.212,         0.681,         0.447
         0.213,         0.681,         0.445
         0.213,         0.684,         0.445
         0.215,         0.684,         0.445
         0.215,         0.684,         0.445
         0.216,         0.684,         0.444
         0.216,         0.686,         0.444
         0.217,         0.686,         0.444
         0.217,         0.689,         0.444
         0.221,         0.689,         0.441
         0.221,         0.693,         0.441
         0.225,         0.693,         0.438
         0.225,         0.696,         0.438
         0.225,         0.696,         0.438
         0.225,         0.700,         0.438
         0.229,         0.700,         0.436
         0.229,         0.703,         0.436
         0.234,         0.703,         0.433
         0.234,         0.707,         0.433
         0.239,         0.707,         0.430
         0.239,         0.710,         0.430
         0.244,         0.710,         0.427
         0.244,         0.717,         0.427
         0.244,         0.717,         0.427
         0.244,         0.719,         0.426
         0.245,         0.719,         0.426
         0.245,         0.721,         0.426
         0.246,         0.721,         0.425
         0.246,         0.724,         0.425
         0.249,         0.724,         0.424
         0.249,         0.726,         0.424
         0.249,         0.726,         0.424
         0.249,         0.728,         0.424
         0.254,         0.728,         0.421
         0.254,         0.731,         0.421
         0.254,         0.731,         0.421
         0.254,         0.733,         0.421
         0.256,         0.733,         0.420
         0.256,         0.735,         0.419
         0.256,         0.735,         0.419
         0.256,         0.738,         0.419
         0.257,         0.738,         0.419
         0.257,         0.740,         0.419
         0.260,         0.740,         0.416
         0.260,         0.742,         0.416
         0.266,         0.742,         0.413
         0.266,         0.747,         0.413
         0.268,         0.747,         0.412
         0.268,         0.749,         0.411
         0.269,         0.749,         0.411
         0.269,         0.752,         0.411
         0.270,         0.752,         0.410
         0.270,         0.754,         0.410
         0.272,         0.754,         0.409
         0.272,         0.756,         0.409
         0.275,         0.756,         0.407
         0.275,         0.759,         0.407
         0.278,         0.759,         0.406
         0.278,         0.761,         0.406
         0.281,         0.761,         0.404
         0.281,         0.763,         0.404
         0.282,         0.763,         0.404
         0.282,         0.766,         0.403
         0.284,         0.766,         0.403
         0.284,         0.768,         0.403
         0.290,         0.768,         0.400
         0.290,         0.770,         0.400
         0.297,         0.770,         0.397
         0.297,         0.773,         0.397
         0.297,         0.773,         0.397
         0.297,         0.775,         0.397
         0.301,         0.775,         0.396
         0.301,         0.778,         0.396
         0.302,         0.778,         0.395
         0.302,         0.780,         0.395
         0.313,         0.780,         0.390
         0.313,         0.782,         0.390
         0.313,         0.782,         0.389
         0.313,         0.785,         0.389
         0.313,         0.785,         0.389
         0.313,         0.787,         0.389
         0.314,         0.787,         0.388
         0.314,         0.792,         0.388
         0.317,         0.792,         0.387
         0.317,         0.794,         0.387
         0.320,         0.794,         0.385
         0.320,         0.796,         0.385
         0.320,         0.796,         0.385
         0.320,         0.799,         0.385
         0.322,         0.799,         0.384
         0.322,         0.801,         0.384
         0.325,         0.801,         0.383
         0.325,         0.803,         0.383
         0.333,         0.803,         0.380
         0.333,         0.806,         0.380
         0.336,         0.806,         0.378
         0.336,         0.808,         0.378
         0.337,         0.808,         0.378
         0.337,         0.810,         0.378
         0.344,         0.810,         0.375
         0.344,         0.813,         0.375
         0.344,         0.813,         0.375
         0.344,         0.815,         0.375
         0.345,         0.815,         0.374
         0.345,         0.817,         0.374
         0.347,         0.817,         0.374
         0.347,         0.820,         0.374
         0.350,         0.820,         0.372
         0.350,         0.822,         0.372
         0.357,         0.822,         0.370
         0.357,         0.824,         0.370
         0.358,         0.824,         0.369
         0.358,         0.827,         0.369
         0.361,         0.827,         0.368
         0.361,         0.829,         0.368
         0.366,         0.829,         0.366
         0.366,         0.831,         0.366
         0.368,         0.831,         0.365
         0.368,         0.834,         0.365
         0.371,         0.834,         0.363
         0.371,         0.836,         0.363
         0.373,         0.836,         0.362
         0.373,         0.838,         0.362
         0.376,         0.838,         0.361
         0.376,         0.841,         0.361
         0.380,         0.841,         0.360
         0.381,         0.841,         0.360
         0.386,         0.841,         0.357
         0.386,         0.843,         0.357
         0.389,         0.843,         0.357
         0.389,         0.845,         0.357
         0.391,         0.845,         0.356
         0.391,         0.845,         0.356
         0.394,         0.845,         0.355
         0.394,         0.848,         0.355
         0.402,         0.848,         0.352
         0.402,         0.850,         0.352
         0.414,         0.850,         0.348
         0.414,         0.852,         0.348
         0.417,         0.852,         0.347
         0.417,         0.855,         0.347
         0.430,         0.855,         0.343
         0.430,         0.857,         0.342
         0.431,         0.857,         0.342
         0.431,         0.859,         0.342
         0.432,         0.859,         0.342
         0.432,         0.864,         0.342
         0.456,         0.864,         0.333
         0.456,         0.867,         0.333
         0.457,         0.867,         0.333
         0.457,         0.869,         0.333
         0.467,         0.869,         0.329
         0.467,         0.871,         0.329
         0.474,         0.871,         0.327
         0.474,         0.874,         0.327
         0.487,         0.874,         0.321
         0.487,         0.876,         0.321
         0.493,         0.876,         0.320
         0.493,         0.876,         0.320
         0.507,         0.876,         0.315
         0.507,         0.878,         0.315
         0.515,         0.878,         0.313
         0.515,         0.881,         0.313
         0.516,         0.881,         0.312
         0.516,         0.883,         0.312
         0.516,         0.883,         0.312
         0.516,         0.885,         0.312
         0.518,         0.885,         0.312
         0.518,         0.888,         0.312
         0.520,         0.888,         0.311
         0.520,         0.890,         0.311
         0.523,         0.890,         0.310
         0.523,         0.892,         0.310
         0.536,         0.892,         0.307
         0.536,         0.892,         0.306
         0.538,         0.892,         0.306
         0.538,         0.895,         0.306
         0.540,         0.895,         0.306
         0.540,         0.897,         0.306
         0.541,         0.897,         0.305
         0.541,         0.899,         0.305
         0.543,         0.899,         0.304
         0.543,         0.902,         0.304
         0.547,         0.902,         0.303
         0.547,         0.904,         0.303
         0.552,         0.904,         0.302
         0.552,         0.906,         0.302
         0.554,         0.906,         0.301
         0.554,         0.909,         0.301
         0.557,         0.909,         0.301
         0.557,         0.909,         0.300
         0.558,         0.909,         0.300
         0.558,         0.911,         0.300
         0.568,         0.911,         0.298
         0.568,         0.913,         0.298
         0.572,         0.913,         0.297
         0.572,         0.916,         0.297
         0.576,         0.916,         0.295
         0.576,         0.918,         0.295
         0.577,         0.918,         0.295
         0.577,         0.920,         0.295
         0.594,         0.920,         0.290
         0.594,         0.923,         0.290
         0.602,         0.923,         0.288
         0.602,         0.923,         0.288
         0.608,         0.923,         0.287
         0.608,         0.925,         0.287
         0.635,         0.925,         0.279
         0.635,         0.927,         0.279
         0.637,         0.927,         0.279
         0.637,         0.930,         0.279
         0.644,         0.930,         0.277
         0.644,         0.932,         0.277
         0.646,         0.932,         0.276
         0.646,         0.934,         0.276
         0.646,         0.934,         0.276
         0.646,         0.937,         0.276
         0.657,         0.937,         0.273
         0.657,         0.937,         0.273
         0.657,         0.937,         0.273
         0.658,         0.937,         0.273
         0.670,         0.937,         0.270
         0.671,         0.937,         0.270
         0.671,         0.937,         0.270
         0.671,         0.939,         0.270
         0.672,         0.939,         0.269
         0.672,         0.941,         0.269
         0.673,         0.941,         0.269
         0.673,         0.944,         0.269
         0.676,         0.944,         0.268
         0.676,         0.946,         0.268
         0.680,         0.946,         0.267
         0.680,         0.946,         0.267
         0.684,         0.946,         0.266
         0.684,         0.948,         0.266
         0.694,         0.948,         0.264
         0.694,         0.951,         0.264
         0.702,         0.951,         0.261
         0.702,         0.953,         0.261
         0.712,         0.953,         0.257
         0.712,         0.958,         0.257
         0.716,         0.958,         0.256
         0.716,         0.960,         0.256
         0.719,         0.960,         0.255
         0.719,         0.960,         0.255
         0.719,         0.960,         0.255
         0.719,         0.963,         0.255
         0.728,         0.963,         0.253
         0.728,         0.963,         0.253
         0.738,         0.963,         0.250
         0.738,         0.965,         0.250
         0.744,         0.965,         0.249
         0.744,         0.965,         0.249
         0.758,         0.965,         0.245
         0.758,         0.967,         0.245
         0.781,         0.967,         0.238
         0.781,         0.970,         0.238
         0.789,         0.970,         0.236
         0.789,         0.972,         0.236
         0.795,         0.972,         0.234
         0.795,         0.974,         0.234
         0.800,         0.974,         0.233
         0.800,         0.974,         0.233
         0.806,         0.974,         0.231
         0.806,         0.974,         0.231
         0.810,         0.974,         0.230
         0.810,         0.977,         0.230
         0.814,         0.977,         0.229
         0.814,         0.979,         0.229
         0.817,         0.979,         0.228
         0.818,         0.979,         0.228
         0.842,         0.979,         0.220
         0.842,         0.981,         0.220
         0.887,         0.981,         0.204
         0.887,         0.986,         0.204
         0.896,         0.986,         0.201
         0.896,         0.988,         0.201
         0.897,         0.988,         0.201
         0.897,         0.991,         0.201
         0.903,         0.991,         0.198
         0.904,         0.991,         0.198
         0.909,         0.991,         0.196
         0.909,         0.993,         0.196
         0.911,         0.993,         0.195
         0.911,         0.995,         0.195
         0.917,         0.995,         0.192
         0.917,         0.998,         0.192
         0.950,         0.998,         0.174
         0.950,         1.000,         0.174
         0.966,         1.000,         0.165
         0.967,         1.000,         0.165
         1.000,         1.000,         0.071
