false_pos_rate,true_pos_rate,threshold
         0.000,         0.000,         1.264
         0.000,         0.003,         0.264
         0.000,         0.003,         0.250
         0.000,         0.018,         0.205
         0.000,         0.018,         0.204
         0.000,         0.031,         0.196
         0.001,         0.031,         0.191
         0.001,         0.042,         0.184
         0.001,         0.042,         0.182
         0.001,         0.060,         0.174
         0.001,         0.060,         0.172
         0.001,         0.068,         0.168
         0.001,         0.068,         0.167
         0.001,         0.073,         0.164
         0.002,         0.073,         0.163
         0.002,         0.079,         0.161
         0.002,         0.079,         0.160
         0.002,         0.086,         0.158
         0.002,         0.086,         0.157
         0.002,         0.099,         0.153
         0.002,         0.099,         0.152
         0.002,         0.105,         0.151
         0.002,         0.105,         0.149
         0.002,         0.107,         0.149
         0.002,         0.107,         0.149
         0.002,         0.118,         0.148
         0.003,         0.118,         0.145
         0.003,         0.120,         0.144
         0.003,         0.120,         0.144
         0.003,         0.126,         0.143
         0.004,         0.126,         0.142
         0.004,         0.131,         0.139
         0.004,         0.131,         0.138
         0.004,         0.152,         0.134
         0.004,         0.152,         0.133
         0.004,         0.157,         0.133
         0.004,         0.157,         0.133
         0.004,         0.191,         0.127
         0.005,         0.191,         0.126
         0.005,         0.194,         0.125
         0.005,         0.194,         0.125
         0.005,         0.215,         0.124
         0.005,         0.215,         0.120
         0.005,         0.217,         0.118
         0.006,         0.217,         0.113
         0.006,         0.220,         0.112
         0.006,         0.220,         0.112
         0.006,         0.225,         0.110
         0.007,         0.225,         0.110
         0.007,         0.228,         0.109
         0.007,         0.228,         0.109
         0.007,         0.233,         0.105
         0.008,         0.233,         0.104
         0.008,         0.238,         0.104
         0.008,         0.238,         0.103
         0.008,         0.249,         0.100
         0.008,         0.249,         0.100
         0.008,         0.251,         0.099
         0.008,         0.251,         0.099
         0.008,         0.257,         0.098
         0.009,         0.257,         0.097
         0.009,         0.259,         0.096
         0.009,         0.259,         0.095
         0.009,         0.267,         0.094
         0.010,         0.267,         0.094
         0.010,         0.283,         0.091
         0.010,         0.283,         0.089
         0.010,         0.285,         0.089
         0.010,         0.285,         0.089
         0.010,         0.291,         0.088
         0.011,         0.291,         0.087
         0.011,         0.301,         0.085
         0.011,         0.301,         0.083
         0.011,         0.304,         0.083
         0.012,         0.304,         0.083
         0.012,         0.306,         0.083
         0.012,         0.306,         0.082
         0.012,         0.314,         0.081
         0.012,         0.314,         0.080
         0.012,         0.319,         0.080
         0.012,         0.319,         0.080
         0.012,         0.325,         0.079
         0.012,         0.325,         0.079
         0.012,         0.327,         0.078
         0.013,         0.327,         0.077
         0.013,         0.330,         0.077
         0.013,         0.330,         0.075
         0.013,         0.332,         0.075
         0.014,         0.332,         0.074
         0.014,         0.340,         0.072
         0.014,         0.340,         0.072
         0.014,         0.343,         0.072
         0.014,         0.343,         0.071
         0.014,         0.346,         0.071
         0.015,         0.346,         0.070
         0.015,         0.348,         0.070
         0.015,         0.348,         0.069
         0.015,         0.351,         0.069
         0.015,         0.351,         0.069
         0.015,         0.353,         0.069
         0.016,         0.353,         0.068
         0.016,         0.356,         0.068
         0.016,         0.356,         0.068
         0.016,         0.359,         0.067
         0.017,         0.359,         0.065
         0.017,         0.361,         0.065
         0.017,         0.361,         0.064
         0.017,         0.364,         0.064
         0.017,         0.364,         0.064
         0.017,         0.369,         0.064
         0.018,         0.369,         0.062
         0.018,         0.372,         0.062
         0.018,         0.372,         0.061
         0.018,         0.374,         0.061
         0.019,         0.374,         0.059
         0.019,         0.377,         0.058
         0.020,         0.377,         0.056
         0.020,         0.380,         0.056
         0.020,         0.380,         0.054
         0.020,         0.382,         0.054
         0.020,         0.382,         0.054
         0.020,         0.387,         0.054
         0.021,         0.387,         0.050
         0.021,         0.393,         0.050
         0.022,         0.393,         0.049
         0.022,         0.401,         0.048
         0.023,         0.401,         0.047
         0.023,         0.403,         0.047
         0.023,         0.403,         0.046
         0.023,         0.408,         0.046
         0.023,         0.408,         0.046
         0.023,         0.411,         0.046
         0.024,         0.411,         0.043
         0.024,         0.414,         0.043
         0.024,         0.414,         0.043
         0.024,         0.419,         0.042
         0.025,         0.419,         0.041
         0.025,         0.424,         0.039
         0.027,         0.424,         0.035
         0.027,         0.427,         0.035
         0.027,         0.427,         0.035
         0.027,         0.435,         0.034
         0.028,         0.435,         0.034
         0.028,         0.440,         0.033
         0.029,         0.440,         0.032
         0.029,         0.445,         0.031
         0.029,         0.445,         0.031
         0.029,         0.448,         0.031
         0.030,         0.448,         0.030
         0.030,         0.450,         0.030
         0.030,         0.450,         0.028
         0.030,         0.453,         0.028
         0.031,         0.453,         0.027
         0.031,         0.461,         0.027
         0.031,         0.461,         0.026
         0.031,         0.463,         0.026
         0.033,         0.463,         0.024
         0.033,         0.466,         0.023
         0.033,         0.466,         0.022
         0.033,         0.471,         0.022
         0.034,         0.471,         0.022
         0.034,         0.476,         0.021
         0.034,         0.476,         0.019
         0.034,         0.482,         0.018
         0.035,         0.482,         0.018
         0.035,         0.484,         0.018
         0.035,         0.484,         0.017
         0.035,         0.487,         0.017
         0.035,         0.487,         0.017
         0.035,         0.490,         0.016
         0.035,         0.490,         0.015
         0.035,         0.495,         0.014
         0.035,         0.495,         0.014
         0.035,         0.497,         0.014
         0.036,         0.497,         0.014
         0.036,         0.500,         0.014
         0.036,         0.500,         0.014
         0.036,         0.503,         0.013
         0.038,         0.503,         0.011
         0.038,         0.503,         0.011
         0.038,         0.508,         0.010
         0.039,         0.508,         0.010
         0.039,         0.510,         0.009
         0.040,         0.510,         0.007
         0.040,         0.513,         0.007
         0.040,         0.513,         0.007
         0.040,         0.518,         0.006
         0.041,         0.518,         0.006
         0.041,         0.521,         0.005
         0.041,         0.521,         0.005
         0.041,         0.524,         0.005
         0.042,         0.524,         0.004
         0.042,         0.526,         0.004
         0.043,         0.526,         0.003
         0.043,         0.529,         0.003
         0.045,         0.529,         0.001
         0.045,         0.531,         0.000
         0.045,         0.531,         0.000
         0.045,         0.534,         0.000
         0.046,         0.534,        -0.003
         0.046,         0.537,        -0.003
         0.047,         0.537,        -0.005
         0.047,         0.539,        -0.005
         0.048,         0.539,        -0.005
         0.048,         0.542,        -0.005
         0.049,         0.542,        -0.008
         0.049,         0.545,        -0.008
         0.050,         0.545,        -0.009
         0.050,         0.550,        -0.009
         0.051,         0.550,        -0.011
         0.051,         0.552,        -0.011
         0.052,         0.552,        -0.011
         0.052,         0.555,        -0.012
         0.052,         0.555,        -0.012
         0.052,         0.558,        -0.013
         0.052,         0.558,        -0.013
         0.052,         0.560,        -0.014
         0.052,         0.560,        -0.014
         0.052,         0.563,        -0.015
         0.053,         0.563,        -0.015
         0.053,         0.565,        -0.015
         0.053,         0.565,        -0.015
         0.053,         0.568,        -0.015
         0.053,         0.568,        -0.016
         0.053,         0.571,        -0.016
         0.057,         0.571,        -0.020
         0.057,         0.573,        -0.021
         0.058,         0.573,        -0.021
         0.058,         0.576,        -0.021
         0.058,         0.576,        -0.022
         0.058,         0.579,        -0.022
         0.059,         0.579,        -0.025
         0.059,         0.581,        -0.025
         0.059,         0.581,        -0.025
         0.059,         0.584,        -0.026
         0.060,         0.584,        -0.026
         0.060,         0.586,        -0.026
         0.062,         0.586,        -0.028
         0.062,         0.589,        -0.028
         0.062,         0.589,        -0.029
         0.062,         0.592,        -0.029
         0.064,         0.592,        -0.031
         0.064,         0.597,        -0.031
         0.065,         0.597,        -0.032
         0.065,         0.599,        -0.032
         0.066,         0.599,        -0.033
         0.066,         0.602,        -0.033
         0.066,         0.602,        -0.033
         0.066,         0.610,        -0.034
         0.067,         0.610,        -0.034
         0.067,         0.613,        -0.034
         0.067,         0.613,        -0.034
         0.067,         0.615,        -0.035
         0.068,         0.615,        -0.037
         0.068,         0.618,        -0.037
         0.069,         0.618,        -0.037
         0.069,         0.623,        -0.037
         0.071,         0.623,        -0.040
         0.071,         0.626,        -0.040
         0.074,         0.626,        -0.042
         0.074,         0.628,        -0.042
         0.074,         0.628,        -0.042
         0.074,         0.634,        -0.043
         0.074,         0.634,        -0.044
         0.074,         0.636,        -0.044
         0.075,         0.636,        -0.044
         0.075,         0.639,        -0.045
         0.075,         0.639,        -0.045
         0.075,         0.641,        -0.045
         0.078,         0.641,        -0.047
         0.078,         0.644,        -0.047
         0.081,         0.644,        -0.050
         0.081,         0.647,        -0.050
         0.082,         0.647,        -0.051
         0.082,         0.649,        -0.051
         0.084,         0.649,        -0.053
         0.084,         0.652,        -0.053
         0.085,         0.652,        -0.054
         0.085,         0.654,        -0.054
         0.089,         0.654,        -0.057
         0.089,         0.657,        -0.058
         0.089,         0.657,        -0.058
         0.089,         0.662,        -0.058
         0.091,         0.662,        -0.060
         0.091,         0.665,        -0.060
         0.091,         0.665,        -0.061
         0.091,         0.668,        -0.061
         0.093,         0.668,        -0.063
         0.093,         0.670,        -0.064
         0.094,         0.670,        -0.064
         0.094,         0.673,        -0.064
         0.095,         0.673,        -0.064
         0.095,         0.678,        -0.064
         0.096,         0.678,        -0.066
         0.096,         0.681,        -0.067
         0.100,         0.681,        -0.070
         0.100,         0.683,        -0.070
         0.100,         0.683,        -0.070
         0.100,         0.686,        -0.070
         0.101,         0.686,        -0.071
         0.101,         0.688,        -0.071
         0.102,         0.688,        -0.071
         0.102,         0.691,        -0.072
         0.103,         0.691,        -0.073
         0.103,         0.694,        -0.073
         0.104,         0.694,        -0.074
         0.104,         0.696,        -0.074
         0.105,         0.696,        -0.075
         0.105,         0.699,        -0.075
         0.105,         0.699,        -0.075
         0.105,         0.702,        -0.075
         0.109,         0.702,        -0.079
         0.109,         0.707,        -0.079
         0.111,         0.707,        -0.080
         0.111,         0.712,        -0.081
         0.111,         0.712,        -0.081
         0.111,         0.715,        -0.081
         0.111,         0.715,        -0.082
         0.111,         0.717,        -0.082
         0.112,         0.717,        -0.082
         0.112,         0.720,        -0.082
         0.112,         0.720,        -0.082
         0.112,         0.725,        -0.082
         0.114,         0.725,        -0.083
         0.114,         0.728,        -0.083
         0.115,         0.728,        -0.084
         0.115,         0.730,        -0.084
         0.115,         0.730,        -0.085
         0.115,         0.733,        -0.085
         0.118,         0.733,        -0.087
         0.118,         0.741,        -0.087
         0.119,         0.741,        -0.088
         0.119,         0.746,        -0.088
         0.120,         0.746,        -0.089
         0.120,         0.749,        -0.089
         0.123,         0.749,        -0.092
         0.123,         0.754,        -0.092
         0.124,         0.754,        -0.093
         0.124,         0.759,        -0.093
         0.124,         0.759,        -0.093
         0.124,         0.762,        -0.093
         0.126,         0.762,        -0.094
         0.126,         0.764,        -0.094
         0.127,         0.764,        -0.094
         0.127,         0.767,        -0.095
         0.129,         0.767,        -0.097
         0.129,         0.770,        -0.097
         0.129,         0.770,        -0.097
         0.129,         0.772,        -0.097
         0.131,         0.772,        -0.097
         0.131,         0.777,        -0.098
         0.132,         0.777,        -0.098
         0.132,         0.780,        -0.098
         0.134,         0.780,        -0.100
         0.134,         0.783,        -0.100
         0.137,         0.783,        -0.101
         0.137,         0.785,        -0.101
         0.137,         0.785,        -0.101
         0.137,         0.788,        -0.101
         0.139,         0.788,        -0.104
         0.139,         0.791,        -0.104
         0.141,         0.791,        -0.105
         0.141,         0.796,        -0.105
         0.143,         0.796,        -0.106
         0.143,         0.798,        -0.107
         0.143,         0.798,        -0.107
         0.143,         0.801,        -0.108
         0.144,         0.801,        -0.108
         0.144,         0.806,        -0.108
         0.144,         0.806,        -0.108
         0.144,         0.809,        -0.108
         0.148,         0.809,        -0.111
         0.148,         0.812,        -0.112
         0.149,         0.812,        -0.112
         0.149,         0.814,        -0.112
         0.151,         0.814,        -0.114
         0.151,         0.817,        -0.114
         0.154,         0.817,        -0.115
         0.154,         0.819,        -0.115
         0.156,         0.819,        -0.116
         0.156,         0.819,        -0.116
         0.166,         0.819,        -0.122
         0.166,         0.822,        -0.122
         0.166,         0.822,        -0.122
         0.166,         0.825,        -0.122
         0.171,         0.825,        -0.124
         0.171,         0.827,        -0.124
         0.173,         0.827,        -0.125
         0.173,         0.830,        -0.126
         0.180,         0.830,        -0.130
         0.180,         0.832,        -0.130
         0.182,         0.832,        -0.131
         0.182,         0.835,        -0.131
         0.183,         0.835,        -0.132
         0.183,         0.838,        -0.132
         0.187,         0.838,        -0.134
         0.187,         0.840,        -0.134
         0.188,         0.840,        -0.135
         0.188,         0.843,        -0.135
         0.188,         0.843,        -0.135
         0.188,         0.846,        -0.135
         0.189,         0.846,        -0.136
         0.189,         0.848,        -0.136
         0.194,         0.848,        -0.138
         0.194,         0.848,        -0.138
         0.197,         0.848,        -0.139
         0.197,         0.851,        -0.139
         0.198,         0.851,        -0.140
         0.198,         0.853,        -0.140
         0.203,         0.853,        -0.142
         0.204,         0.853,        -0.142
         0.207,         0.853,        -0.144
         0.207,         0.859,        -0.144
         0.212,         0.859,        -0.147
         0.212,         0.861,        -0.147
         0.224,         0.861,        -0.153
         0.224,         0.864,        -0.153
         0.231,         0.864,        -0.155
         0.231,         0.866,        -0.155
         0.233,         0.866,        -0.157
         0.233,         0.869,        -0.157
         0.234,         0.869,        -0.157
         0.234,         0.872,        -0.157
         0.236,         0.872,        -0.158
         0.236,         0.874,        -0.158
         0.239,         0.874,        -0.160
         0.239,         0.877,        -0.160
         0.240,         0.877,        -0.160
         0.240,         0.880,        -0.161
         0.241,         0.880,        -0.161
         0.241,         0.882,        -0.161
         0.243,         0.882,        -0.162
         0.243,         0.885,        -0.162
         0.245,         0.885,        -0.163
         0.246,         0.885,        -0.163
         0.250,         0.885,        -0.166
         0.250,         0.887,        -0.166
         0.251,         0.887,        -0.166
         0.251,         0.890,        -0.166
         0.252,         0.890,        -0.167
         0.252,         0.893,        -0.167
         0.253,         0.893,        -0.168
         0.253,         0.895,        -0.168
         0.265,         0.895,        -0.173
         0.265,         0.898,        -0.173
         0.272,         0.898,        -0.176
         0.272,         0.901,        -0.176
         0.275,         0.901,        -0.177
         0.276,         0.901,        -0.177
         0.276,         0.901,        -0.177
         0.276,         0.903,        -0.177
         0.295,         0.903,        -0.184
         0.295,         0.908,        -0.184
         0.298,         0.908,        -0.185
         0.298,         0.911,        -0.185
         0.308,         0.911,        -0.191
         0.309,         0.911,        -0.191
         0.312,         0.911,        -0.191
         0.312,         0.911,        -0.191
         0.333,         0.911,        -0.200
         0.333,         0.914,        -0.200
         0.339,         0.914,        -0.202
         0.339,         0.916,        -0.202
         0.343,         0.916,        -0.204
         0.343,         0.919,        -0.204
         0.349,         0.919,        -0.206
         0.349,         0.919,        -0.206
         0.350,         0.919,        -0.206
         0.352,         0.924,        -0.206
         0.355,         0.924,        -0.207
         0.355,         0.927,        -0.207
         0.357,         0.927,        -0.208
         0.357,         0.929,        -0.208
         0.357,         0.929,        -0.209
         0.358,         0.929,        -0.209
         0.360,         0.929,        -0.210
         0.360,         0.932,        -0.210
         0.372,         0.932,        -0.214
         0.372,         0.935,        -0.214
         0.381,         0.935,        -0.217
         0.381,         0.935,        -0.217
         0.383,         0.935,        -0.218
         0.384,         0.935,        -0.218
         0.388,         0.935,        -0.220
         0.388,         0.937,        -0.220
         0.393,         0.937,        -0.222
         0.393,         0.940,        -0.222
         0.396,         0.940,        -0.223
         0.397,         0.940,        -0.223
         0.404,         0.940,        -0.226
         0.404,         0.942,        -0.226
         0.406,         0.942,        -0.227
         0.407,         0.942,        -0.227
         0.416,         0.942,        -0.231
         0.416,         0.945,        -0.231
         0.426,         0.945,        -0.234
         0.426,         0.950,        -0.234
         0.429,         0.950,        -0.235
         0.430,         0.950,        -0.235
         0.446,         0.950,        -0.241
         0.447,         0.950,        -0.241
         0.450,         0.950,        -0.242
         0.450,         0.950,        -0.242
         0.461,         0.950,        -0.247
         0.461,         0.950,        -0.247
         0.463,         0.950,        -0.247
         0.463,         0.953,        -0.247
         0.474,         0.953,        -0.252
         0.474,         0.955,        -0.252
         0.477,         0.955,        -0.253
         0.479,         0.955,        -0.253
         0.496,         0.955,        -0.258
         0.496,         0.955,        -0.258
         0.508,         0.955,        -0.262
         0.509,         0.955,        -0.262
         0.511,         0.955,        -0.263
         0.512,         0.955,        -0.263
         0.514,         0.955,        -0.264
         0.514,         0.955,        -0.264
         0.515,         0.955,        -0.264
         0.515,         0.955,        -0.264
         0.517,         0.955,        -0.265
         0.517,         0.961,        -0.265
         0.519,         0.961,        -0.265
         0.519,         0.961,        -0.265
         0.554,         0.961,        -0.278
         0.573,         0.961,        -0.278
         0.578,         0.961,        -0.279
         0.578,         0.963,        -0.279
         0.579,         0.963,        -0.280
         0.580,         0.963,        -0.280
         0.580,         0.963,        -0.280
         0.581,         0.963,        -0.280
         0.582,         0.963,        -0.281
         0.582,         0.966,        -0.281
         0.604,         0.966,        -0.287
         0.604,         0.966,        -0.287
         0.621,         0.966,        -0.292
         0.622,         0.966,        -0.292
         0.627,         0.966,        -0.293
         0.628,         0.966,        -0.293
         0.632,         0.966,        -0.295
         0.632,         0.966,        -0.295
         0.641,         0.966,        -0.298
         0.641,         0.966,        -0.298
         0.644,         0.966,        -0.299
         0.644,         0.969,        -0.299
         0.645,         0.969,        -0.299
         0.645,         0.971,        -0.299
         0.650,         0.971,        -0.301
         0.650,         0.971,        -0.301
         0.651,         0.971,        -0.301
         0.651,         0.974,        -0.301
         0.662,         0.974,        -0.305
         0.663,         0.974,        -0.305
         0.668,         0.974,        -0.307
         0.668,         0.974,        -0.307
         0.672,         0.974,        -0.308
         0.673,         0.974,        -0.308
         0.679,         0.974,        -0.310
         0.679,         0.976,        -0.310
         0.679,         0.976,        -0.310
         0.680,         0.976,        -0.310
         0.681,         0.976,        -0.311
         0.681,         0.976,        -0.311
         0.685,         0.976,        -0.312
         0.685,         0.979,        -0.312
         0.702,         0.979,        -0.318
         0.702,         0.982,        -0.318
         0.719,         0.982,        -0.325
         0.719,         0.984,        -0.325
         0.743,         0.984,        -0.334
         0.744,         0.984,        -0.334
         0.757,         0.984,        -0.338
         0.757,         0.987,        -0.338
         0.768,         0.987,        -0.341
         0.769,         0.987,        -0.341
         0.770,         0.987,        -0.341
         0.771,         0.987,        -0.341
         0.773,         0.987,        -0.342
         0.773,         0.987,        -0.342
         0.773,         0.987,        -0.343
         0.774,         0.987,        -0.343
         0.791,         0.987,        -0.349
         0.791,         0.990,        -0.349
         0.792,         0.990,        -0.350
         0.792,         0.992,        -0.350
         0.795,         0.992,        -0.351
         0.809,         0.992,        -0.355
         0.809,         0.995,        -0.355
         0.820,         0.995,        -0.361
         0.820,         0.995,        -0.361
         0.826,         0.995,        -0.363
         0.826,         0.995,        -0.363
         0.833,         0.995,        -0.366
         0.833,         0.995,        -0.366
         0.858,         0.995,        -0.379
         0.859,         0.995,        -0.379
         0.868,         0.995,        -0.383
         0.869,         0.995,        -0.383
         0.873,         0.995,        -0.384
         0.873,         0.997,        -0.385
         0.881,         0.997,        -0.389
         0.882,         0.997,        -0.390
         0.892,         0.997,        -0.396
         0.892,         1.000,        -0.396
         0.909,         1.000,        -0.405
         0.909,         1.000,        -0.405
         1.000,         1.000,        -0.623
