false_pos_rate,true_pos_rate,threshold
         0.000,         0.000,         1.566
         0.000,         0.003,         0.566
         0.014,         0.021,         0.537
         0.014,         0.029,         0.514
         0.014,         0.029,         0.474
         0.014,         0.031,         0.469
         0.014,         0.031,         0.450
         0.015,         0.031,         0.439
         0.015,         0.031,         0.436
         0.015,         0.031,         0.434
         0.015,         0.034,         0.434
         0.016,         0.034,         0.430
         0.016,         0.034,         0.428
         0.016,         0.034,         0.423
         0.017,         0.037,         0.419
         0.017,         0.037,         0.417
         0.018,         0.037,         0.415
         0.018,         0.042,         0.406
         0.018,         0.042,         0.404
         0.019,         0.042,         0.403
         0.019,         0.050,         0.401
         0.019,         0.052,         0.400
         0.019,         0.052,         0.399
         0.019,         0.058,         0.396
         0.020,         0.058,         0.396
         0.021,         0.060,         0.395
         0.022,         0.063,         0.393
         0.023,         0.065,         0.390
         0.023,         0.065,         0.389
         0.025,         0.065,         0.388
         0.025,         0.065,         0.386
         0.027,         0.065,         0.386
         0.027,         0.071,         0.386
         0.027,         0.073,         0.385
         0.027,         0.076,         0.384
         0.030,         0.076,         0.384
         0.030,         0.076,         0.382
         0.038,         0.089,         0.382
         0.038,         0.089,         0.382
         0.038,         0.089,         0.381
         0.039,         0.089,         0.380
         0.039,         0.092,         0.380
         0.039,         0.092,         0.380
         0.039,         0.097,         0.378
         0.039,         0.099,         0.378
         0.039,         0.105,         0.376
         0.039,         0.105,         0.376
         0.039,         0.107,         0.374
         0.040,         0.107,         0.374
         0.040,         0.110,         0.373
         0.040,         0.110,         0.372
         0.040,         0.115,         0.371
         0.040,         0.115,         0.371
         0.041,         0.115,         0.369
         0.042,         0.115,         0.369
         0.042,         0.118,         0.368
         0.042,         0.120,         0.366
         0.043,         0.123,         0.365
         0.043,         0.128,         0.364
         0.043,         0.131,         0.364
         0.043,         0.134,         0.364
         0.043,         0.136,         0.363
         0.043,         0.136,         0.363
         0.043,         0.141,         0.362
         0.043,         0.141,         0.362
         0.043,         0.147,         0.360
         0.044,         0.152,         0.360
         0.044,         0.154,         0.360
         0.044,         0.154,         0.360
         0.045,         0.154,         0.358
         0.045,         0.160,         0.356
         0.046,         0.160,         0.355
         0.046,         0.160,         0.355
         0.046,         0.162,         0.354
         0.047,         0.162,         0.353
         0.047,         0.165,         0.353
         0.047,         0.168,         0.352
         0.047,         0.170,         0.351
         0.047,         0.173,         0.349
         0.047,         0.175,         0.349
         0.048,         0.175,         0.349
         0.048,         0.175,         0.348
         0.048,         0.178,         0.348
         0.048,         0.181,         0.347
         0.049,         0.181,         0.347
         0.049,         0.183,         0.346
         0.049,         0.183,         0.346
         0.049,         0.186,         0.346
         0.049,         0.186,         0.346
         0.050,         0.186,         0.344
         0.050,         0.191,         0.342
         0.050,         0.194,         0.342
         0.051,         0.194,         0.341
         0.051,         0.194,         0.340
         0.051,         0.196,         0.340
         0.051,         0.196,         0.340
         0.051,         0.204,         0.338
         0.052,         0.204,         0.338
         0.052,         0.209,         0.338
         0.052,         0.212,         0.338
         0.052,         0.212,         0.337
         0.053,         0.212,         0.336
         0.053,         0.215,         0.335
         0.053,         0.215,         0.335
         0.053,         0.217,         0.335
         0.053,         0.217,         0.334
         0.053,         0.223,         0.334
         0.054,         0.223,         0.333
         0.055,         0.225,         0.333
         0.055,         0.225,         0.333
         0.055,         0.228,         0.332
         0.055,         0.228,         0.332
         0.055,         0.230,         0.331
         0.055,         0.236,         0.330
         0.055,         0.236,         0.330
         0.057,         0.238,         0.330
         0.057,         0.241,         0.329
         0.057,         0.241,         0.329
         0.058,         0.241,         0.328
         0.058,         0.243,         0.327
         0.058,         0.246,         0.327
         0.059,         0.246,         0.326
         0.059,         0.249,         0.326
         0.060,         0.249,         0.325
         0.060,         0.249,         0.324
         0.061,         0.249,         0.324
         0.061,         0.249,         0.323
         0.062,         0.249,         0.323
         0.064,         0.249,         0.322
         0.064,         0.249,         0.322
         0.064,         0.254,         0.321
         0.065,         0.254,         0.321
         0.067,         0.257,         0.321
         0.067,         0.259,         0.321
         0.067,         0.259,         0.319
         0.070,         0.259,         0.319
         0.070,         0.259,         0.318
         0.073,         0.259,         0.317
         0.073,         0.259,         0.316
         0.073,         0.262,         0.316
         0.075,         0.264,         0.315
         0.075,         0.264,         0.315
         0.076,         0.264,         0.315
         0.076,         0.270,         0.314
         0.076,         0.272,         0.314
         0.076,         0.272,         0.314
         0.079,         0.272,         0.313
         0.080,         0.275,         0.313
         0.080,         0.275,         0.313
         0.080,         0.280,         0.312
         0.080,         0.280,         0.312
         0.081,         0.280,         0.312
         0.081,         0.280,         0.311
         0.081,         0.283,         0.311
         0.081,         0.283,         0.311
         0.082,         0.283,         0.310
         0.082,         0.283,         0.309
         0.083,         0.283,         0.309
         0.083,         0.285,         0.308
         0.083,         0.285,         0.308
         0.083,         0.288,         0.308
         0.083,         0.291,         0.308
         0.084,         0.291,         0.307
         0.084,         0.291,         0.305
         0.085,         0.293,         0.305
         0.085,         0.293,         0.305
         0.085,         0.293,         0.304
         0.085,         0.296,         0.303
         0.086,         0.296,         0.303
         0.086,         0.301,         0.302
         0.087,         0.301,         0.302
         0.087,         0.304,         0.301
         0.087,         0.306,         0.301
         0.087,         0.306,         0.301
         0.087,         0.309,         0.300
         0.088,         0.312,         0.300
         0.088,         0.312,         0.299
         0.088,         0.314,         0.299
         0.088,         0.314,         0.299
         0.088,         0.319,         0.298
         0.089,         0.319,         0.298
         0.089,         0.319,         0.298
         0.090,         0.322,         0.298
         0.090,         0.322,         0.297
         0.090,         0.322,         0.296
         0.091,         0.327,         0.296
         0.091,         0.330,         0.296
         0.091,         0.332,         0.295
         0.092,         0.332,         0.295
         0.093,         0.332,         0.295
         0.094,         0.332,         0.294
         0.094,         0.332,         0.294
         0.094,         0.338,         0.294
         0.095,         0.338,         0.293
         0.095,         0.340,         0.293
         0.095,         0.340,         0.292
         0.096,         0.340,         0.292
         0.096,         0.340,         0.291
         0.097,         0.340,         0.291
         0.097,         0.340,         0.290
         0.098,         0.340,         0.290
         0.098,         0.343,         0.289
         0.098,         0.343,         0.289
         0.099,         0.343,         0.288
         0.099,         0.348,         0.287
         0.099,         0.348,         0.287
         0.099,         0.348,         0.287
         0.099,         0.348,         0.287
         0.100,         0.348,         0.287
         0.100,         0.351,         0.286
         0.100,         0.351,         0.286
         0.100,         0.353,         0.286
         0.101,         0.353,         0.285
         0.101,         0.353,         0.285
         0.102,         0.353,         0.285
         0.102,         0.356,         0.285
         0.102,         0.356,         0.284
         0.102,         0.356,         0.284
         0.103,         0.356,         0.284
         0.103,         0.356,         0.283
         0.104,         0.356,         0.282
         0.104,         0.359,         0.282
         0.105,         0.359,         0.282
         0.105,         0.359,         0.281
         0.105,         0.364,         0.281
         0.107,         0.364,         0.281
         0.107,         0.366,         0.280
         0.107,         0.366,         0.280
         0.107,         0.369,         0.280
         0.108,         0.369,         0.280
         0.109,         0.369,         0.279
         0.109,         0.369,         0.279
         0.110,         0.369,         0.279
         0.111,         0.369,         0.278
         0.111,         0.369,         0.278
         0.111,         0.369,         0.277
         0.112,         0.369,         0.277
         0.112,         0.372,         0.277
         0.113,         0.374,         0.276
         0.113,         0.374,         0.276
         0.113,         0.377,         0.275
         0.113,         0.377,         0.275
         0.114,         0.377,         0.275
         0.115,         0.377,         0.274
         0.115,         0.380,         0.274
         0.115,         0.380,         0.274
         0.115,         0.380,         0.273
         0.116,         0.380,         0.273
         0.116,         0.382,         0.272
         0.116,         0.382,         0.272
         0.117,         0.382,         0.272
         0.117,         0.382,         0.271
         0.118,         0.382,         0.271
         0.118,         0.382,         0.271
         0.119,         0.382,         0.271
         0.119,         0.385,         0.270
         0.119,         0.385,         0.270
         0.119,         0.387,         0.270
         0.120,         0.387,         0.269
         0.120,         0.387,         0.268
         0.121,         0.387,         0.268
         0.121,         0.393,         0.268
         0.121,         0.393,         0.267
         0.121,         0.393,         0.266
         0.121,         0.393,         0.266
         0.122,         0.393,         0.266
         0.122,         0.393,         0.266
         0.123,         0.393,         0.265
         0.123,         0.395,         0.265
         0.123,         0.395,         0.264
         0.123,         0.398,         0.264
         0.124,         0.398,         0.263
         0.124,         0.398,         0.263
         0.125,         0.398,         0.263
         0.125,         0.398,         0.261
         0.127,         0.398,         0.261
         0.127,         0.398,         0.260
         0.127,         0.401,         0.260
         0.128,         0.401,         0.259
         0.128,         0.401,         0.258
         0.128,         0.401,         0.258
         0.129,         0.401,         0.258
         0.129,         0.403,         0.257
         0.129,         0.403,         0.257
         0.130,         0.406,         0.257
         0.130,         0.406,         0.256
         0.131,         0.406,         0.255
         0.132,         0.406,         0.254
         0.132,         0.408,         0.254
         0.133,         0.408,         0.254
         0.133,         0.414,         0.253
         0.133,         0.414,         0.253
         0.133,         0.416,         0.253
         0.134,         0.419,         0.252
         0.134,         0.419,         0.252
         0.135,         0.419,         0.251
         0.136,         0.419,         0.250
         0.137,         0.421,         0.250
         0.137,         0.421,         0.249
         0.137,         0.421,         0.249
         0.138,         0.421,         0.247
         0.138,         0.424,         0.247
         0.138,         0.424,         0.247
         0.139,         0.427,         0.247
         0.139,         0.427,         0.247
         0.139,         0.429,         0.246
         0.140,         0.429,         0.246
         0.140,         0.432,         0.246
         0.141,         0.432,         0.244
         0.141,         0.432,         0.243
         0.141,         0.435,         0.243
         0.141,         0.435,         0.243
         0.142,         0.435,         0.242
         0.142,         0.437,         0.242
         0.142,         0.437,         0.241
         0.143,         0.437,         0.239
         0.143,         0.440,         0.239
         0.143,         0.440,         0.238
         0.143,         0.440,         0.238
         0.144,         0.440,         0.237
         0.144,         0.440,         0.237
         0.145,         0.440,         0.236
         0.145,         0.442,         0.236
         0.145,         0.442,         0.235
         0.146,         0.442,         0.233
         0.146,         0.442,         0.232
         0.146,         0.445,         0.232
         0.147,         0.448,         0.232
         0.147,         0.450,         0.231
         0.148,         0.450,         0.228
         0.149,         0.450,         0.228
         0.149,         0.450,         0.227
         0.150,         0.450,         0.227
         0.150,         0.450,         0.225
         0.150,         0.450,         0.224
         0.150,         0.453,         0.224
         0.151,         0.453,         0.224
         0.151,         0.455,         0.224
         0.151,         0.455,         0.222
         0.151,         0.455,         0.221
         0.151,         0.458,         0.220
         0.152,         0.458,         0.220
         0.152,         0.458,         0.219
         0.152,         0.461,         0.219
         0.153,         0.461,         0.217
         0.153,         0.461,         0.216
         0.154,         0.463,         0.215
         0.154,         0.463,         0.213
         0.155,         0.463,         0.212
         0.155,         0.463,         0.209
         0.155,         0.466,         0.208
         0.155,         0.466,         0.206
         0.155,         0.469,         0.206
         0.156,         0.469,         0.205
         0.156,         0.471,         0.205
         0.156,         0.471,         0.201
         0.156,         0.474,         0.200
         0.157,         0.474,         0.197
         0.157,         0.476,         0.194
         0.157,         0.476,         0.193
         0.157,         0.479,         0.192
         0.157,         0.479,         0.192
         0.157,         0.482,         0.189
         0.158,         0.482,         0.187
         0.158,         0.490,         0.183
         0.158,         0.490,         0.181
         0.158,         0.492,         0.179
         0.159,         0.492,         0.176
         0.159,         0.497,         0.174
         0.159,         0.497,         0.171
         0.159,         0.500,         0.171
         0.160,         0.500,         0.166
         0.160,         0.505,         0.164
         0.160,         0.505,         0.163
         0.160,         0.508,         0.162
         0.161,         0.508,         0.152
         0.161,         0.513,         0.152
         0.162,         0.513,         0.143
         0.162,         0.516,         0.139
         0.162,         0.516,         0.139
         0.162,         0.524,         0.138
         0.164,         0.524,         0.134
         0.164,         0.524,         0.133
         0.165,         0.524,         0.132
         0.165,         0.524,         0.132
         0.166,         0.524,         0.127
         0.167,         0.524,         0.127
         0.167,         0.524,         0.127
         0.167,         0.526,         0.125
         0.167,         0.526,         0.125
         0.167,         0.531,         0.125
         0.168,         0.531,         0.124
         0.168,         0.534,         0.123
         0.169,         0.534,         0.120
         0.169,         0.537,         0.120
         0.169,         0.537,         0.119
         0.169,         0.539,         0.118
         0.169,         0.539,         0.118
         0.170,         0.539,         0.118
         0.170,         0.542,         0.118
         0.171,         0.542,         0.116
         0.172,         0.542,         0.116
         0.172,         0.542,         0.116
         0.173,         0.542,         0.115
         0.173,         0.545,         0.114
         0.173,         0.545,         0.114
         0.174,         0.545,         0.113
         0.174,         0.545,         0.111
         0.175,         0.545,         0.111
         0.175,         0.545,         0.111
         0.176,         0.545,         0.111
         0.176,         0.545,         0.110
         0.177,         0.545,         0.110
         0.177,         0.545,         0.109
         0.178,         0.545,         0.109
         0.178,         0.545,         0.109
         0.178,         0.545,         0.108
         0.178,         0.545,         0.107
         0.179,         0.547,         0.107
         0.179,         0.547,         0.107
         0.179,         0.550,         0.107
         0.180,         0.550,         0.106
         0.180,         0.550,         0.106
         0.180,         0.552,         0.105
         0.181,         0.552,         0.105
         0.181,         0.552,         0.105
         0.181,         0.555,         0.104
         0.182,         0.555,         0.104
         0.182,         0.555,         0.104
         0.183,         0.558,         0.104
         0.183,         0.560,         0.103
         0.184,         0.560,         0.103
         0.185,         0.560,         0.103
         0.189,         0.563,         0.102
         0.190,         0.563,         0.102
         0.190,         0.563,         0.102
         0.190,         0.568,         0.101
         0.191,         0.568,         0.101
         0.191,         0.568,         0.101
         0.192,         0.568,         0.101
         0.192,         0.571,         0.100
         0.193,         0.571,         0.100
         0.193,         0.573,         0.100
         0.193,         0.573,         0.100
         0.194,         0.573,         0.100
         0.194,         0.573,         0.099
         0.196,         0.573,         0.099
         0.196,         0.573,         0.099
         0.197,         0.576,         0.099
         0.198,         0.576,         0.098
         0.198,         0.581,         0.098
         0.199,         0.586,         0.098
         0.199,         0.586,         0.098
         0.199,         0.586,         0.097
         0.199,         0.589,         0.097
         0.200,         0.589,         0.097
         0.200,         0.592,         0.097
         0.201,         0.592,         0.097
         0.201,         0.592,         0.097
         0.201,         0.592,         0.096
         0.202,         0.592,         0.096
         0.203,         0.592,         0.096
         0.203,         0.592,         0.095
         0.203,         0.594,         0.095
         0.204,         0.594,         0.095
         0.204,         0.597,         0.095
         0.205,         0.599,         0.095
         0.206,         0.599,         0.094
         0.207,         0.599,         0.094
         0.207,         0.599,         0.094
         0.207,         0.599,         0.094
         0.208,         0.599,         0.094
         0.208,         0.599,         0.093
         0.208,         0.599,         0.093
         0.209,         0.599,         0.093
         0.209,         0.599,         0.093
         0.210,         0.599,         0.093
         0.211,         0.605,         0.093
         0.211,         0.605,         0.092
         0.211,         0.607,         0.092
         0.211,         0.610,         0.092
         0.211,         0.610,         0.092
         0.212,         0.610,         0.091
         0.213,         0.610,         0.091
         0.213,         0.615,         0.091
         0.213,         0.615,         0.090
         0.214,         0.620,         0.090
         0.214,         0.620,         0.090
         0.215,         0.620,         0.090
         0.215,         0.620,         0.090
         0.215,         0.620,         0.089
         0.216,         0.620,         0.089
         0.217,         0.620,         0.089
         0.217,         0.620,         0.089
         0.217,         0.623,         0.088
         0.217,         0.626,         0.088
         0.218,         0.626,         0.088
         0.220,         0.626,         0.088
         0.220,         0.626,         0.087
         0.221,         0.626,         0.087
         0.222,         0.626,         0.087
         0.222,         0.626,         0.087
         0.223,         0.634,         0.086
         0.223,         0.634,         0.086
         0.224,         0.634,         0.086
         0.224,         0.636,         0.086
         0.225,         0.636,         0.086
         0.226,         0.636,         0.086
         0.227,         0.639,         0.085
         0.227,         0.641,         0.085
         0.228,         0.641,         0.085
         0.229,         0.641,         0.084
         0.229,         0.644,         0.084
         0.232,         0.649,         0.084
         0.232,         0.649,         0.084
         0.232,         0.652,         0.083
         0.233,         0.652,         0.083
         0.233,         0.652,         0.083
         0.234,         0.652,         0.083
         0.234,         0.652,         0.082
         0.235,         0.652,         0.082
         0.235,         0.654,         0.082
         0.236,         0.654,         0.082
         0.237,         0.657,         0.082
         0.237,         0.660,         0.081
         0.237,         0.660,         0.081
         0.239,         0.660,         0.081
         0.239,         0.660,         0.081
         0.240,         0.660,         0.081
         0.240,         0.662,         0.081
         0.246,         0.662,         0.081
         0.248,         0.662,         0.081
         0.248,         0.662,         0.080
         0.249,         0.662,         0.080
         0.249,         0.662,         0.080
         0.250,         0.668,         0.079
         0.251,         0.668,         0.079
         0.252,         0.670,         0.079
         0.253,         0.673,         0.079
         0.254,         0.673,         0.079
         0.254,         0.673,         0.079
         0.255,         0.673,         0.079
         0.255,         0.675,         0.078
         0.257,         0.678,         0.078
         0.258,         0.678,         0.077
         0.258,         0.681,         0.077
         0.259,         0.681,         0.077
         0.261,         0.681,         0.077
         0.261,         0.681,         0.077
         0.262,         0.683,         0.076
         0.262,         0.683,         0.076
         0.263,         0.683,         0.076
         0.263,         0.688,         0.076
         0.264,         0.688,         0.076
         0.265,         0.691,         0.075
         0.266,         0.691,         0.075
         0.266,         0.694,         0.075
         0.266,         0.696,         0.075
         0.267,         0.696,         0.075
         0.270,         0.696,         0.075
         0.271,         0.696,         0.074
         0.272,         0.696,         0.074
         0.272,         0.696,         0.074
         0.273,         0.696,         0.074
         0.273,         0.696,         0.073
         0.274,         0.696,         0.073
         0.276,         0.696,         0.073
         0.276,         0.699,         0.073
         0.276,         0.699,         0.073
         0.279,         0.702,         0.072
         0.279,         0.702,         0.072
         0.280,         0.702,         0.072
         0.282,         0.702,         0.072
         0.283,         0.702,         0.072
         0.290,         0.707,         0.071
         0.290,         0.707,         0.071
         0.291,         0.707,         0.071
         0.291,         0.707,         0.070
         0.292,         0.709,         0.070
         0.294,         0.712,         0.070
         0.296,         0.715,         0.070
         0.296,         0.717,         0.070
         0.296,         0.720,         0.070
         0.297,         0.720,         0.069
         0.297,         0.723,         0.069
         0.298,         0.723,         0.069
         0.298,         0.723,         0.069
         0.299,         0.723,         0.069
         0.300,         0.728,         0.068
         0.302,         0.730,         0.068
         0.302,         0.730,         0.068
         0.303,         0.730,         0.068
         0.303,         0.730,         0.068
         0.304,         0.733,         0.067
         0.305,         0.733,         0.067
         0.305,         0.736,         0.067
         0.306,         0.736,         0.067
         0.307,         0.738,         0.067
         0.309,         0.741,         0.066
         0.310,         0.741,         0.066
         0.311,         0.741,         0.066
         0.313,         0.741,         0.066
         0.314,         0.741,         0.066
         0.314,         0.743,         0.065
         0.314,         0.743,         0.065
         0.316,         0.743,         0.065
         0.316,         0.743,         0.065
         0.317,         0.743,         0.065
         0.317,         0.746,         0.065
         0.318,         0.746,         0.064
         0.320,         0.749,         0.064
         0.322,         0.749,         0.064
         0.322,         0.751,         0.064
         0.323,         0.751,         0.064
         0.325,         0.751,         0.063
         0.325,         0.751,         0.063
         0.325,         0.754,         0.063
         0.327,         0.757,         0.063
         0.327,         0.757,         0.063
         0.328,         0.757,         0.062
         0.328,         0.757,         0.062
         0.329,         0.757,         0.062
         0.330,         0.757,         0.062
         0.336,         0.759,         0.062
         0.338,         0.762,         0.061
         0.339,         0.762,         0.061
         0.341,         0.764,         0.061
         0.341,         0.764,         0.061
         0.344,         0.770,         0.060
         0.344,         0.770,         0.060
         0.345,         0.770,         0.060
         0.345,         0.770,         0.060
         0.345,         0.772,         0.059
         0.350,         0.772,         0.059
         0.351,         0.772,         0.059
         0.353,         0.775,         0.059
         0.353,         0.777,         0.059
         0.354,         0.777,         0.058
         0.355,         0.777,         0.058
         0.355,         0.777,         0.058
         0.356,         0.777,         0.057
         0.357,         0.777,         0.057
         0.358,         0.780,         0.057
         0.358,         0.780,         0.057
         0.360,         0.780,         0.057
         0.361,         0.780,         0.057
         0.362,         0.780,         0.057
         0.362,         0.780,         0.057
         0.362,         0.783,         0.057
         0.362,         0.783,         0.056
         0.367,         0.783,         0.056
         0.368,         0.783,         0.056
         0.369,         0.783,         0.056
         0.370,         0.783,         0.055
         0.370,         0.783,         0.055
         0.373,         0.783,         0.055
         0.373,         0.783,         0.055
         0.374,         0.785,         0.054
         0.375,         0.791,         0.054
         0.376,         0.791,         0.054
         0.376,         0.791,         0.054
         0.376,         0.793,         0.054
         0.378,         0.798,         0.054
         0.379,         0.798,         0.053
         0.379,         0.798,         0.053
         0.383,         0.806,         0.053
         0.384,         0.806,         0.053
         0.388,         0.812,         0.053
         0.393,         0.814,         0.052
         0.394,         0.814,         0.052
         0.394,         0.814,         0.052
         0.394,         0.814,         0.052
         0.396,         0.814,         0.051
         0.397,         0.817,         0.051
         0.397,         0.817,         0.051
         0.398,         0.817,         0.051
         0.400,         0.817,         0.050
         0.403,         0.819,         0.050
         0.403,         0.819,         0.050
         0.404,         0.822,         0.050
         0.407,         0.827,         0.050
         0.409,         0.827,         0.049
         0.409,         0.827,         0.049
         0.411,         0.827,         0.049
         0.412,         0.827,         0.048
         0.414,         0.830,         0.048
         0.415,         0.830,         0.048
         0.417,         0.830,         0.048
         0.417,         0.830,         0.048
         0.418,         0.832,         0.047
         0.419,         0.832,         0.047
         0.420,         0.832,         0.047
         0.421,         0.832,         0.047
         0.425,         0.835,         0.047
         0.426,         0.835,         0.046
         0.427,         0.838,         0.046
         0.428,         0.838,         0.046
         0.428,         0.838,         0.046
         0.429,         0.840,         0.046
         0.429,         0.840,         0.045
         0.431,         0.840,         0.045
         0.431,         0.843,         0.045
         0.434,         0.843,         0.045
         0.434,         0.843,         0.045
         0.436,         0.843,         0.044
         0.436,         0.843,         0.044
         0.438,         0.843,         0.044
         0.442,         0.846,         0.043
         0.442,         0.846,         0.043
         0.444,         0.846,         0.043
         0.445,         0.848,         0.043
         0.446,         0.848,         0.043
         0.447,         0.848,         0.043
         0.447,         0.853,         0.042
         0.447,         0.856,         0.042
         0.450,         0.856,         0.042
         0.451,         0.856,         0.042
         0.456,         0.856,         0.042
         0.456,         0.856,         0.042
         0.456,         0.859,         0.041
         0.459,         0.859,         0.041
         0.459,         0.861,         0.041
         0.459,         0.861,         0.041
         0.460,         0.861,         0.041
         0.462,         0.864,         0.040
         0.462,         0.864,         0.040
         0.464,         0.864,         0.040
         0.464,         0.866,         0.040
         0.464,         0.866,         0.040
         0.467,         0.866,         0.039
         0.468,         0.869,         0.039
         0.469,         0.869,         0.039
         0.470,         0.869,         0.039
         0.470,         0.869,         0.039
         0.471,         0.869,         0.039
         0.472,         0.869,         0.038
         0.472,         0.872,         0.038
         0.472,         0.872,         0.038
         0.474,         0.874,         0.038
         0.474,         0.874,         0.038
         0.475,         0.874,         0.037
         0.477,         0.874,         0.037
         0.479,         0.877,         0.037
         0.479,         0.877,         0.037
         0.480,         0.877,         0.036
         0.481,         0.877,         0.036
         0.482,         0.882,         0.036
         0.484,         0.890,         0.036
         0.486,         0.893,         0.036
         0.486,         0.893,         0.036
         0.487,         0.895,         0.035
         0.487,         0.895,         0.035
         0.490,         0.898,         0.035
         0.491,         0.898,         0.035
         0.491,         0.898,         0.034
         0.491,         0.898,         0.034
         0.495,         0.901,         0.034
         0.498,         0.903,         0.034
         0.498,         0.903,         0.034
         0.499,         0.908,         0.033
         0.499,         0.908,         0.033
         0.502,         0.908,         0.033
         0.502,         0.908,         0.033
         0.503,         0.908,         0.033
         0.505,         0.908,         0.032
         0.506,         0.908,         0.032
         0.507,         0.908,         0.032
         0.508,         0.908,         0.032
         0.517,         0.911,         0.031
         0.517,         0.911,         0.031
         0.520,         0.911,         0.031
         0.521,         0.911,         0.031
         0.523,         0.914,         0.030
         0.524,         0.914,         0.030
         0.525,         0.914,         0.030
         0.528,         0.914,         0.029
         0.530,         0.914,         0.029
         0.534,         0.914,         0.029
         0.537,         0.914,         0.029
         0.537,         0.914,         0.028
         0.537,         0.914,         0.028
         0.541,         0.914,         0.028
         0.543,         0.914,         0.028
         0.543,         0.914,         0.028
         0.544,         0.916,         0.028
         0.547,         0.916,         0.027
         0.547,         0.916,         0.027
         0.549,         0.916,         0.026
         0.550,         0.916,         0.026
         0.554,         0.916,         0.026
         0.555,         0.916,         0.026
         0.556,         0.916,         0.025
         0.556,         0.916,         0.025
         0.561,         0.916,         0.025
         0.562,         0.916,         0.025
         0.562,         0.916,         0.025
         0.565,         0.916,         0.025
         0.566,         0.916,         0.025
         0.574,         0.921,         0.024
         0.575,         0.921,         0.024
         0.577,         0.921,         0.024
         0.581,         0.921,         0.023
         0.582,         0.921,         0.023
         0.582,         0.921,         0.023
         0.583,         0.921,         0.023
         0.584,         0.921,         0.022
         0.586,         0.921,         0.022
         0.590,         0.927,         0.022
         0.596,         0.929,         0.022
         0.597,         0.929,         0.022
         0.597,         0.929,         0.022
         0.602,         0.929,         0.021
         0.602,         0.929,         0.021
         0.604,         0.932,         0.021
         0.605,         0.932,         0.020
         0.608,         0.932,         0.020
         0.609,         0.932,         0.020
         0.613,         0.932,         0.020
         0.617,         0.932,         0.020
         0.617,         0.932,         0.020
         0.618,         0.935,         0.019
         0.619,         0.935,         0.019
         0.619,         0.937,         0.019
         0.625,         0.937,         0.019
         0.625,         0.937,         0.018
         0.629,         0.940,         0.018
         0.629,         0.940,         0.018
         0.629,         0.940,         0.018
         0.638,         0.942,         0.018
         0.638,         0.942,         0.017
         0.641,         0.942,         0.017
         0.641,         0.942,         0.017
         0.641,         0.942,         0.017
         0.642,         0.942,         0.016
         0.642,         0.942,         0.016
         0.648,         0.942,         0.016
         0.648,         0.942,         0.016
         0.655,         0.948,         0.016
         0.660,         0.953,         0.015
         0.662,         0.953,         0.015
         0.663,         0.955,         0.015
         0.663,         0.955,         0.014
         0.667,         0.955,         0.014
         0.667,         0.955,         0.014
         0.670,         0.955,         0.014
         0.670,         0.955,         0.014
         0.672,         0.958,         0.014
         0.677,         0.958,         0.013
         0.678,         0.958,         0.013
         0.683,         0.961,         0.013
         0.683,         0.963,         0.012
         0.683,         0.963,         0.012
         0.700,         0.963,         0.012
         0.701,         0.963,         0.012
         0.701,         0.963,         0.012
         0.702,         0.963,         0.011
         0.711,         0.966,         0.011
         0.714,         0.966,         0.011
         0.719,         0.969,         0.011
         0.719,         0.969,         0.010
         0.719,         0.969,         0.010
         0.720,         0.969,         0.010
         0.721,         0.969,         0.009
         0.738,         0.974,         0.009
         0.743,         0.976,         0.009
         0.744,         0.976,         0.009
         0.754,         0.976,         0.009
         0.756,         0.976,         0.008
         0.756,         0.976,         0.008
         0.757,         0.976,         0.008
         0.758,         0.976,         0.008
         0.765,         0.976,         0.007
         0.766,         0.976,         0.007
         0.778,         0.976,         0.007
         0.779,         0.976,         0.006
         0.800,         0.979,         0.006
         0.800,         0.979,         0.006
         0.804,         0.979,         0.005
         0.805,         0.979,         0.005
         0.805,         0.979,         0.005
         0.819,         0.982,         0.004
         0.819,         0.982,         0.004
         0.878,         0.995,         0.003
         1.000,         1.000,         0.000
