false_pos_rate,true_pos_rate,threshold
         0.000,         0.000,         1.537
         0.003,         0.013,         0.537
         0.003,         0.021,         0.453
         0.004,         0.021,         0.436
         0.004,         0.024,         0.434
         0.004,         0.024,         0.423
         0.004,         0.026,         0.419
         0.004,         0.029,         0.407
         0.004,         0.029,         0.404
         0.004,         0.034,         0.401
         0.004,         0.039,         0.393
         0.005,         0.042,         0.390
         0.005,         0.042,         0.386
         0.005,         0.045,         0.386
         0.005,         0.045,         0.384
         0.006,         0.052,         0.382
         0.006,         0.052,         0.381
         0.006,         0.055,         0.380
         0.008,         0.058,         0.379
         0.008,         0.084,         0.360
         0.008,         0.089,         0.360
         0.009,         0.089,         0.358
         0.009,         0.105,         0.354
         0.009,         0.105,         0.353
         0.009,         0.118,         0.349
         0.009,         0.118,         0.347
         0.009,         0.120,         0.347
         0.009,         0.120,         0.346
         0.009,         0.126,         0.343
         0.010,         0.126,         0.341
         0.010,         0.131,         0.338
         0.010,         0.131,         0.337
         0.010,         0.136,         0.334
         0.010,         0.136,         0.334
         0.010,         0.141,         0.334
         0.010,         0.141,         0.333
         0.010,         0.149,         0.330
         0.011,         0.149,         0.330
         0.011,         0.157,         0.328
         0.011,         0.162,         0.327
         0.011,         0.168,         0.325
         0.011,         0.168,         0.322
         0.011,         0.183,         0.319
         0.012,         0.183,         0.319
         0.012,         0.186,         0.318
         0.012,         0.186,         0.318
         0.012,         0.191,         0.317
         0.012,         0.191,         0.316
         0.012,         0.194,         0.316
         0.012,         0.196,         0.315
         0.012,         0.199,         0.314
         0.012,         0.199,         0.314
         0.013,         0.199,         0.313
         0.013,         0.202,         0.313
         0.013,         0.204,         0.313
         0.013,         0.207,         0.312
         0.013,         0.207,         0.312
         0.014,         0.207,         0.312
         0.014,         0.207,         0.311
         0.014,         0.209,         0.311
         0.016,         0.209,         0.310
         0.016,         0.209,         0.307
         0.016,         0.220,         0.304
         0.016,         0.223,         0.304
         0.016,         0.243,         0.298
         0.016,         0.243,         0.298
         0.016,         0.246,         0.297
         0.017,         0.251,         0.296
         0.017,         0.251,         0.295
         0.017,         0.254,         0.295
         0.017,         0.254,         0.294
         0.017,         0.259,         0.292
         0.018,         0.259,         0.289
         0.018,         0.262,         0.288
         0.018,         0.264,         0.287
         0.018,         0.264,         0.287
         0.018,         0.270,         0.286
         0.019,         0.272,         0.286
         0.019,         0.275,         0.285
         0.019,         0.277,         0.285
         0.019,         0.277,         0.284
         0.020,         0.277,         0.284
         0.020,         0.277,         0.283
         0.020,         0.280,         0.282
         0.020,         0.280,         0.282
         0.020,         0.285,         0.281
         0.021,         0.285,         0.281
         0.021,         0.288,         0.280
         0.021,         0.288,         0.280
         0.021,         0.291,         0.280
         0.021,         0.293,         0.280
         0.021,         0.298,         0.279
         0.021,         0.298,         0.279
         0.022,         0.298,         0.277
         0.022,         0.304,         0.276
         0.022,         0.304,         0.275
         0.023,         0.304,         0.275
         0.023,         0.304,         0.274
         0.023,         0.306,         0.274
         0.023,         0.306,         0.273
         0.023,         0.309,         0.272
         0.024,         0.309,         0.272
         0.024,         0.312,         0.272
         0.024,         0.312,         0.272
         0.024,         0.312,         0.271
         0.024,         0.317,         0.271
         0.025,         0.319,         0.270
         0.025,         0.325,         0.270
         0.025,         0.325,         0.268
         0.026,         0.327,         0.268
         0.027,         0.327,         0.268
         0.027,         0.330,         0.268
         0.027,         0.330,         0.266
         0.027,         0.332,         0.266
         0.027,         0.332,         0.266
         0.027,         0.335,         0.266
         0.027,         0.335,         0.265
         0.028,         0.338,         0.265
         0.028,         0.340,         0.265
         0.028,         0.340,         0.264
         0.029,         0.340,         0.263
         0.029,         0.346,         0.262
         0.029,         0.346,         0.262
         0.030,         0.346,         0.262
         0.030,         0.348,         0.261
         0.030,         0.348,         0.261
         0.030,         0.351,         0.260
         0.030,         0.351,         0.260
         0.030,         0.359,         0.258
         0.031,         0.359,         0.257
         0.031,         0.359,         0.257
         0.032,         0.359,         0.255
         0.032,         0.359,         0.255
         0.032,         0.359,         0.254
         0.033,         0.359,         0.254
         0.033,         0.361,         0.254
         0.033,         0.361,         0.254
         0.033,         0.366,         0.254
         0.033,         0.366,         0.253
         0.033,         0.366,         0.253
         0.033,         0.372,         0.252
         0.034,         0.372,         0.252
         0.034,         0.374,         0.251
         0.034,         0.374,         0.251
         0.034,         0.374,         0.251
         0.035,         0.374,         0.250
         0.035,         0.377,         0.250
         0.035,         0.377,         0.249
         0.035,         0.377,         0.249
         0.036,         0.377,         0.249
         0.036,         0.377,         0.247
         0.036,         0.380,         0.247
         0.037,         0.380,         0.247
         0.037,         0.380,         0.247
         0.037,         0.382,         0.246
         0.038,         0.387,         0.246
         0.038,         0.387,         0.245
         0.038,         0.390,         0.244
         0.039,         0.390,         0.244
         0.039,         0.390,         0.244
         0.039,         0.390,         0.244
         0.039,         0.393,         0.243
         0.039,         0.393,         0.243
         0.040,         0.393,         0.243
         0.040,         0.393,         0.242
         0.040,         0.398,         0.242
         0.041,         0.401,         0.241
         0.042,         0.401,         0.240
         0.043,         0.401,         0.240
         0.043,         0.401,         0.238
         0.044,         0.401,         0.238
         0.044,         0.401,         0.238
         0.044,         0.403,         0.236
         0.044,         0.408,         0.236
         0.046,         0.408,         0.233
         0.046,         0.408,         0.233
         0.046,         0.411,         0.233
         0.047,         0.411,         0.232
         0.048,         0.411,         0.232
         0.048,         0.414,         0.232
         0.048,         0.414,         0.231
         0.049,         0.414,         0.230
         0.049,         0.414,         0.229
         0.049,         0.414,         0.229
         0.050,         0.414,         0.229
         0.051,         0.414,         0.228
         0.051,         0.414,         0.228
         0.052,         0.414,         0.228
         0.052,         0.414,         0.227
         0.053,         0.414,         0.227
         0.053,         0.414,         0.227
         0.054,         0.414,         0.227
         0.054,         0.416,         0.227
         0.055,         0.416,         0.226
         0.055,         0.421,         0.225
         0.056,         0.421,         0.225
         0.056,         0.424,         0.225
         0.056,         0.424,         0.224
         0.057,         0.424,         0.224
         0.058,         0.424,         0.222
         0.059,         0.424,         0.222
         0.059,         0.424,         0.221
         0.060,         0.427,         0.220
         0.060,         0.427,         0.220
         0.061,         0.427,         0.220
         0.062,         0.427,         0.219
         0.063,         0.427,         0.219
         0.063,         0.427,         0.218
         0.063,         0.427,         0.218
         0.064,         0.427,         0.218
         0.064,         0.427,         0.217
         0.064,         0.427,         0.217
         0.065,         0.427,         0.216
         0.065,         0.427,         0.216
         0.065,         0.429,         0.216
         0.066,         0.429,         0.215
         0.066,         0.432,         0.215
         0.067,         0.432,         0.214
         0.067,         0.432,         0.214
         0.067,         0.432,         0.213
         0.068,         0.432,         0.213
         0.068,         0.432,         0.213
         0.069,         0.432,         0.212
         0.070,         0.432,         0.212
         0.070,         0.432,         0.212
         0.070,         0.435,         0.211
         0.072,         0.435,         0.211
         0.073,         0.435,         0.211
         0.073,         0.435,         0.210
         0.073,         0.440,         0.210
         0.073,         0.440,         0.210
         0.073,         0.442,         0.210
         0.074,         0.442,         0.209
         0.074,         0.445,         0.209
         0.074,         0.445,         0.209
         0.074,         0.445,         0.209
         0.075,         0.445,         0.209
         0.075,         0.445,         0.209
         0.076,         0.445,         0.208
         0.077,         0.445,         0.208
         0.078,         0.445,         0.208
         0.078,         0.448,         0.207
         0.078,         0.448,         0.207
         0.079,         0.448,         0.207
         0.079,         0.448,         0.207
         0.079,         0.448,         0.206
         0.080,         0.448,         0.206
         0.081,         0.448,         0.206
         0.081,         0.448,         0.206
         0.081,         0.448,         0.206
         0.081,         0.450,         0.206
         0.083,         0.450,         0.205
         0.083,         0.453,         0.205
         0.084,         0.455,         0.205
         0.084,         0.455,         0.205
         0.084,         0.455,         0.204
         0.085,         0.455,         0.204
         0.086,         0.455,         0.204
         0.086,         0.455,         0.204
         0.086,         0.458,         0.203
         0.087,         0.458,         0.203
         0.087,         0.461,         0.203
         0.087,         0.461,         0.202
         0.088,         0.461,         0.202
         0.089,         0.461,         0.202
         0.089,         0.461,         0.201
         0.090,         0.461,         0.201
         0.090,         0.461,         0.200
         0.090,         0.461,         0.200
         0.091,         0.463,         0.200
         0.091,         0.466,         0.199
         0.091,         0.466,         0.199
         0.091,         0.466,         0.199
         0.092,         0.466,         0.199
         0.093,         0.466,         0.198
         0.093,         0.466,         0.197
         0.094,         0.466,         0.196
         0.094,         0.466,         0.196
         0.095,         0.466,         0.196
         0.095,         0.466,         0.196
         0.095,         0.466,         0.195
         0.096,         0.466,         0.195
         0.096,         0.466,         0.195
         0.097,         0.466,         0.195
         0.098,         0.466,         0.194
         0.098,         0.466,         0.194
         0.100,         0.466,         0.194
         0.100,         0.466,         0.194
         0.100,         0.466,         0.194
         0.101,         0.466,         0.193
         0.102,         0.466,         0.193
         0.102,         0.466,         0.192
         0.103,         0.466,         0.192
         0.103,         0.469,         0.192
         0.104,         0.469,         0.192
         0.104,         0.469,         0.192
         0.104,         0.471,         0.191
         0.104,         0.471,         0.191
         0.106,         0.471,         0.191
         0.106,         0.471,         0.190
         0.107,         0.471,         0.190
         0.107,         0.471,         0.190
         0.107,         0.474,         0.190
         0.108,         0.474,         0.190
         0.108,         0.474,         0.189
         0.109,         0.474,         0.189
         0.109,         0.476,         0.189
         0.109,         0.476,         0.188
         0.110,         0.476,         0.188
         0.111,         0.476,         0.187
         0.111,         0.476,         0.187
         0.111,         0.476,         0.187
         0.112,         0.476,         0.186
         0.113,         0.476,         0.186
         0.113,         0.476,         0.186
         0.113,         0.476,         0.185
         0.114,         0.479,         0.185
         0.115,         0.479,         0.185
         0.115,         0.479,         0.185
         0.115,         0.479,         0.184
         0.116,         0.479,         0.184
         0.116,         0.479,         0.184
         0.116,         0.479,         0.183
         0.117,         0.479,         0.183
         0.117,         0.479,         0.182
         0.118,         0.479,         0.182
         0.118,         0.479,         0.182
         0.118,         0.479,         0.181
         0.119,         0.479,         0.181
         0.119,         0.479,         0.181
         0.120,         0.479,         0.181
         0.120,         0.479,         0.180
         0.121,         0.479,         0.180
         0.121,         0.479,         0.179
         0.122,         0.479,         0.179
         0.123,         0.479,         0.179
         0.123,         0.479,         0.179
         0.123,         0.479,         0.178
         0.124,         0.479,         0.178
         0.124,         0.479,         0.178
         0.125,         0.479,         0.177
         0.125,         0.479,         0.177
         0.125,         0.479,         0.177
         0.126,         0.479,         0.177
         0.127,         0.479,         0.176
         0.127,         0.479,         0.176
         0.127,         0.479,         0.176
         0.128,         0.479,         0.176
         0.128,         0.479,         0.176
         0.129,         0.484,         0.175
         0.129,         0.484,         0.175
         0.130,         0.484,         0.175
         0.130,         0.487,         0.174
         0.130,         0.487,         0.174
         0.130,         0.490,         0.174
         0.131,         0.490,         0.174
         0.131,         0.490,         0.174
         0.132,         0.490,         0.174
         0.133,         0.490,         0.173
         0.133,         0.490,         0.173
         0.134,         0.490,         0.173
         0.134,         0.490,         0.172
         0.135,         0.490,         0.171
         0.135,         0.490,         0.171
         0.136,         0.490,         0.170
         0.137,         0.490,         0.170
         0.137,         0.490,         0.169
         0.138,         0.490,         0.169
         0.138,         0.492,         0.168
         0.140,         0.492,         0.166
         0.140,         0.495,         0.166
         0.140,         0.495,         0.166
         0.141,         0.495,         0.164
         0.141,         0.495,         0.164
         0.142,         0.495,         0.164
         0.142,         0.497,         0.164
         0.143,         0.497,         0.164
         0.143,         0.497,         0.163
         0.143,         0.497,         0.163
         0.144,         0.497,         0.163
         0.144,         0.497,         0.163
         0.145,         0.497,         0.162
         0.145,         0.497,         0.162
         0.146,         0.497,         0.161
         0.146,         0.497,         0.161
         0.148,         0.497,         0.160
         0.148,         0.497,         0.160
         0.148,         0.500,         0.160
         0.149,         0.500,         0.158
         0.149,         0.500,         0.158
         0.149,         0.500,         0.158
         0.149,         0.503,         0.158
         0.150,         0.503,         0.156
         0.151,         0.503,         0.155
         0.151,         0.503,         0.154
         0.151,         0.505,         0.154
         0.152,         0.505,         0.154
         0.153,         0.505,         0.151
         0.154,         0.505,         0.151
         0.154,         0.508,         0.150
         0.154,         0.508,         0.150
         0.155,         0.508,         0.148
         0.155,         0.508,         0.146
         0.155,         0.510,         0.145
         0.156,         0.510,         0.144
         0.156,         0.513,         0.144
         0.156,         0.513,         0.144
         0.156,         0.513,         0.143
         0.158,         0.513,         0.140
         0.158,         0.516,         0.139
         0.158,         0.516,         0.139
         0.158,         0.521,         0.138
         0.160,         0.521,         0.132
         0.160,         0.524,         0.131
         0.161,         0.524,         0.127
         0.161,         0.526,         0.125
         0.161,         0.526,         0.125
         0.161,         0.529,         0.123
         0.161,         0.529,         0.121
         0.161,         0.534,         0.120
         0.163,         0.534,         0.114
         0.163,         0.537,         0.114
         0.163,         0.537,         0.110
         0.164,         0.537,         0.110
         0.164,         0.537,         0.108
         0.164,         0.539,         0.107
         0.165,         0.539,         0.106
         0.165,         0.542,         0.105
         0.165,         0.542,         0.105
         0.165,         0.547,         0.104
         0.165,         0.547,         0.104
         0.165,         0.547,         0.104
         0.167,         0.547,         0.101
         0.167,         0.552,         0.101
         0.168,         0.552,         0.100
         0.168,         0.555,         0.100
         0.169,         0.555,         0.099
         0.169,         0.555,         0.098
         0.169,         0.558,         0.098
         0.170,         0.563,         0.098
         0.170,         0.571,         0.097
         0.170,         0.571,         0.097
         0.170,         0.573,         0.096
         0.171,         0.576,         0.096
         0.171,         0.579,         0.096
         0.171,         0.579,         0.095
         0.171,         0.581,         0.095
         0.172,         0.581,         0.095
         0.172,         0.581,         0.094
         0.173,         0.584,         0.093
         0.173,         0.586,         0.093
         0.173,         0.592,         0.093
         0.173,         0.592,         0.092
         0.173,         0.592,         0.092
         0.173,         0.594,         0.092
         0.174,         0.594,         0.091
         0.174,         0.597,         0.091
         0.174,         0.597,         0.091
         0.174,         0.599,         0.091
         0.175,         0.599,         0.090
         0.175,         0.602,         0.090
         0.175,         0.602,         0.090
         0.175,         0.605,         0.090
         0.176,         0.605,         0.088
         0.176,         0.607,         0.088
         0.177,         0.607,         0.088
         0.177,         0.607,         0.088
         0.177,         0.607,         0.087
         0.177,         0.610,         0.087
         0.178,         0.610,         0.087
         0.178,         0.610,         0.087
         0.178,         0.615,         0.086
         0.178,         0.615,         0.086
         0.178,         0.618,         0.086
         0.179,         0.618,         0.086
         0.179,         0.618,         0.085
         0.180,         0.620,         0.085
         0.180,         0.620,         0.085
         0.180,         0.620,         0.085
         0.181,         0.620,         0.084
         0.182,         0.626,         0.084
         0.182,         0.626,         0.084
         0.183,         0.626,         0.083
         0.183,         0.628,         0.082
         0.183,         0.628,         0.082
         0.184,         0.631,         0.082
         0.184,         0.631,         0.082
         0.185,         0.631,         0.082
         0.185,         0.631,         0.082
         0.185,         0.641,         0.081
         0.186,         0.644,         0.081
         0.186,         0.644,         0.081
         0.186,         0.647,         0.081
         0.188,         0.647,         0.081
         0.189,         0.647,         0.080
         0.190,         0.647,         0.080
         0.190,         0.647,         0.080
         0.190,         0.649,         0.079
         0.191,         0.652,         0.079
         0.191,         0.652,         0.079
         0.191,         0.657,         0.079
         0.192,         0.657,         0.079
         0.192,         0.657,         0.079
         0.193,         0.657,         0.078
         0.193,         0.657,         0.078
         0.194,         0.657,         0.078
         0.194,         0.660,         0.078
         0.194,         0.662,         0.078
         0.195,         0.665,         0.077
         0.196,         0.665,         0.076
         0.196,         0.670,         0.076
         0.196,         0.670,         0.076
         0.197,         0.670,         0.076
         0.198,         0.670,         0.075
         0.199,         0.670,         0.075
         0.199,         0.673,         0.075
         0.199,         0.675,         0.075
         0.200,         0.675,         0.073
         0.201,         0.675,         0.073
         0.201,         0.675,         0.073
         0.202,         0.675,         0.073
         0.202,         0.675,         0.073
         0.202,         0.678,         0.073
         0.203,         0.681,         0.072
         0.204,         0.683,         0.072
         0.204,         0.683,         0.072
         0.204,         0.683,         0.072
         0.205,         0.683,         0.072
         0.206,         0.688,         0.071
         0.207,         0.688,         0.070
         0.208,         0.691,         0.070
         0.208,         0.691,         0.070
         0.209,         0.694,         0.070
         0.209,         0.694,         0.070
         0.210,         0.696,         0.070
         0.210,         0.699,         0.070
         0.210,         0.699,         0.070
         0.211,         0.702,         0.070
         0.211,         0.702,         0.070
         0.211,         0.704,         0.070
         0.211,         0.704,         0.069
         0.211,         0.704,         0.069
         0.212,         0.704,         0.069
         0.213,         0.704,         0.069
         0.213,         0.707,         0.068
         0.214,         0.709,         0.068
         0.214,         0.709,         0.068
         0.214,         0.709,         0.068
         0.215,         0.709,         0.068
         0.215,         0.709,         0.068
         0.216,         0.709,         0.067
         0.216,         0.709,         0.067
         0.217,         0.709,         0.067
         0.217,         0.709,         0.067
         0.218,         0.712,         0.067
         0.218,         0.712,         0.067
         0.219,         0.712,         0.066
         0.219,         0.715,         0.066
         0.220,         0.715,         0.066
         0.220,         0.715,         0.066
         0.220,         0.715,         0.066
         0.221,         0.717,         0.066
         0.222,         0.720,         0.066
         0.222,         0.720,         0.066
         0.223,         0.720,         0.065
         0.223,         0.720,         0.065
         0.223,         0.720,         0.065
         0.224,         0.723,         0.065
         0.224,         0.723,         0.065
         0.225,         0.723,         0.065
         0.225,         0.723,         0.065
         0.225,         0.723,         0.065
         0.226,         0.725,         0.065
         0.226,         0.728,         0.064
         0.227,         0.728,         0.064
         0.227,         0.730,         0.064
         0.228,         0.730,         0.064
         0.228,         0.733,         0.064
         0.229,         0.733,         0.064
         0.230,         0.733,         0.064
         0.231,         0.733,         0.064
         0.231,         0.733,         0.063
         0.232,         0.733,         0.063
         0.232,         0.733,         0.063
         0.232,         0.733,         0.063
         0.233,         0.733,         0.063
         0.234,         0.736,         0.063
         0.234,         0.736,         0.063
         0.234,         0.736,         0.062
         0.234,         0.736,         0.062
         0.235,         0.736,         0.062
         0.236,         0.736,         0.062
         0.236,         0.736,         0.062
         0.237,         0.736,         0.062
         0.237,         0.736,         0.062
         0.237,         0.738,         0.061
         0.238,         0.738,         0.061
         0.238,         0.741,         0.061
         0.238,         0.743,         0.061
         0.239,         0.743,         0.061
         0.239,         0.746,         0.061
         0.240,         0.746,         0.061
         0.241,         0.749,         0.060
         0.241,         0.749,         0.060
         0.242,         0.749,         0.060
         0.242,         0.749,         0.060
         0.242,         0.749,         0.060
         0.243,         0.751,         0.060
         0.244,         0.751,         0.060
         0.244,         0.754,         0.059
         0.245,         0.754,         0.059
         0.246,         0.754,         0.059
         0.248,         0.757,         0.059
         0.248,         0.757,         0.059
         0.249,         0.757,         0.059
         0.249,         0.759,         0.059
         0.249,         0.759,         0.058
         0.250,         0.759,         0.058
         0.251,         0.759,         0.058
         0.252,         0.762,         0.058
         0.252,         0.762,         0.058
         0.252,         0.762,         0.058
         0.254,         0.762,         0.058
         0.254,         0.762,         0.058
         0.255,         0.762,         0.057
         0.255,         0.762,         0.057
         0.256,         0.764,         0.057
         0.257,         0.764,         0.057
         0.260,         0.764,         0.057
         0.261,         0.764,         0.057
         0.261,         0.764,         0.057
         0.262,         0.767,         0.057
         0.262,         0.767,         0.057
         0.262,         0.767,         0.056
         0.263,         0.772,         0.056
         0.263,         0.772,         0.056
         0.264,         0.772,         0.056
         0.264,         0.772,         0.056
         0.266,         0.772,         0.056
         0.267,         0.772,         0.056
         0.267,         0.772,         0.055
         0.268,         0.772,         0.055
         0.269,         0.772,         0.055
         0.270,         0.775,         0.055
         0.271,         0.775,         0.055
         0.271,         0.775,         0.055
         0.271,         0.777,         0.054
         0.271,         0.780,         0.054
         0.272,         0.780,         0.054
         0.274,         0.780,         0.054
         0.275,         0.783,         0.054
         0.276,         0.788,         0.054
         0.276,         0.788,         0.053
         0.277,         0.788,         0.053
         0.277,         0.788,         0.053
         0.278,         0.788,         0.053
         0.280,         0.791,         0.053
         0.280,         0.791,         0.053
         0.282,         0.796,         0.053
         0.282,         0.796,         0.052
         0.282,         0.796,         0.052
         0.283,         0.796,         0.052
         0.284,         0.798,         0.052
         0.284,         0.798,         0.052
         0.285,         0.798,         0.052
         0.285,         0.798,         0.052
         0.286,         0.798,         0.052
         0.287,         0.798,         0.051
         0.289,         0.798,         0.051
         0.289,         0.798,         0.051
         0.291,         0.798,         0.051
         0.291,         0.798,         0.051
         0.291,         0.798,         0.051
         0.293,         0.801,         0.051
         0.293,         0.801,         0.051
         0.295,         0.801,         0.050
         0.295,         0.801,         0.050
         0.297,         0.801,         0.050
         0.297,         0.801,         0.050
         0.297,         0.804,         0.050
         0.298,         0.804,         0.050
         0.299,         0.804,         0.050
         0.301,         0.804,         0.049
         0.302,         0.804,         0.049
         0.303,         0.804,         0.049
         0.303,         0.804,         0.049
         0.304,         0.804,         0.049
         0.304,         0.804,         0.049
         0.305,         0.809,         0.049
         0.307,         0.809,         0.048
         0.307,         0.812,         0.048
         0.307,         0.812,         0.048
         0.308,         0.814,         0.048
         0.308,         0.814,         0.048
         0.310,         0.814,         0.048
         0.311,         0.814,         0.048
         0.312,         0.814,         0.047
         0.312,         0.814,         0.047
         0.313,         0.817,         0.047
         0.313,         0.817,         0.047
         0.314,         0.817,         0.047
         0.315,         0.817,         0.047
         0.316,         0.817,         0.047
         0.316,         0.817,         0.047
         0.317,         0.817,         0.047
         0.319,         0.819,         0.047
         0.319,         0.822,         0.046
         0.319,         0.822,         0.046
         0.320,         0.822,         0.046
         0.321,         0.822,         0.046
         0.322,         0.822,         0.046
         0.322,         0.825,         0.046
         0.323,         0.825,         0.046
         0.323,         0.825,         0.046
         0.324,         0.827,         0.046
         0.324,         0.827,         0.045
         0.325,         0.827,         0.045
         0.326,         0.827,         0.045
         0.326,         0.830,         0.045
         0.327,         0.830,         0.045
         0.327,         0.830,         0.045
         0.328,         0.830,         0.045
         0.328,         0.830,         0.045
         0.329,         0.830,         0.045
         0.330,         0.830,         0.044
         0.330,         0.832,         0.044
         0.331,         0.832,         0.044
         0.331,         0.832,         0.044
         0.332,         0.832,         0.044
         0.332,         0.832,         0.044
         0.333,         0.832,         0.044
         0.335,         0.832,         0.043
         0.336,         0.832,         0.043
         0.337,         0.832,         0.043
         0.337,         0.832,         0.043
         0.338,         0.835,         0.043
         0.338,         0.835,         0.043
         0.339,         0.835,         0.043
         0.340,         0.835,         0.043
         0.341,         0.835,         0.043
         0.341,         0.835,         0.043
         0.343,         0.835,         0.042
         0.344,         0.835,         0.042
         0.344,         0.838,         0.042
         0.344,         0.838,         0.042
         0.345,         0.838,         0.042
         0.346,         0.840,         0.042
         0.348,         0.840,         0.042
         0.348,         0.840,         0.042
         0.349,         0.840,         0.042
         0.349,         0.840,         0.041
         0.350,         0.840,         0.041
         0.350,         0.840,         0.041
         0.351,         0.840,         0.041
         0.353,         0.840,         0.041
         0.354,         0.843,         0.041
         0.356,         0.843,         0.041
         0.357,         0.846,         0.041
         0.358,         0.846,         0.040
         0.359,         0.846,         0.040
         0.360,         0.846,         0.040
         0.361,         0.846,         0.040
         0.362,         0.846,         0.040
         0.362,         0.846,         0.040
         0.363,         0.846,         0.040
         0.363,         0.846,         0.040
         0.366,         0.848,         0.039
         0.367,         0.848,         0.039
         0.368,         0.848,         0.039
         0.368,         0.848,         0.039
         0.369,         0.848,         0.039
         0.370,         0.851,         0.039
         0.370,         0.853,         0.039
         0.372,         0.853,         0.039
         0.374,         0.853,         0.039
         0.374,         0.853,         0.038
         0.375,         0.853,         0.038
         0.376,         0.856,         0.038
         0.376,         0.856,         0.038
         0.377,         0.856,         0.038
         0.379,         0.856,         0.038
         0.380,         0.856,         0.037
         0.381,         0.856,         0.037
         0.383,         0.859,         0.037
         0.384,         0.859,         0.037
         0.386,         0.861,         0.037
         0.386,         0.861,         0.037
         0.388,         0.861,         0.037
         0.388,         0.861,         0.036
         0.388,         0.861,         0.036
         0.389,         0.861,         0.036
         0.390,         0.864,         0.036
         0.391,         0.864,         0.036
         0.391,         0.864,         0.036
         0.392,         0.864,         0.036
         0.392,         0.864,         0.036
         0.394,         0.869,         0.036
         0.396,         0.872,         0.036
         0.396,         0.872,         0.036
         0.397,         0.874,         0.035
         0.398,         0.877,         0.035
         0.398,         0.877,         0.035
         0.399,         0.877,         0.035
         0.401,         0.880,         0.035
         0.401,         0.880,         0.035
         0.403,         0.880,         0.035
         0.403,         0.880,         0.035
         0.404,         0.880,         0.034
         0.404,         0.880,         0.034
         0.405,         0.880,         0.034
         0.405,         0.880,         0.034
         0.407,         0.882,         0.034
         0.409,         0.885,         0.034
         0.410,         0.885,         0.034
         0.410,         0.885,         0.034
         0.411,         0.885,         0.034
         0.411,         0.885,         0.034
         0.413,         0.885,         0.033
         0.415,         0.890,         0.033
         0.415,         0.890,         0.033
         0.416,         0.890,         0.033
         0.417,         0.890,         0.033
         0.419,         0.890,         0.033
         0.419,         0.890,         0.033
         0.420,         0.890,         0.033
         0.421,         0.890,         0.033
         0.421,         0.890,         0.033
         0.421,         0.893,         0.033
         0.422,         0.893,         0.032
         0.422,         0.893,         0.032
         0.423,         0.893,         0.032
         0.424,         0.893,         0.032
         0.425,         0.895,         0.032
         0.426,         0.895,         0.032
         0.426,         0.895,         0.032
         0.427,         0.895,         0.032
         0.427,         0.895,         0.032
         0.428,         0.895,         0.032
         0.429,         0.895,         0.032
         0.429,         0.895,         0.032
         0.430,         0.895,         0.031
         0.431,         0.895,         0.031
         0.435,         0.898,         0.031
         0.436,         0.898,         0.031
         0.438,         0.898,         0.031
         0.438,         0.898,         0.031
         0.439,         0.898,         0.031
         0.440,         0.906,         0.030
         0.442,         0.906,         0.030
         0.442,         0.906,         0.030
         0.444,         0.906,         0.030
         0.444,         0.906,         0.030
         0.445,         0.906,         0.030
         0.445,         0.906,         0.030
         0.446,         0.906,         0.030
         0.447,         0.906,         0.030
         0.447,         0.906,         0.030
         0.448,         0.906,         0.029
         0.449,         0.906,         0.029
         0.449,         0.906,         0.029
         0.449,         0.906,         0.029
         0.450,         0.906,         0.029
         0.451,         0.906,         0.029
         0.452,         0.906,         0.029
         0.452,         0.906,         0.029
         0.454,         0.906,         0.029
         0.454,         0.906,         0.029
         0.456,         0.906,         0.029
         0.457,         0.906,         0.028
         0.457,         0.906,         0.028
         0.457,         0.906,         0.028
         0.458,         0.906,         0.028
         0.459,         0.906,         0.028
         0.461,         0.906,         0.028
         0.463,         0.906,         0.028
         0.464,         0.906,         0.028
         0.465,         0.908,         0.028
         0.467,         0.908,         0.027
         0.469,         0.908,         0.027
         0.470,         0.908,         0.027
         0.471,         0.908,         0.027
         0.472,         0.908,         0.027
         0.473,         0.908,         0.026
         0.473,         0.908,         0.026
         0.473,         0.908,         0.026
         0.475,         0.908,         0.026
         0.475,         0.908,         0.026
         0.477,         0.908,         0.026
         0.477,         0.908,         0.026
         0.479,         0.908,         0.026
         0.479,         0.908,         0.026
         0.480,         0.908,         0.026
         0.481,         0.908,         0.026
         0.482,         0.908,         0.026
         0.483,         0.908,         0.025
         0.484,         0.908,         0.025
         0.485,         0.908,         0.025
         0.487,         0.908,         0.025
         0.488,         0.908,         0.025
         0.489,         0.908,         0.025
         0.489,         0.908,         0.025
         0.492,         0.908,         0.025
         0.493,         0.908,         0.025
         0.494,         0.908,         0.025
         0.494,         0.908,         0.024
         0.495,         0.908,         0.024
         0.497,         0.914,         0.024
         0.497,         0.914,         0.024
         0.498,         0.914,         0.024
         0.499,         0.914,         0.024
         0.499,         0.914,         0.024
         0.502,         0.914,         0.024
         0.503,         0.914,         0.024
         0.504,         0.916,         0.023
         0.505,         0.916,         0.023
         0.506,         0.916,         0.023
         0.507,         0.916,         0.023
         0.508,         0.916,         0.023
         0.508,         0.916,         0.023
         0.510,         0.916,         0.023
         0.510,         0.916,         0.022
         0.512,         0.916,         0.022
         0.512,         0.916,         0.022
         0.514,         0.916,         0.022
         0.514,         0.916,         0.022
         0.518,         0.916,         0.022
         0.518,         0.916,         0.022
         0.521,         0.919,         0.022
         0.522,         0.919,         0.022
         0.522,         0.921,         0.022
         0.523,         0.921,         0.022
         0.525,         0.921,         0.021
         0.525,         0.921,         0.021
         0.526,         0.921,         0.021
         0.527,         0.921,         0.021
         0.528,         0.921,         0.021
         0.528,         0.921,         0.021
         0.529,         0.921,         0.021
         0.529,         0.921,         0.021
         0.531,         0.921,         0.021
         0.532,         0.921,         0.021
         0.532,         0.921,         0.021
         0.533,         0.921,         0.020
         0.534,         0.921,         0.020
         0.535,         0.921,         0.020
         0.535,         0.921,         0.020
         0.536,         0.921,         0.020
         0.538,         0.924,         0.020
         0.538,         0.924,         0.020
         0.538,         0.924,         0.020
         0.539,         0.924,         0.020
         0.540,         0.927,         0.019
         0.540,         0.927,         0.019
         0.540,         0.927,         0.019
         0.541,         0.929,         0.019
         0.541,         0.929,         0.019
         0.542,         0.929,         0.019
         0.542,         0.929,         0.019
         0.543,         0.929,         0.019
         0.545,         0.929,         0.019
         0.547,         0.929,         0.019
         0.548,         0.929,         0.018
         0.549,         0.929,         0.018
         0.552,         0.935,         0.018
         0.552,         0.935,         0.018
         0.553,         0.935,         0.018
         0.553,         0.935,         0.018
         0.554,         0.935,         0.018
         0.555,         0.935,         0.018
         0.556,         0.935,         0.018
         0.559,         0.940,         0.018
         0.559,         0.940,         0.017
         0.562,         0.940,         0.017
         0.562,         0.940,         0.017
         0.563,         0.940,         0.017
         0.564,         0.940,         0.017
         0.565,         0.940,         0.017
         0.566,         0.940,         0.017
         0.569,         0.940,         0.016
         0.571,         0.940,         0.016
         0.572,         0.940,         0.016
         0.574,         0.940,         0.016
         0.574,         0.940,         0.016
         0.574,         0.940,         0.016
         0.576,         0.940,         0.016
         0.578,         0.945,         0.016
         0.581,         0.948,         0.015
         0.581,         0.948,         0.015
         0.584,         0.948,         0.015
         0.585,         0.948,         0.015
         0.587,         0.948,         0.015
         0.588,         0.948,         0.015
         0.588,         0.948,         0.015
         0.589,         0.948,         0.015
         0.589,         0.948,         0.015
         0.591,         0.948,         0.014
         0.594,         0.948,         0.014
         0.596,         0.948,         0.014
         0.596,         0.948,         0.014
         0.598,         0.948,         0.014
         0.599,         0.948,         0.014
         0.601,         0.948,         0.014
         0.604,         0.948,         0.014
         0.605,         0.950,         0.014
         0.605,         0.950,         0.014
         0.605,         0.950,         0.014
         0.606,         0.950,         0.014
         0.606,         0.950,         0.014
         0.607,         0.950,         0.013
         0.608,         0.950,         0.013
         0.612,         0.950,         0.013
         0.612,         0.950,         0.013
         0.613,         0.950,         0.013
         0.615,         0.950,         0.013
         0.615,         0.950,         0.013
         0.616,         0.950,         0.013
         0.619,         0.950,         0.013
         0.621,         0.950,         0.012
         0.621,         0.950,         0.012
         0.626,         0.953,         0.012
         0.627,         0.953,         0.012
         0.628,         0.953,         0.012
         0.628,         0.953,         0.012
         0.629,         0.953,         0.012
         0.631,         0.955,         0.012
         0.631,         0.955,         0.012
         0.632,         0.955,         0.012
         0.633,         0.958,         0.011
         0.635,         0.958,         0.011
         0.636,         0.958,         0.011
         0.636,         0.958,         0.011
         0.638,         0.958,         0.011
         0.642,         0.958,         0.011
         0.643,         0.958,         0.011
         0.645,         0.958,         0.011
         0.645,         0.958,         0.011
         0.647,         0.961,         0.011
         0.649,         0.961,         0.011
         0.652,         0.961,         0.010
         0.652,         0.961,         0.010
         0.654,         0.961,         0.010
         0.654,         0.961,         0.010
         0.657,         0.961,         0.010
         0.658,         0.961,         0.010
         0.659,         0.961,         0.010
         0.660,         0.961,         0.010
         0.660,         0.961,         0.009
         0.664,         0.961,         0.009
         0.664,         0.961,         0.009
         0.671,         0.961,         0.009
         0.672,         0.961,         0.009
         0.674,         0.961,         0.009
         0.675,         0.963,         0.009
         0.676,         0.963,         0.009
         0.680,         0.963,         0.009
         0.681,         0.963,         0.009
         0.681,         0.963,         0.008
         0.682,         0.963,         0.008
         0.684,         0.963,         0.008
         0.687,         0.963,         0.008
         0.687,         0.963,         0.008
         0.688,         0.963,         0.008
         0.690,         0.966,         0.008
         0.691,         0.966,         0.008
         0.694,         0.969,         0.008
         0.695,         0.969,         0.008
         0.697,         0.969,         0.007
         0.698,         0.969,         0.007
         0.701,         0.969,         0.007
         0.704,         0.969,         0.007
         0.706,         0.969,         0.007
         0.706,         0.969,         0.007
         0.708,         0.969,         0.007
         0.716,         0.974,         0.007
         0.717,         0.974,         0.007
         0.718,         0.976,         0.006
         0.718,         0.976,         0.006
         0.727,         0.976,         0.006
         0.728,         0.976,         0.006
         0.728,         0.976,         0.006
         0.729,         0.976,         0.006
         0.732,         0.976,         0.006
         0.733,         0.976,         0.006
         0.735,         0.976,         0.006
         0.738,         0.976,         0.005
         0.742,         0.976,         0.005
         0.745,         0.976,         0.005
         0.746,         0.976,         0.005
         0.749,         0.976,         0.005
         0.750,         0.976,         0.005
         0.751,         0.976,         0.005
         0.754,         0.976,         0.005
         0.755,         0.976,         0.005
         0.759,         0.976,         0.005
         0.760,         0.976,         0.004
         0.769,         0.976,         0.004
         0.770,         0.976,         0.004
         0.771,         0.976,         0.004
         0.771,         0.976,         0.004
         0.775,         0.976,         0.004
         0.777,         0.976,         0.004
         0.781,         0.976,         0.004
         0.782,         0.976,         0.004
         0.782,         0.976,         0.004
         0.787,         0.979,         0.004
         0.789,         0.979,         0.004
         0.790,         0.979,         0.003
         0.790,         0.979,         0.003
         0.793,         0.979,         0.003
         0.793,         0.979,         0.003
         0.810,         0.990,         0.003
         0.811,         0.990,         0.003
         0.812,         0.990,         0.003
         0.815,         0.992,         0.003
         0.815,         0.992,         0.003
         0.815,         0.992,         0.003
         0.819,         0.992,         0.003
         0.819,         0.992,         0.002
         0.819,         0.992,         0.002
         0.822,         0.992,         0.002
         0.837,         0.992,         0.002
         0.839,         0.992,         0.002
         0.839,         0.992,         0.002
         0.840,         0.992,         0.002
         0.841,         0.992,         0.002
         0.847,         0.992,         0.002
         0.848,         0.992,         0.002
         0.854,         0.992,         0.002
         0.859,         0.992,         0.001
         0.862,         0.992,         0.001
         0.867,         0.995,         0.001
         0.872,         0.995,         0.001
         0.873,         0.995,         0.001
         0.876,         0.995,         0.001
         0.877,         0.995,         0.001
         0.877,         0.995,         0.001
         0.877,         0.995,         0.001
         0.878,         0.995,         0.001
         0.878,         0.995,         0.001
         1.000,         1.000,         0.000
