false_pos_rate,true_pos_rate,threshold
         0.000,         0.000,         1.216
         0.000,         0.009,         0.216
         0.000,         0.009,         0.207
         0.000,         0.019,         0.177
         0.000,         0.019,         0.161
         0.000,         0.037,         0.156
         0.001,         0.037,         0.153
         0.001,         0.047,         0.149
         0.001,         0.047,         0.143
         0.001,         0.075,         0.136
         0.001,         0.075,         0.136
         0.001,         0.084,         0.132
         0.002,         0.084,         0.126
         0.002,         0.093,         0.125
         0.003,         0.093,         0.120
         0.003,         0.103,         0.120
         0.003,         0.103,         0.120
         0.003,         0.112,         0.119
         0.003,         0.112,         0.118
         0.003,         0.121,         0.118
         0.004,         0.121,         0.114
         0.004,         0.131,         0.113
         0.004,         0.131,         0.111
         0.004,         0.168,         0.106
         0.005,         0.168,         0.099
         0.005,         0.178,         0.097
         0.006,         0.178,         0.096
         0.006,         0.187,         0.096
         0.007,         0.187,         0.090
         0.007,         0.196,         0.089
         0.007,         0.196,         0.089
         0.007,         0.206,         0.088
         0.008,         0.206,         0.085
         0.008,         0.224,         0.084
         0.010,         0.224,         0.078
         0.010,         0.234,         0.077
         0.010,         0.234,         0.076
         0.010,         0.252,         0.076
         0.011,         0.252,         0.075
         0.011,         0.262,         0.074
         0.012,         0.262,         0.072
         0.012,         0.271,         0.072
         0.013,         0.271,         0.071
         0.013,         0.280,         0.071
         0.014,         0.280,         0.067
         0.014,         0.299,         0.067
         0.016,         0.299,         0.064
         0.016,         0.308,         0.064
         0.017,         0.308,         0.061
         0.017,         0.318,         0.061
         0.017,         0.318,         0.060
         0.017,         0.327,         0.060
         0.021,         0.327,         0.053
         0.021,         0.336,         0.053
         0.022,         0.336,         0.052
         0.024,         0.336,         0.050
         0.026,         0.336,         0.049
         0.026,         0.346,         0.049
         0.026,         0.346,         0.048
         0.026,         0.355,         0.048
         0.027,         0.355,         0.047
         0.027,         0.364,         0.047
         0.031,         0.364,         0.042
         0.031,         0.374,         0.042
         0.036,         0.374,         0.036
         0.036,         0.383,         0.036
         0.039,         0.383,         0.033
         0.039,         0.393,         0.032
         0.040,         0.393,         0.031
         0.040,         0.402,         0.030
         0.041,         0.402,         0.029
         0.041,         0.411,         0.029
         0.042,         0.411,         0.028
         0.042,         0.421,         0.028
         0.045,         0.421,         0.025
         0.045,         0.430,         0.024
         0.046,         0.430,         0.023
         0.046,         0.439,         0.023
         0.050,         0.439,         0.020
         0.050,         0.449,         0.019
         0.050,         0.449,         0.019
         0.050,         0.458,         0.019
         0.051,         0.458,         0.019
         0.051,         0.467,         0.019
         0.051,         0.467,         0.018
         0.051,         0.477,         0.018
         0.061,         0.477,         0.011
         0.061,         0.486,         0.011
         0.061,         0.486,         0.011
         0.062,         0.486,         0.011
         0.063,         0.486,         0.009
         0.064,         0.486,         0.009
         0.066,         0.486,         0.007
         0.066,         0.495,         0.007
         0.066,         0.495,         0.007
         0.066,         0.505,         0.006
         0.072,         0.505,         0.001
         0.073,         0.505,         0.001
         0.074,         0.505,         0.000
         0.074,         0.514,         0.000
         0.078,         0.514,        -0.004
         0.078,         0.523,        -0.004
         0.083,         0.523,        -0.007
         0.083,         0.533,        -0.007
         0.086,         0.533,        -0.009
         0.086,         0.542,        -0.010
         0.087,         0.542,        -0.011
         0.087,         0.551,        -0.011
         0.091,         0.551,        -0.013
         0.091,         0.561,        -0.013
         0.093,         0.561,        -0.014
         0.094,         0.561,        -0.014
         0.094,         0.561,        -0.014
         0.094,         0.570,        -0.014
         0.100,         0.570,        -0.019
         0.100,         0.579,        -0.019
         0.103,         0.579,        -0.020
         0.103,         0.589,        -0.020
         0.104,         0.589,        -0.021
         0.104,         0.589,        -0.021
         0.105,         0.589,        -0.021
         0.105,         0.607,        -0.022
         0.109,         0.607,        -0.025
         0.109,         0.617,        -0.025
         0.114,         0.617,        -0.028
         0.114,         0.626,        -0.028
         0.114,         0.626,        -0.028
         0.114,         0.636,        -0.029
         0.128,         0.636,        -0.036
         0.128,         0.654,        -0.036
         0.129,         0.654,        -0.036
         0.129,         0.664,        -0.037
         0.129,         0.664,        -0.037
         0.129,         0.673,        -0.037
         0.130,         0.673,        -0.037
         0.130,         0.682,        -0.037
         0.137,         0.682,        -0.041
         0.137,         0.682,        -0.041
         0.142,         0.682,        -0.044
         0.142,         0.682,        -0.044
         0.144,         0.682,        -0.045
         0.144,         0.692,        -0.045
         0.157,         0.692,        -0.051
         0.157,         0.692,        -0.051
         0.157,         0.692,        -0.051
         0.157,         0.710,        -0.051
         0.168,         0.710,        -0.056
         0.168,         0.720,        -0.056
         0.172,         0.720,        -0.057
         0.172,         0.729,        -0.057
         0.180,         0.729,        -0.061
         0.180,         0.738,        -0.061
         0.190,         0.738,        -0.066
         0.190,         0.748,        -0.066
         0.192,         0.748,        -0.067
         0.192,         0.757,        -0.067
         0.192,         0.757,        -0.067
         0.192,         0.757,        -0.067
         0.198,         0.757,        -0.069
         0.198,         0.766,        -0.069
         0.199,         0.766,        -0.070
         0.199,         0.776,        -0.070
         0.204,         0.776,        -0.072
         0.205,         0.776,        -0.072
         0.211,         0.776,        -0.075
         0.211,         0.785,        -0.075
         0.216,         0.785,        -0.077
         0.216,         0.785,        -0.077
         0.228,         0.785,        -0.080
         0.228,         0.794,        -0.081
         0.228,         0.794,        -0.081
         0.229,         0.794,        -0.081
         0.234,         0.794,        -0.084
         0.234,         0.804,        -0.084
         0.235,         0.804,        -0.084
         0.236,         0.804,        -0.084
         0.236,         0.804,        -0.084
         0.236,         0.813,        -0.084
         0.241,         0.813,        -0.086
         0.241,         0.813,        -0.086
         0.248,         0.813,        -0.088
         0.248,         0.813,        -0.088
         0.249,         0.813,        -0.089
         0.249,         0.822,        -0.089
         0.252,         0.822,        -0.090
         0.252,         0.832,        -0.090
         0.260,         0.832,        -0.093
         0.260,         0.841,        -0.093
         0.263,         0.841,        -0.094
         0.264,         0.841,        -0.094
         0.274,         0.841,        -0.099
         0.274,         0.841,        -0.099
         0.278,         0.841,        -0.100
         0.278,         0.841,        -0.100
         0.296,         0.841,        -0.105
         0.296,         0.850,        -0.105
         0.309,         0.850,        -0.110
         0.310,         0.850,        -0.110
         0.316,         0.850,        -0.112
         0.318,         0.850,        -0.112
         0.321,         0.850,        -0.112
         0.321,         0.860,        -0.112
         0.321,         0.860,        -0.112
         0.322,         0.860,        -0.112
         0.332,         0.860,        -0.116
         0.333,         0.860,        -0.116
         0.335,         0.860,        -0.116
         0.335,         0.869,        -0.116
         0.340,         0.869,        -0.118
         0.341,         0.869,        -0.118
         0.345,         0.869,        -0.120
         0.345,         0.879,        -0.120
         0.369,         0.879,        -0.128
         0.369,         0.888,        -0.128
         0.380,         0.888,        -0.131
         0.380,         0.888,        -0.131
         0.381,         0.888,        -0.131
         0.381,         0.888,        -0.131
         0.385,         0.888,        -0.132
         0.385,         0.888,        -0.132
         0.398,         0.888,        -0.135
         0.398,         0.897,        -0.135
         0.404,         0.897,        -0.137
         0.404,         0.897,        -0.137
         0.418,         0.897,        -0.141
         0.418,         0.897,        -0.142
         0.427,         0.897,        -0.144
         0.427,         0.897,        -0.144
         0.427,         0.897,        -0.144
         0.427,         0.907,        -0.144
         0.453,         0.907,        -0.152
         0.453,         0.907,        -0.152
         0.459,         0.907,        -0.154
         0.460,         0.907,        -0.154
         0.462,         0.907,        -0.154
         0.462,         0.907,        -0.154
         0.463,         0.907,        -0.155
         0.463,         0.907,        -0.155
         0.466,         0.907,        -0.155
         0.466,         0.916,        -0.155
         0.471,         0.916,        -0.156
         0.471,         0.916,        -0.156
         0.472,         0.916,        -0.157
         0.472,         0.916,        -0.157
         0.475,         0.916,        -0.157
         0.475,         0.925,        -0.157
         0.484,         0.925,        -0.160
         0.484,         0.925,        -0.160
         0.493,         0.925,        -0.162
         0.493,         0.925,        -0.162
         0.518,         0.925,        -0.168
         0.518,         0.935,        -0.168
         0.523,         0.935,        -0.170
         0.523,         0.935,        -0.170
         0.540,         0.935,        -0.175
         0.540,         0.944,        -0.175
         0.576,         0.944,        -0.185
         0.576,         0.953,        -0.185
         0.590,         0.953,        -0.189
         0.607,         0.953,        -0.189
         0.614,         0.953,        -0.191
         0.614,         0.963,        -0.191
         0.614,         0.963,        -0.191
         0.621,         0.963,        -0.193
         0.624,         0.963,        -0.193
         0.634,         0.963,        -0.196
         0.635,         0.963,        -0.196
         0.636,         0.963,        -0.197
         0.636,         0.972,        -0.197
         0.680,         0.972,        -0.210
         0.680,         0.972,        -0.210
         0.690,         0.972,        -0.213
         0.691,         0.972,        -0.213
         0.721,         0.972,        -0.221
         0.722,         0.972,        -0.221
         0.726,         0.972,        -0.223
         0.726,         0.981,        -0.223
         0.772,         0.981,        -0.238
         0.772,         0.991,        -0.238
         0.807,         0.991,        -0.249
         0.808,         0.991,        -0.249
         0.811,         0.991,        -0.250
         0.811,         1.000,        -0.250
         0.814,         1.000,        -0.251
         0.814,         1.000,        -0.251
         0.832,         1.000,        -0.258
         0.833,         1.000,        -0.258
         0.837,         1.000,        -0.259
         0.837,         1.000,        -0.259
         0.870,         1.000,        -0.271
         0.870,         1.000,        -0.271
         0.886,         1.000,        -0.280
         0.887,         1.000,        -0.281
         0.945,         1.000,        -0.313
         0.945,         1.000,        -0.313
         0.990,         1.000,        -0.368
         0.990,         1.000,        -0.369
         1.000,         1.000,        -0.445
