false_pos_rate,true_pos_rate,threshold
         0.000,         0.000,         1.607
         0.000,         0.000,         0.607
         0.000,         0.002,         0.460
         0.004,         0.005,         0.455
         0.004,         0.012,         0.432
         0.004,         0.012,         0.425
         0.004,         0.014,         0.424
         0.005,         0.014,         0.423
         0.005,         0.023,         0.390
         0.005,         0.023,         0.384
         0.005,         0.026,         0.383
         0.006,         0.026,         0.372
         0.006,         0.035,         0.356
         0.006,         0.035,         0.353
         0.006,         0.037,         0.352
         0.007,         0.037,         0.344
         0.007,         0.042,         0.340
         0.007,         0.042,         0.339
         0.007,         0.047,         0.338
         0.007,         0.047,         0.337
         0.007,         0.049,         0.335
         0.007,         0.052,         0.333
         0.008,         0.052,         0.333
         0.008,         0.054,         0.332
         0.008,         0.054,         0.331
         0.009,         0.054,         0.330
         0.009,         0.054,         0.328
         0.009,         0.056,         0.326
         0.009,         0.059,         0.322
         0.010,         0.059,         0.322
         0.013,         0.061,         0.322
         0.013,         0.061,         0.320
         0.014,         0.061,         0.319
         0.014,         0.061,         0.312
         0.014,         0.063,         0.311
         0.014,         0.066,         0.311
         0.014,         0.068,         0.310
         0.014,         0.068,         0.308
         0.015,         0.070,         0.308
         0.015,         0.070,         0.306
         0.015,         0.073,         0.305
         0.015,         0.073,         0.305
         0.015,         0.073,         0.303
         0.015,         0.075,         0.303
         0.016,         0.075,         0.301
         0.017,         0.075,         0.295
         0.017,         0.075,         0.293
         0.017,         0.077,         0.292
         0.018,         0.077,         0.290
         0.018,         0.080,         0.289
         0.018,         0.080,         0.289
         0.019,         0.080,         0.288
         0.019,         0.080,         0.287
         0.020,         0.080,         0.285
         0.020,         0.082,         0.282
         0.020,         0.082,         0.281
         0.022,         0.082,         0.278
         0.022,         0.084,         0.278
         0.023,         0.087,         0.277
         0.023,         0.087,         0.276
         0.023,         0.087,         0.276
         0.023,         0.091,         0.275
         0.024,         0.091,         0.274
         0.024,         0.094,         0.274
         0.024,         0.094,         0.273
         0.024,         0.094,         0.272
         0.025,         0.094,         0.272
         0.025,         0.096,         0.270
         0.026,         0.096,         0.269
         0.027,         0.096,         0.269
         0.027,         0.096,         0.267
         0.027,         0.096,         0.266
         0.029,         0.096,         0.266
         0.029,         0.096,         0.264
         0.031,         0.096,         0.263
         0.032,         0.096,         0.259
         0.033,         0.096,         0.259
         0.033,         0.098,         0.258
         0.033,         0.098,         0.255
         0.034,         0.098,         0.255
         0.034,         0.098,         0.253
         0.035,         0.098,         0.252
         0.036,         0.101,         0.252
         0.036,         0.105,         0.250
         0.036,         0.105,         0.250
         0.037,         0.105,         0.249
         0.037,         0.105,         0.249
         0.037,         0.108,         0.249
         0.038,         0.108,         0.248
         0.038,         0.108,         0.247
         0.038,         0.108,         0.247
         0.038,         0.108,         0.245
         0.039,         0.108,         0.244
         0.040,         0.110,         0.243
         0.040,         0.110,         0.243
         0.040,         0.112,         0.243
         0.041,         0.112,         0.241
         0.042,         0.112,         0.240
         0.042,         0.112,         0.240
         0.042,         0.115,         0.240
         0.042,         0.115,         0.240
         0.042,         0.117,         0.240
         0.043,         0.117,         0.238
         0.044,         0.117,         0.237
         0.044,         0.117,         0.236
         0.044,         0.119,         0.235
         0.044,         0.119,         0.235
         0.045,         0.122,         0.234
         0.046,         0.122,         0.233
         0.046,         0.124,         0.233
         0.046,         0.124,         0.233
         0.046,         0.126,         0.233
         0.047,         0.126,         0.232
         0.047,         0.126,         0.231
         0.047,         0.129,         0.229
         0.048,         0.129,         0.229
         0.048,         0.133,         0.229
         0.050,         0.133,         0.227
         0.050,         0.133,         0.227
         0.050,         0.136,         0.226
         0.050,         0.136,         0.225
         0.051,         0.136,         0.225
         0.051,         0.136,         0.224
         0.052,         0.136,         0.224
         0.052,         0.138,         0.223
         0.053,         0.138,         0.223
         0.053,         0.138,         0.221
         0.054,         0.138,         0.221
         0.055,         0.138,         0.220
         0.055,         0.143,         0.220
         0.055,         0.143,         0.220
         0.055,         0.143,         0.219
         0.055,         0.143,         0.219
         0.056,         0.145,         0.218
         0.057,         0.145,         0.218
         0.057,         0.145,         0.217
         0.058,         0.145,         0.217
         0.058,         0.150,         0.216
         0.058,         0.152,         0.216
         0.058,         0.152,         0.215
         0.059,         0.152,         0.215
         0.059,         0.152,         0.214
         0.059,         0.152,         0.214
         0.059,         0.157,         0.214
         0.060,         0.157,         0.213
         0.060,         0.157,         0.213
         0.060,         0.157,         0.213
         0.061,         0.159,         0.212
         0.061,         0.162,         0.212
         0.062,         0.162,         0.212
         0.062,         0.164,         0.212
         0.062,         0.166,         0.211
         0.062,         0.166,         0.211
         0.063,         0.166,         0.211
         0.064,         0.166,         0.209
         0.064,         0.166,         0.209
         0.066,         0.166,         0.209
         0.066,         0.166,         0.208
         0.067,         0.166,         0.208
         0.067,         0.166,         0.207
         0.067,         0.171,         0.207
         0.069,         0.171,         0.206
         0.069,         0.171,         0.206
         0.069,         0.171,         0.206
         0.070,         0.171,         0.206
         0.071,         0.171,         0.205
         0.071,         0.171,         0.205
         0.071,         0.171,         0.205
         0.072,         0.171,         0.204
         0.073,         0.171,         0.204
         0.074,         0.171,         0.203
         0.075,         0.171,         0.203
         0.075,         0.171,         0.202
         0.077,         0.171,         0.202
         0.077,         0.171,         0.202
         0.078,         0.173,         0.201
         0.078,         0.176,         0.201
         0.078,         0.176,         0.201
         0.078,         0.176,         0.201
         0.078,         0.178,         0.201
         0.078,         0.178,         0.201
         0.079,         0.178,         0.199
         0.080,         0.180,         0.199
         0.081,         0.180,         0.199
         0.081,         0.180,         0.199
         0.082,         0.180,         0.197
         0.082,         0.180,         0.197
         0.082,         0.180,         0.197
         0.082,         0.183,         0.197
         0.083,         0.183,         0.196
         0.085,         0.183,         0.196
         0.085,         0.183,         0.196
         0.085,         0.185,         0.196
         0.085,         0.185,         0.195
         0.086,         0.185,         0.195
         0.086,         0.187,         0.195
         0.087,         0.187,         0.194
         0.089,         0.187,         0.194
         0.089,         0.187,         0.194
         0.089,         0.187,         0.193
         0.090,         0.187,         0.193
         0.090,         0.187,         0.192
         0.091,         0.187,         0.192
         0.091,         0.187,         0.192
         0.092,         0.187,         0.191
         0.092,         0.190,         0.191
         0.092,         0.190,         0.191
         0.093,         0.190,         0.190
         0.093,         0.190,         0.190
         0.094,         0.190,         0.189
         0.094,         0.190,         0.189
         0.094,         0.192,         0.189
         0.094,         0.194,         0.188
         0.095,         0.194,         0.188
         0.096,         0.194,         0.188
         0.097,         0.197,         0.188
         0.097,         0.197,         0.188
         0.097,         0.197,         0.187
         0.098,         0.197,         0.186
         0.099,         0.197,         0.186
         0.099,         0.199,         0.186
         0.100,         0.199,         0.186
         0.101,         0.199,         0.186
         0.101,         0.201,         0.185
         0.101,         0.201,         0.184
         0.102,         0.201,         0.184
         0.103,         0.201,         0.184
         0.103,         0.204,         0.183
         0.104,         0.204,         0.183
         0.104,         0.204,         0.183
         0.106,         0.208,         0.182
         0.107,         0.208,         0.182
         0.107,         0.211,         0.182
         0.107,         0.211,         0.181
         0.108,         0.211,         0.181
         0.108,         0.211,         0.180
         0.109,         0.213,         0.180
         0.110,         0.213,         0.179
         0.110,         0.213,         0.179
         0.111,         0.213,         0.179
         0.112,         0.213,         0.179
         0.113,         0.213,         0.178
         0.113,         0.213,         0.178
         0.114,         0.213,         0.178
         0.114,         0.213,         0.178
         0.115,         0.213,         0.177
         0.116,         0.215,         0.177
         0.118,         0.215,         0.177
         0.118,         0.215,         0.176
         0.119,         0.215,         0.176
         0.119,         0.215,         0.176
         0.119,         0.215,         0.176
         0.120,         0.215,         0.175
         0.121,         0.215,         0.174
         0.122,         0.218,         0.174
         0.123,         0.218,         0.174
         0.124,         0.218,         0.173
         0.125,         0.218,         0.173
         0.125,         0.218,         0.172
         0.126,         0.218,         0.172
         0.126,         0.218,         0.172
         0.127,         0.218,         0.172
         0.128,         0.218,         0.172
         0.129,         0.220,         0.171
         0.129,         0.220,         0.170
         0.130,         0.220,         0.170
         0.130,         0.220,         0.170
         0.132,         0.220,         0.170
         0.132,         0.220,         0.170
         0.132,         0.220,         0.169
         0.134,         0.220,         0.169
         0.134,         0.220,         0.168
         0.135,         0.220,         0.168
         0.135,         0.220,         0.168
         0.137,         0.220,         0.168
         0.137,         0.220,         0.167
         0.139,         0.222,         0.167
         0.139,         0.227,         0.166
         0.140,         0.227,         0.166
         0.140,         0.227,         0.165
         0.142,         0.230,         0.165
         0.142,         0.230,         0.165
         0.142,         0.232,         0.165
         0.143,         0.232,         0.164
         0.143,         0.234,         0.164
         0.144,         0.234,         0.164
         0.145,         0.234,         0.164
         0.145,         0.234,         0.163
         0.147,         0.234,         0.163
         0.147,         0.234,         0.163
         0.148,         0.234,         0.162
         0.149,         0.237,         0.162
         0.150,         0.239,         0.162
         0.150,         0.239,         0.162
         0.150,         0.239,         0.162
         0.151,         0.239,         0.162
         0.151,         0.239,         0.161
         0.152,         0.241,         0.161
         0.152,         0.241,         0.161
         0.152,         0.241,         0.160
         0.155,         0.241,         0.160
         0.156,         0.244,         0.160
         0.156,         0.244,         0.160
         0.157,         0.244,         0.159
         0.157,         0.246,         0.159
         0.158,         0.246,         0.158
         0.159,         0.246,         0.158
         0.160,         0.246,         0.158
         0.160,         0.246,         0.157
         0.161,         0.248,         0.157
         0.161,         0.248,         0.156
         0.162,         0.248,         0.156
         0.163,         0.248,         0.156
         0.165,         0.248,         0.156
         0.166,         0.248,         0.155
         0.166,         0.248,         0.155
         0.167,         0.248,         0.155
         0.167,         0.248,         0.154
         0.169,         0.248,         0.154
         0.169,         0.248,         0.154
         0.171,         0.248,         0.154
         0.171,         0.248,         0.153
         0.172,         0.248,         0.153
         0.172,         0.248,         0.152
         0.173,         0.248,         0.152
         0.174,         0.248,         0.152
         0.175,         0.248,         0.152
         0.175,         0.248,         0.151
         0.176,         0.248,         0.151
         0.178,         0.248,         0.150
         0.178,         0.248,         0.150
         0.178,         0.248,         0.150
         0.179,         0.248,         0.149
         0.179,         0.248,         0.149
         0.181,         0.248,         0.149
         0.181,         0.248,         0.148
         0.183,         0.248,         0.148
         0.183,         0.248,         0.148
         0.184,         0.248,         0.147
         0.185,         0.248,         0.147
         0.185,         0.248,         0.146
         0.186,         0.248,         0.146
         0.186,         0.248,         0.146
         0.186,         0.248,         0.146
         0.186,         0.248,         0.146
         0.187,         0.248,         0.145
         0.188,         0.248,         0.145
         0.188,         0.248,         0.145
         0.188,         0.248,         0.144
         0.189,         0.248,         0.144
         0.189,         0.248,         0.144
         0.190,         0.248,         0.144
         0.190,         0.248,         0.144
         0.190,         0.248,         0.143
         0.191,         0.248,         0.143
         0.191,         0.248,         0.142
         0.192,         0.248,         0.142
         0.193,         0.248,         0.142
         0.193,         0.248,         0.141
         0.194,         0.248,         0.141
         0.195,         0.248,         0.141
         0.196,         0.248,         0.141
         0.196,         0.248,         0.140
         0.197,         0.248,         0.140
         0.197,         0.248,         0.140
         0.197,         0.248,         0.139
         0.198,         0.248,         0.139
         0.198,         0.248,         0.139
         0.199,         0.248,         0.139
         0.199,         0.248,         0.139
         0.200,         0.248,         0.137
         0.201,         0.248,         0.137
         0.202,         0.248,         0.137
         0.202,         0.248,         0.136
         0.202,         0.248,         0.136
         0.204,         0.248,         0.135
         0.204,         0.251,         0.135
         0.205,         0.251,         0.133
         0.205,         0.251,         0.133
         0.205,         0.251,         0.132
         0.206,         0.251,         0.132
         0.206,         0.251,         0.132
         0.207,         0.251,         0.132
         0.207,         0.253,         0.131
         0.208,         0.253,         0.131
         0.208,         0.253,         0.131
         0.208,         0.253,         0.131
         0.209,         0.253,         0.130
         0.210,         0.253,         0.130
         0.210,         0.253,         0.129
         0.211,         0.253,         0.128
         0.212,         0.281,         0.128
         0.212,         0.281,         0.128
         0.213,         0.281,         0.128
         0.214,         0.281,         0.128
         0.214,         0.281,         0.127
         0.214,         0.286,         0.127
         0.214,         0.286,         0.126
         0.214,         0.290,         0.126
         0.215,         0.290,         0.126
         0.215,         0.293,         0.126
         0.215,         0.293,         0.124
         0.215,         0.293,         0.124
         0.215,         0.293,         0.123
         0.216,         0.293,         0.123
         0.216,         0.293,         0.123
         0.217,         0.293,         0.122
         0.217,         0.293,         0.122
         0.217,         0.293,         0.122
         0.218,         0.293,         0.119
         0.219,         0.295,         0.119
         0.219,         0.295,         0.118
         0.220,         0.295,         0.117
         0.220,         0.295,         0.116
         0.221,         0.295,         0.115
         0.221,         0.297,         0.114
         0.221,         0.297,         0.113
         0.221,         0.297,         0.112
         0.222,         0.297,         0.112
         0.222,         0.300,         0.112
         0.222,         0.300,         0.111
         0.222,         0.300,         0.109
         0.223,         0.300,         0.109
         0.223,         0.309,         0.109
         0.223,         0.309,         0.107
         0.223,         0.311,         0.107
         0.223,         0.311,         0.106
         0.223,         0.314,         0.106
         0.224,         0.319,         0.104
         0.224,         0.321,         0.104
         0.224,         0.323,         0.104
         0.224,         0.323,         0.103
         0.225,         0.323,         0.099
         0.225,         0.323,         0.099
         0.226,         0.323,         0.097
         0.226,         0.328,         0.096
         0.227,         0.328,         0.096
         0.227,         0.330,         0.095
         0.228,         0.330,         0.095
         0.228,         0.333,         0.095
         0.228,         0.333,         0.094
         0.228,         0.337,         0.093
         0.229,         0.337,         0.091
         0.229,         0.337,         0.091
         0.230,         0.342,         0.090
         0.230,         0.342,         0.089
         0.230,         0.342,         0.087
         0.231,         0.349,         0.087
         0.231,         0.349,         0.086
         0.231,         0.349,         0.086
         0.231,         0.349,         0.085
         0.231,         0.351,         0.085
         0.232,         0.351,         0.085
         0.232,         0.351,         0.084
         0.233,         0.365,         0.083
         0.234,         0.365,         0.083
         0.234,         0.365,         0.082
         0.235,         0.368,         0.082
         0.235,         0.370,         0.081
         0.235,         0.370,         0.081
         0.236,         0.370,         0.081
         0.237,         0.370,         0.081
         0.237,         0.370,         0.080
         0.237,         0.370,         0.080
         0.238,         0.375,         0.078
         0.238,         0.375,         0.078
         0.238,         0.377,         0.078
         0.239,         0.377,         0.077
         0.239,         0.377,         0.077
         0.239,         0.379,         0.077
         0.239,         0.379,         0.077
         0.242,         0.379,         0.077
         0.243,         0.379,         0.075
         0.243,         0.382,         0.075
         0.243,         0.386,         0.075
         0.245,         0.391,         0.074
         0.245,         0.393,         0.074
         0.246,         0.393,         0.073
         0.246,         0.393,         0.073
         0.247,         0.393,         0.073
         0.247,         0.400,         0.072
         0.248,         0.400,         0.072
         0.249,         0.403,         0.072
         0.249,         0.403,         0.071
         0.251,         0.405,         0.071
         0.252,         0.415,         0.070
         0.252,         0.417,         0.070
         0.253,         0.417,         0.070
         0.254,         0.417,         0.069
         0.254,         0.417,         0.069
         0.254,         0.417,         0.068
         0.255,         0.417,         0.068
         0.256,         0.417,         0.068
         0.256,         0.417,         0.068
         0.257,         0.417,         0.068
         0.257,         0.419,         0.067
         0.258,         0.419,         0.066
         0.258,         0.419,         0.066
         0.259,         0.422,         0.066
         0.259,         0.422,         0.066
         0.259,         0.422,         0.065
         0.260,         0.422,         0.065
         0.261,         0.422,         0.065
         0.261,         0.422,         0.065
         0.263,         0.424,         0.064
         0.264,         0.424,         0.064
         0.264,         0.426,         0.064
         0.265,         0.431,         0.063
         0.265,         0.431,         0.063
         0.266,         0.433,         0.063
         0.267,         0.433,         0.063
         0.268,         0.433,         0.063
         0.268,         0.438,         0.063
         0.269,         0.438,         0.063
         0.270,         0.438,         0.062
         0.270,         0.438,         0.062
         0.270,         0.438,         0.062
         0.271,         0.438,         0.062
         0.271,         0.438,         0.061
         0.272,         0.438,         0.061
         0.272,         0.438,         0.061
         0.272,         0.443,         0.061
         0.273,         0.443,         0.061
         0.273,         0.445,         0.061
         0.273,         0.447,         0.060
         0.274,         0.447,         0.060
         0.275,         0.452,         0.060
         0.276,         0.452,         0.060
         0.278,         0.454,         0.059
         0.279,         0.457,         0.059
         0.280,         0.457,         0.059
         0.280,         0.457,         0.059
         0.281,         0.459,         0.058
         0.282,         0.459,         0.058
         0.283,         0.459,         0.058
         0.284,         0.461,         0.058
         0.284,         0.461,         0.057
         0.285,         0.461,         0.057
         0.285,         0.461,         0.057
         0.286,         0.461,         0.057
         0.287,         0.461,         0.057
         0.287,         0.461,         0.056
         0.288,         0.461,         0.056
         0.290,         0.461,         0.055
         0.290,         0.461,         0.055
         0.292,         0.464,         0.055
         0.292,         0.464,         0.055
         0.293,         0.464,         0.055
         0.294,         0.464,         0.054
         0.294,         0.466,         0.054
         0.296,         0.466,         0.054
         0.296,         0.466,         0.054
         0.298,         0.466,         0.053
         0.299,         0.466,         0.053
         0.299,         0.466,         0.053
         0.301,         0.466,         0.053
         0.302,         0.466,         0.052
         0.303,         0.466,         0.052
         0.305,         0.468,         0.052
         0.306,         0.468,         0.052
         0.306,         0.468,         0.051
         0.307,         0.471,         0.051
         0.309,         0.471,         0.051
         0.310,         0.471,         0.051
         0.310,         0.471,         0.050
         0.310,         0.471,         0.050
         0.313,         0.475,         0.050
         0.313,         0.475,         0.050
         0.315,         0.478,         0.050
         0.315,         0.478,         0.050
         0.319,         0.482,         0.049
         0.319,         0.482,         0.049
         0.322,         0.482,         0.048
         0.323,         0.482,         0.048
         0.325,         0.492,         0.048
         0.326,         0.492,         0.048
         0.326,         0.492,         0.048
         0.327,         0.492,         0.048
         0.328,         0.492,         0.048
         0.330,         0.492,         0.047
         0.331,         0.494,         0.047
         0.332,         0.494,         0.046
         0.332,         0.494,         0.046
         0.334,         0.494,         0.046
         0.336,         0.496,         0.046
         0.337,         0.496,         0.046
         0.339,         0.499,         0.045
         0.342,         0.501,         0.045
         0.343,         0.501,         0.045
         0.345,         0.501,         0.044
         0.346,         0.501,         0.044
         0.348,         0.511,         0.044
         0.351,         0.511,         0.044
         0.351,         0.511,         0.043
         0.353,         0.511,         0.043
         0.354,         0.511,         0.043
         0.355,         0.511,         0.043
         0.357,         0.511,         0.043
         0.357,         0.511,         0.043
         0.358,         0.511,         0.043
         0.360,         0.511,         0.043
         0.360,         0.511,         0.043
         0.361,         0.511,         0.043
         0.363,         0.518,         0.042
         0.365,         0.522,         0.042
         0.367,         0.527,         0.041
         0.368,         0.527,         0.041
         0.370,         0.529,         0.041
         0.371,         0.534,         0.041
         0.372,         0.536,         0.041
         0.373,         0.536,         0.041
         0.374,         0.536,         0.041
         0.376,         0.541,         0.040
         0.377,         0.541,         0.040
         0.377,         0.541,         0.039
         0.377,         0.541,         0.039
         0.377,         0.541,         0.039
         0.378,         0.541,         0.039
         0.378,         0.541,         0.039
         0.381,         0.543,         0.039
         0.385,         0.543,         0.039
         0.387,         0.543,         0.038
         0.395,         0.550,         0.038
         0.395,         0.550,         0.038
         0.395,         0.550,         0.037
         0.398,         0.550,         0.037
         0.400,         0.557,         0.037
         0.401,         0.557,         0.037
         0.403,         0.557,         0.037
         0.405,         0.557,         0.036
         0.406,         0.557,         0.036
         0.407,         0.560,         0.036
         0.408,         0.560,         0.036
         0.411,         0.567,         0.036
         0.411,         0.567,         0.036
         0.412,         0.567,         0.036
         0.413,         0.571,         0.035
         0.414,         0.571,         0.035
         0.415,         0.571,         0.035
         0.415,         0.571,         0.035
         0.417,         0.571,         0.034
         0.419,         0.574,         0.034
         0.419,         0.574,         0.034
         0.425,         0.574,         0.034
         0.427,         0.574,         0.034
         0.429,         0.574,         0.034
         0.429,         0.574,         0.034
         0.432,         0.574,         0.033
         0.432,         0.574,         0.033
         0.433,         0.574,         0.033
         0.433,         0.574,         0.033
         0.436,         0.574,         0.032
         0.440,         0.590,         0.032
         0.441,         0.590,         0.032
         0.445,         0.597,         0.032
         0.447,         0.600,         0.032
         0.449,         0.600,         0.031
         0.450,         0.600,         0.031
         0.452,         0.600,         0.031
         0.454,         0.600,         0.031
         0.454,         0.600,         0.030
         0.456,         0.600,         0.030
         0.457,         0.600,         0.030
         0.459,         0.600,         0.030
         0.462,         0.604,         0.030
         0.465,         0.604,         0.029
         0.465,         0.604,         0.029
         0.470,         0.604,         0.029
         0.471,         0.604,         0.029
         0.473,         0.604,         0.029
         0.475,         0.604,         0.029
         0.476,         0.604,         0.029
         0.477,         0.604,         0.028
         0.479,         0.604,         0.028
         0.479,         0.604,         0.028
         0.483,         0.604,         0.028
         0.483,         0.604,         0.028
         0.484,         0.604,         0.027
         0.489,         0.616,         0.027
         0.491,         0.616,         0.027
         0.491,         0.616,         0.027
         0.494,         0.616,         0.027
         0.494,         0.616,         0.026
         0.496,         0.616,         0.026
         0.499,         0.618,         0.026
         0.503,         0.621,         0.026
         0.505,         0.625,         0.026
         0.506,         0.625,         0.026
         0.511,         0.646,         0.026
         0.513,         0.646,         0.025
         0.514,         0.646,         0.025
         0.515,         0.646,         0.025
         0.515,         0.646,         0.025
         0.518,         0.646,         0.024
         0.519,         0.649,         0.024
         0.520,         0.649,         0.024
         0.521,         0.649,         0.024
         0.524,         0.649,         0.023
         0.526,         0.649,         0.023
         0.526,         0.649,         0.023
         0.530,         0.651,         0.023
         0.539,         0.653,         0.023
         0.541,         0.658,         0.022
         0.544,         0.658,         0.022
         0.544,         0.658,         0.022
         0.548,         0.660,         0.022
         0.553,         0.660,         0.022
         0.557,         0.660,         0.021
         0.558,         0.660,         0.021
         0.559,         0.660,         0.021
         0.560,         0.660,         0.021
         0.562,         0.660,         0.021
         0.563,         0.660,         0.021
         0.563,         0.660,         0.021
         0.567,         0.660,         0.020
         0.568,         0.660,         0.020
         0.571,         0.660,         0.020
         0.575,         0.660,         0.020
         0.575,         0.660,         0.020
         0.579,         0.660,         0.019
         0.580,         0.660,         0.019
         0.588,         0.679,         0.019
         0.589,         0.679,         0.019
         0.592,         0.691,         0.018
         0.597,         0.693,         0.018
         0.599,         0.693,         0.018
         0.599,         0.693,         0.018
         0.606,         0.707,         0.018
         0.607,         0.707,         0.018
         0.609,         0.707,         0.017
         0.612,         0.710,         0.017
         0.612,         0.710,         0.017
         0.612,         0.710,         0.017
         0.616,         0.710,         0.017
         0.619,         0.710,         0.017
         0.620,         0.710,         0.017
         0.620,         0.710,         0.017
         0.621,         0.710,         0.017
         0.625,         0.710,         0.016
         0.628,         0.712,         0.016
         0.629,         0.712,         0.016
         0.633,         0.712,         0.016
         0.636,         0.714,         0.016
         0.636,         0.714,         0.016
         0.639,         0.714,         0.015
         0.639,         0.714,         0.015
         0.642,         0.714,         0.015
         0.642,         0.714,         0.015
         0.648,         0.721,         0.015
         0.651,         0.721,         0.015
         0.654,         0.724,         0.014
         0.654,         0.724,         0.014
         0.658,         0.724,         0.014
         0.659,         0.724,         0.014
         0.666,         0.728,         0.014
         0.668,         0.728,         0.014
         0.670,         0.728,         0.013
         0.672,         0.728,         0.013
         0.672,         0.728,         0.013
         0.685,         0.749,         0.013
         0.685,         0.749,         0.012
         0.686,         0.749,         0.012
         0.688,         0.749,         0.012
         0.693,         0.749,         0.012
         0.694,         0.749,         0.012
         0.695,         0.749,         0.012
         0.695,         0.749,         0.012
         0.698,         0.749,         0.011
         0.704,         0.749,         0.011
         0.709,         0.766,         0.011
         0.709,         0.766,         0.011
         0.712,         0.766,         0.011
         0.712,         0.766,         0.011
         0.714,         0.766,         0.010
         0.714,         0.766,         0.010
         0.717,         0.768,         0.010
         0.718,         0.768,         0.010
         0.722,         0.768,         0.010
         0.723,         0.768,         0.010
         0.727,         0.773,         0.010
         0.727,         0.773,         0.009
         0.729,         0.773,         0.009
         0.743,         0.787,         0.009
         0.744,         0.787,         0.009
         0.747,         0.794,         0.009
         0.747,         0.794,         0.009
         0.752,         0.794,         0.009
         0.752,         0.794,         0.008
         0.753,         0.794,         0.008
         0.755,         0.794,         0.008
         0.758,         0.801,         0.008
         0.760,         0.801,         0.008
         0.767,         0.801,         0.007
         0.773,         0.801,         0.007
         0.774,         0.801,         0.007
         0.774,         0.801,         0.007
         0.778,         0.801,         0.007
         0.778,         0.801,         0.007
         0.793,         0.838,         0.006
         0.798,         0.838,         0.006
         0.800,         0.838,         0.006
         0.805,         0.841,         0.006
         0.806,         0.841,         0.006
         0.807,         0.841,         0.005
         0.812,         0.841,         0.005
         0.813,         0.841,         0.005
         0.817,         0.841,         0.005
         0.818,         0.841,         0.005
         0.831,         0.857,         0.005
         0.831,         0.857,         0.004
         0.834,         0.857,         0.004
         0.836,         0.857,         0.004
         0.838,         0.857,         0.004
         0.846,         0.867,         0.004
         0.847,         0.867,         0.004
         0.847,         0.867,         0.003
         0.854,         0.874,         0.003
         0.857,         0.876,         0.003
         0.862,         0.876,         0.003
         0.865,         0.876,         0.002
         0.870,         0.876,         0.002
         0.872,         0.876,         0.002
         0.874,         0.876,         0.002
         0.876,         0.876,         0.002
         0.876,         0.876,         0.002
         0.877,         0.876,         0.002
         0.878,         0.876,         0.001
         1.000,         1.000,         0.000
