false_pos_rate,true_pos_rate,threshold
         0.000,         0.000,         1.607
         0.001,         0.000,         0.607
         0.001,         0.000,         0.565
         0.001,         0.002,         0.557
         0.002,         0.002,         0.514
         0.002,         0.007,         0.508
         0.002,         0.007,         0.499
         0.002,         0.009,         0.484
         0.003,         0.009,         0.476
         0.003,         0.012,         0.471
         0.003,         0.014,         0.468
         0.003,         0.014,         0.458
         0.003,         0.016,         0.458
         0.020,         0.021,         0.455
         0.021,         0.023,         0.442
         0.021,         0.023,         0.439
         0.022,         0.023,         0.436
         0.022,         0.023,         0.433
         0.022,         0.026,         0.427
         0.022,         0.035,         0.417
         0.023,         0.035,         0.412
         0.023,         0.040,         0.408
         0.023,         0.040,         0.407
         0.023,         0.040,         0.405
         0.024,         0.040,         0.404
         0.028,         0.044,         0.404
         0.028,         0.044,         0.401
         0.029,         0.044,         0.398
         0.029,         0.044,         0.395
         0.030,         0.044,         0.393
         0.030,         0.047,         0.392
         0.030,         0.047,         0.387
         0.030,         0.049,         0.387
         0.031,         0.049,         0.384
         0.031,         0.052,         0.383
         0.031,         0.052,         0.380
         0.031,         0.054,         0.380
         0.031,         0.054,         0.378
         0.031,         0.054,         0.377
         0.032,         0.054,         0.376
         0.032,         0.054,         0.374
         0.032,         0.059,         0.374
         0.033,         0.059,         0.372
         0.034,         0.059,         0.369
         0.034,         0.061,         0.367
         0.034,         0.061,         0.367
         0.035,         0.061,         0.366
         0.035,         0.061,         0.364
         0.036,         0.061,         0.361
         0.036,         0.066,         0.358
         0.037,         0.066,         0.355
         0.038,         0.066,         0.353
         0.039,         0.066,         0.349
         0.039,         0.066,         0.349
         0.040,         0.066,         0.348
         0.040,         0.066,         0.347
         0.043,         0.066,         0.344
         0.044,         0.066,         0.343
         0.044,         0.066,         0.340
         0.046,         0.068,         0.340
         0.047,         0.068,         0.337
         0.047,         0.073,         0.335
         0.050,         0.075,         0.335
         0.050,         0.075,         0.333
         0.050,         0.075,         0.331
         0.055,         0.077,         0.331
         0.056,         0.077,         0.329
         0.056,         0.080,         0.328
         0.056,         0.080,         0.327
         0.067,         0.082,         0.326
         0.067,         0.082,         0.326
         0.067,         0.084,         0.322
         0.068,         0.084,         0.322
         0.069,         0.084,         0.320
         0.069,         0.084,         0.318
         0.069,         0.084,         0.317
         0.070,         0.084,         0.317
         0.071,         0.084,         0.314
         0.071,         0.084,         0.313
         0.071,         0.087,         0.312
         0.071,         0.087,         0.312
         0.072,         0.089,         0.311
         0.073,         0.089,         0.309
         0.073,         0.091,         0.308
         0.073,         0.096,         0.308
         0.074,         0.096,         0.307
         0.074,         0.098,         0.306
         0.074,         0.101,         0.304
         0.075,         0.101,         0.303
         0.076,         0.101,         0.301
         0.076,         0.101,         0.300
         0.077,         0.105,         0.299
         0.077,         0.110,         0.298
         0.077,         0.110,         0.298
         0.079,         0.110,         0.296
         0.079,         0.112,         0.296
         0.079,         0.112,         0.295
         0.080,         0.112,         0.295
         0.082,         0.112,         0.295
         0.082,         0.112,         0.293
         0.083,         0.112,         0.293
         0.083,         0.112,         0.292
         0.084,         0.112,         0.292
         0.085,         0.112,         0.290
         0.087,         0.112,         0.290
         0.088,         0.117,         0.289
         0.089,         0.117,         0.289
         0.090,         0.117,         0.288
         0.091,         0.117,         0.287
         0.091,         0.117,         0.285
         0.095,         0.117,         0.285
         0.095,         0.117,         0.284
         0.096,         0.117,         0.282
         0.099,         0.122,         0.281
         0.099,         0.122,         0.280
         0.100,         0.122,         0.279
         0.101,         0.122,         0.278
         0.102,         0.124,         0.277
         0.105,         0.126,         0.277
         0.106,         0.126,         0.276
         0.106,         0.129,         0.274
         0.111,         0.129,         0.274
         0.112,         0.129,         0.272
         0.113,         0.129,         0.272
         0.113,         0.129,         0.272
         0.119,         0.133,         0.270
         0.120,         0.133,         0.269
         0.121,         0.133,         0.269
         0.122,         0.136,         0.269
         0.122,         0.136,         0.266
         0.123,         0.136,         0.266
         0.124,         0.138,         0.266
         0.125,         0.138,         0.265
         0.125,         0.141,         0.264
         0.126,         0.141,         0.264
         0.128,         0.141,         0.263
         0.129,         0.141,         0.261
         0.131,         0.141,         0.259
         0.131,         0.143,         0.258
         0.132,         0.145,         0.258
         0.133,         0.145,         0.256
         0.135,         0.145,         0.256
         0.137,         0.145,         0.255
         0.137,         0.148,         0.255
         0.137,         0.148,         0.254
         0.137,         0.150,         0.254
         0.141,         0.157,         0.253
         0.141,         0.159,         0.253
         0.142,         0.159,         0.252
         0.142,         0.159,         0.252
         0.143,         0.159,         0.252
         0.143,         0.159,         0.251
         0.146,         0.159,         0.250
         0.146,         0.162,         0.250
         0.146,         0.162,         0.249
         0.147,         0.162,         0.249
         0.148,         0.162,         0.249
         0.148,         0.162,         0.248
         0.148,         0.162,         0.247
         0.151,         0.162,         0.247
         0.152,         0.162,         0.246
         0.153,         0.162,         0.246
         0.155,         0.162,         0.244
         0.156,         0.162,         0.244
         0.160,         0.162,         0.243
         0.161,         0.164,         0.243
         0.161,         0.164,         0.242
         0.162,         0.164,         0.241
         0.162,         0.164,         0.241
         0.164,         0.164,         0.240
         0.167,         0.164,         0.240
         0.168,         0.164,         0.240
         0.168,         0.166,         0.240
         0.169,         0.166,         0.238
         0.170,         0.166,         0.238
         0.171,         0.169,         0.237
         0.172,         0.169,         0.235
         0.173,         0.169,         0.235
         0.174,         0.171,         0.234
         0.174,         0.173,         0.233
         0.174,         0.173,         0.233
         0.175,         0.173,         0.232
         0.175,         0.173,         0.231
         0.176,         0.173,         0.231
         0.176,         0.173,         0.230
         0.177,         0.173,         0.230
         0.177,         0.176,         0.229
         0.178,         0.178,         0.229
         0.178,         0.178,         0.228
         0.178,         0.178,         0.228
         0.179,         0.178,         0.227
         0.181,         0.178,         0.226
         0.181,         0.180,         0.225
         0.181,         0.180,         0.225
         0.181,         0.183,         0.225
         0.182,         0.187,         0.224
         0.182,         0.187,         0.224
         0.184,         0.190,         0.224
         0.184,         0.192,         0.223
         0.185,         0.192,         0.222
         0.186,         0.192,         0.222
         0.186,         0.192,         0.221
         0.187,         0.192,         0.221
         0.188,         0.194,         0.221
         0.189,         0.194,         0.220
         0.189,         0.194,         0.220
         0.190,         0.197,         0.220
         0.190,         0.197,         0.218
         0.191,         0.201,         0.218
         0.192,         0.201,         0.218
         0.193,         0.204,         0.217
         0.193,         0.204,         0.216
         0.194,         0.204,         0.215
         0.195,         0.204,         0.215
         0.195,         0.206,         0.215
         0.195,         0.206,         0.215
         0.196,         0.206,         0.214
         0.196,         0.208,         0.214
         0.197,         0.208,         0.213
         0.197,         0.208,         0.212
         0.198,         0.211,         0.212
         0.198,         0.211,         0.212
         0.198,         0.213,         0.212
         0.198,         0.213,         0.211
         0.199,         0.213,         0.209
         0.201,         0.213,         0.209
         0.201,         0.213,         0.209
         0.201,         0.215,         0.209
         0.201,         0.215,         0.208
         0.202,         0.218,         0.207
         0.202,         0.220,         0.206
         0.203,         0.220,         0.204
         0.203,         0.220,         0.204
         0.204,         0.220,         0.203
         0.204,         0.222,         0.202
         0.205,         0.222,         0.201
         0.205,         0.222,         0.201
         0.205,         0.222,         0.201
         0.206,         0.225,         0.201
         0.206,         0.225,         0.199
         0.206,         0.225,         0.199
         0.207,         0.225,         0.198
         0.207,         0.227,         0.197
         0.207,         0.227,         0.196
         0.208,         0.227,         0.196
         0.208,         0.227,         0.196
         0.209,         0.227,         0.195
         0.209,         0.230,         0.195
         0.209,         0.230,         0.194
         0.210,         0.230,         0.194
         0.210,         0.232,         0.193
         0.210,         0.232,         0.192
         0.210,         0.234,         0.192
         0.211,         0.234,         0.191
         0.211,         0.234,         0.189
         0.211,         0.234,         0.188
         0.212,         0.234,         0.188
         0.212,         0.234,         0.188
         0.213,         0.234,         0.186
         0.213,         0.234,         0.186
         0.214,         0.237,         0.186
         0.214,         0.239,         0.186
         0.214,         0.239,         0.184
         0.215,         0.239,         0.183
         0.215,         0.239,         0.182
         0.215,         0.241,         0.182
         0.216,         0.241,         0.177
         0.216,         0.244,         0.177
         0.217,         0.244,         0.173
         0.217,         0.246,         0.172
         0.218,         0.246,         0.170
         0.218,         0.248,         0.166
         0.218,         0.248,         0.163
         0.220,         0.248,         0.154
         0.220,         0.251,         0.154
         0.220,         0.251,         0.150
         0.220,         0.251,         0.149
         0.221,         0.251,         0.145
         0.221,         0.253,         0.144
         0.221,         0.253,         0.142
         0.221,         0.255,         0.138
         0.221,         0.255,         0.136
         0.221,         0.258,         0.135
         0.222,         0.260,         0.135
         0.222,         0.260,         0.133
         0.222,         0.262,         0.131
         0.222,         0.262,         0.130
         0.225,         0.293,         0.128
         0.225,         0.297,         0.127
         0.225,         0.300,         0.126
         0.225,         0.304,         0.126
         0.225,         0.304,         0.125
         0.225,         0.307,         0.123
         0.226,         0.307,         0.122
         0.226,         0.307,         0.122
         0.227,         0.307,         0.120
         0.227,         0.309,         0.119
         0.227,         0.309,         0.118
         0.228,         0.311,         0.118
         0.228,         0.311,         0.115
         0.229,         0.311,         0.115
         0.230,         0.311,         0.115
         0.230,         0.311,         0.113
         0.231,         0.311,         0.112
         0.231,         0.311,         0.111
         0.232,         0.311,         0.111
         0.232,         0.311,         0.109
         0.233,         0.314,         0.109
         0.233,         0.314,         0.109
         0.234,         0.321,         0.109
         0.234,         0.323,         0.107
         0.234,         0.323,         0.107
         0.234,         0.326,         0.107
         0.234,         0.326,         0.106
         0.234,         0.328,         0.106
         0.235,         0.328,         0.105
         0.236,         0.333,         0.104
         0.236,         0.333,         0.104
         0.237,         0.333,         0.103
         0.239,         0.333,         0.103
         0.240,         0.333,         0.100
         0.240,         0.335,         0.100
         0.242,         0.337,         0.100
         0.242,         0.337,         0.099
         0.243,         0.337,         0.097
         0.243,         0.340,         0.097
         0.244,         0.340,         0.097
         0.245,         0.344,         0.096
         0.245,         0.344,         0.096
         0.246,         0.344,         0.095
         0.248,         0.347,         0.095
         0.249,         0.349,         0.095
         0.249,         0.349,         0.094
         0.250,         0.349,         0.094
         0.251,         0.354,         0.093
         0.252,         0.354,         0.092
         0.253,         0.354,         0.092
         0.253,         0.354,         0.092
         0.254,         0.356,         0.092
         0.254,         0.356,         0.091
         0.256,         0.356,         0.091
         0.260,         0.368,         0.090
         0.260,         0.368,         0.090
         0.261,         0.368,         0.089
         0.261,         0.368,         0.089
         0.262,         0.368,         0.089
         0.263,         0.368,         0.089
         0.264,         0.368,         0.087
         0.265,         0.375,         0.087
         0.266,         0.375,         0.086
         0.267,         0.375,         0.086
         0.268,         0.377,         0.086
         0.269,         0.379,         0.085
         0.270,         0.379,         0.084
         0.270,         0.379,         0.084
         0.272,         0.396,         0.083
         0.273,         0.396,         0.083
         0.277,         0.400,         0.081
         0.277,         0.400,         0.081
         0.279,         0.400,         0.080
         0.280,         0.403,         0.080
         0.280,         0.407,         0.080
         0.281,         0.410,         0.079
         0.281,         0.410,         0.079
         0.281,         0.410,         0.078
         0.283,         0.415,         0.078
         0.283,         0.415,         0.077
         0.284,         0.415,         0.077
         0.285,         0.415,         0.077
         0.288,         0.415,         0.077
         0.293,         0.417,         0.077
         0.294,         0.417,         0.076
         0.295,         0.417,         0.075
         0.296,         0.417,         0.075
         0.298,         0.419,         0.074
         0.301,         0.422,         0.074
         0.301,         0.422,         0.073
         0.306,         0.431,         0.072
         0.308,         0.433,         0.072
         0.309,         0.433,         0.071
         0.309,         0.433,         0.071
         0.316,         0.443,         0.070
         0.319,         0.450,         0.070
         0.320,         0.450,         0.070
         0.320,         0.450,         0.069
         0.321,         0.450,         0.069
         0.321,         0.450,         0.068
         0.322,         0.450,         0.068
         0.324,         0.450,         0.068
         0.325,         0.450,         0.068
         0.327,         0.452,         0.067
         0.331,         0.452,         0.067
         0.331,         0.454,         0.066
         0.333,         0.457,         0.066
         0.333,         0.457,         0.066
         0.333,         0.459,         0.066
         0.335,         0.459,         0.065
         0.342,         0.464,         0.064
         0.342,         0.466,         0.064
         0.349,         0.471,         0.063
         0.349,         0.471,         0.063
         0.354,         0.471,         0.063
         0.354,         0.473,         0.063
         0.355,         0.475,         0.063
         0.355,         0.475,         0.061
         0.358,         0.480,         0.061
         0.359,         0.480,         0.061
         0.359,         0.480,         0.061
         0.362,         0.480,         0.060
         0.363,         0.480,         0.060
         0.368,         0.482,         0.059
         0.372,         0.496,         0.059
         0.372,         0.496,         0.058
         0.377,         0.501,         0.058
         0.378,         0.504,         0.058
         0.382,         0.504,         0.057
         0.382,         0.504,         0.057
         0.383,         0.504,         0.056
         0.383,         0.504,         0.056
         0.387,         0.504,         0.055
         0.389,         0.504,         0.055
         0.389,         0.504,         0.055
         0.392,         0.506,         0.054
         0.395,         0.508,         0.054
         0.402,         0.513,         0.054
         0.403,         0.513,         0.053
         0.404,         0.513,         0.052
         0.405,         0.513,         0.052
         0.411,         0.513,         0.052
         0.413,         0.513,         0.052
         0.413,         0.513,         0.052
         0.418,         0.522,         0.051
         0.418,         0.522,         0.051
         0.418,         0.522,         0.051
         0.421,         0.527,         0.050
         0.423,         0.527,         0.050
         0.423,         0.527,         0.050
         0.424,         0.529,         0.049
         0.425,         0.532,         0.049
         0.426,         0.532,         0.049
         0.426,         0.532,         0.048
         0.435,         0.534,         0.048
         0.438,         0.534,         0.048
         0.438,         0.534,         0.048
         0.438,         0.534,         0.048
         0.440,         0.534,         0.047
         0.440,         0.534,         0.047
         0.440,         0.534,         0.046
         0.441,         0.534,         0.046
         0.444,         0.534,         0.046
         0.445,         0.541,         0.045
         0.458,         0.548,         0.045
         0.459,         0.550,         0.044
         0.463,         0.557,         0.044
         0.463,         0.557,         0.044
         0.463,         0.560,         0.043
         0.465,         0.560,         0.043
         0.466,         0.560,         0.043
         0.468,         0.562,         0.042
         0.473,         0.562,         0.042
         0.473,         0.562,         0.041
         0.478,         0.564,         0.041
         0.482,         0.569,         0.041
         0.482,         0.569,         0.041
         0.484,         0.571,         0.040
         0.486,         0.574,         0.039
         0.486,         0.574,         0.039
         0.488,         0.574,         0.039
         0.488,         0.574,         0.039
         0.501,         0.578,         0.038
         0.501,         0.578,         0.038
         0.505,         0.578,         0.037
         0.514,         0.581,         0.037
         0.515,         0.581,         0.036
         0.515,         0.581,         0.036
         0.527,         0.588,         0.036
         0.531,         0.590,         0.035
         0.534,         0.590,         0.034
         0.536,         0.590,         0.034
         0.536,         0.590,         0.034
         0.536,         0.590,         0.034
         0.545,         0.590,         0.033
         0.565,         0.604,         0.032
         0.576,         0.609,         0.032
         0.578,         0.609,         0.032
         0.578,         0.609,         0.031
         0.579,         0.611,         0.031
         0.590,         0.616,         0.030
         0.591,         0.616,         0.029
         0.596,         0.616,         0.029
         0.598,         0.616,         0.029
         0.602,         0.618,         0.029
         0.602,         0.618,         0.028
         0.620,         0.628,         0.027
         0.621,         0.628,         0.027
         0.621,         0.628,         0.026
         0.621,         0.630,         0.026
         0.634,         0.632,         0.026
         0.637,         0.635,         0.026
         0.656,         0.663,         0.026
         0.657,         0.663,         0.024
         0.657,         0.663,         0.024
         0.657,         0.663,         0.023
         0.659,         0.663,         0.023
         0.669,         0.674,         0.023
         0.673,         0.677,         0.022
         0.673,         0.677,         0.022
         0.680,         0.684,         0.022
         0.680,         0.684,         0.021
         0.681,         0.684,         0.021
         0.682,         0.684,         0.020
         0.682,         0.684,         0.020
         0.684,         0.684,         0.020
         0.685,         0.684,         0.019
         0.702,         0.705,         0.019
         0.710,         0.712,         0.018
         0.711,         0.714,         0.018
         0.723,         0.735,         0.018
         0.724,         0.735,         0.017
         0.724,         0.735,         0.017
         0.729,         0.738,         0.016
         0.729,         0.738,         0.016
         0.730,         0.738,         0.015
         0.738,         0.747,         0.015
         0.739,         0.747,         0.014
         0.758,         0.775,         0.014
         0.759,         0.775,         0.014
         0.759,         0.775,         0.013
         0.790,         0.794,         0.013
         0.790,         0.794,         0.012
         0.791,         0.794,         0.011
         0.798,         0.799,         0.011
         0.822,         0.801,         0.009
         0.823,         0.806,         0.009
         0.878,         0.876,         0.006
         1.000,         1.000,         0.000
