false_pos_rate,true_pos_rate,threshold
         0.000,         0.000,         1.667
         0.000,         0.002,         0.667
         0.000,         0.021,         0.604
         0.000,         0.021,         0.602
         0.000,         0.026,         0.601
         0.000,         0.026,         0.598
         0.000,         0.028,         0.598
         0.001,         0.028,         0.590
         0.001,         0.030,         0.590
         0.002,         0.030,         0.586
         0.002,         0.033,         0.586
         0.003,         0.033,         0.584
         0.003,         0.037,         0.581
         0.003,         0.037,         0.580
         0.003,         0.044,         0.579
         0.003,         0.044,         0.579
         0.003,         0.047,         0.578
         0.004,         0.047,         0.575
         0.004,         0.049,         0.574
         0.004,         0.049,         0.573
         0.004,         0.052,         0.573
         0.004,         0.052,         0.570
         0.004,         0.054,         0.570
         0.004,         0.054,         0.570
         0.004,         0.056,         0.569
         0.005,         0.056,         0.567
         0.005,         0.063,         0.564
         0.006,         0.063,         0.563
         0.006,         0.070,         0.562
         0.006,         0.070,         0.561
         0.006,         0.073,         0.559
         0.008,         0.073,         0.555
         0.008,         0.075,         0.555
         0.008,         0.075,         0.554
         0.008,         0.080,         0.554
         0.010,         0.080,         0.553
         0.010,         0.082,         0.553
         0.011,         0.082,         0.550
         0.011,         0.084,         0.549
         0.011,         0.084,         0.548
         0.011,         0.087,         0.548
         0.012,         0.087,         0.545
         0.012,         0.089,         0.545
         0.013,         0.089,         0.543
         0.013,         0.091,         0.543
         0.013,         0.091,         0.543
         0.013,         0.096,         0.543
         0.014,         0.096,         0.542
         0.014,         0.098,         0.542
         0.014,         0.098,         0.541
         0.014,         0.101,         0.540
         0.015,         0.101,         0.540
         0.015,         0.103,         0.540
         0.015,         0.103,         0.539
         0.015,         0.105,         0.539
         0.016,         0.105,         0.538
         0.016,         0.110,         0.538
         0.016,         0.110,         0.538
         0.016,         0.112,         0.537
         0.016,         0.117,         0.537
         0.017,         0.117,         0.537
         0.017,         0.119,         0.537
         0.017,         0.119,         0.536
         0.017,         0.122,         0.536
         0.018,         0.122,         0.535
         0.018,         0.126,         0.534
         0.018,         0.126,         0.534
         0.018,         0.131,         0.533
         0.019,         0.133,         0.533
         0.020,         0.133,         0.531
         0.020,         0.138,         0.531
         0.021,         0.138,         0.529
         0.021,         0.141,         0.529
         0.021,         0.141,         0.529
         0.021,         0.143,         0.529
         0.022,         0.143,         0.528
         0.022,         0.145,         0.528
         0.023,         0.145,         0.526
         0.023,         0.148,         0.526
         0.023,         0.148,         0.525
         0.023,         0.155,         0.524
         0.024,         0.155,         0.522
         0.024,         0.159,         0.522
         0.024,         0.159,         0.522
         0.024,         0.162,         0.521
         0.025,         0.162,         0.521
         0.025,         0.171,         0.521
         0.025,         0.171,         0.520
         0.025,         0.173,         0.520
         0.025,         0.173,         0.518
         0.025,         0.180,         0.518
         0.026,         0.180,         0.517
         0.026,         0.185,         0.517
         0.026,         0.185,         0.516
         0.026,         0.190,         0.516
         0.027,         0.190,         0.515
         0.027,         0.190,         0.515
         0.027,         0.190,         0.515
         0.027,         0.194,         0.514
         0.028,         0.194,         0.514
         0.028,         0.197,         0.513
         0.028,         0.197,         0.513
         0.028,         0.199,         0.513
         0.029,         0.199,         0.513
         0.029,         0.201,         0.513
         0.029,         0.201,         0.513
         0.029,         0.208,         0.512
         0.030,         0.208,         0.510
         0.030,         0.211,         0.510
         0.031,         0.211,         0.510
         0.031,         0.213,         0.510
         0.032,         0.213,         0.509
         0.032,         0.218,         0.509
         0.033,         0.218,         0.508
         0.033,         0.220,         0.507
         0.033,         0.220,         0.507
         0.034,         0.220,         0.507
         0.035,         0.220,         0.507
         0.035,         0.222,         0.506
         0.035,         0.222,         0.505
         0.035,         0.227,         0.505
         0.036,         0.227,         0.505
         0.036,         0.230,         0.504
         0.037,         0.230,         0.504
         0.037,         0.232,         0.504
         0.038,         0.232,         0.503
         0.038,         0.237,         0.503
         0.038,         0.237,         0.503
         0.038,         0.241,         0.503
         0.039,         0.241,         0.502
         0.039,         0.244,         0.502
         0.041,         0.244,         0.501
         0.041,         0.244,         0.500
         0.041,         0.244,         0.500
         0.041,         0.246,         0.500
         0.042,         0.246,         0.499
         0.042,         0.248,         0.499
         0.043,         0.248,         0.499
         0.043,         0.251,         0.498
         0.043,         0.251,         0.498
         0.044,         0.251,         0.498
         0.044,         0.251,         0.498
         0.044,         0.265,         0.498
         0.044,         0.269,         0.497
         0.044,         0.269,         0.497
         0.044,         0.274,         0.497
         0.045,         0.274,         0.496
         0.045,         0.276,         0.496
         0.046,         0.276,         0.496
         0.046,         0.279,         0.496
         0.047,         0.279,         0.495
         0.047,         0.286,         0.494
         0.047,         0.286,         0.494
         0.047,         0.290,         0.494
         0.047,         0.290,         0.494
         0.047,         0.295,         0.493
         0.048,         0.295,         0.493
         0.048,         0.297,         0.492
         0.049,         0.297,         0.492
         0.049,         0.300,         0.492
         0.049,         0.300,         0.492
         0.049,         0.307,         0.491
         0.050,         0.307,         0.491
         0.050,         0.307,         0.491
         0.050,         0.307,         0.491
         0.050,         0.307,         0.491
         0.050,         0.309,         0.490
         0.051,         0.309,         0.490
         0.051,         0.311,         0.490
         0.051,         0.311,         0.490
         0.052,         0.311,         0.489
         0.052,         0.314,         0.489
         0.052,         0.314,         0.489
         0.053,         0.314,         0.489
         0.053,         0.323,         0.489
         0.054,         0.323,         0.489
         0.054,         0.326,         0.488
         0.055,         0.326,         0.487
         0.055,         0.330,         0.487
         0.056,         0.330,         0.486
         0.056,         0.333,         0.486
         0.057,         0.333,         0.486
         0.057,         0.335,         0.485
         0.057,         0.335,         0.485
         0.057,         0.340,         0.484
         0.058,         0.340,         0.483
         0.059,         0.340,         0.483
         0.059,         0.340,         0.483
         0.059,         0.342,         0.483
         0.059,         0.342,         0.482
         0.059,         0.344,         0.482
         0.062,         0.344,         0.481
         0.062,         0.347,         0.481
         0.062,         0.347,         0.481
         0.062,         0.349,         0.481
         0.062,         0.349,         0.481
         0.062,         0.354,         0.481
         0.063,         0.354,         0.480
         0.063,         0.356,         0.480
         0.065,         0.356,         0.479
         0.065,         0.358,         0.479
         0.065,         0.358,         0.478
         0.065,         0.363,         0.478
         0.066,         0.363,         0.478
         0.066,         0.365,         0.478
         0.066,         0.372,         0.477
         0.068,         0.372,         0.476
         0.068,         0.375,         0.476
         0.068,         0.375,         0.475
         0.069,         0.400,         0.475
         0.069,         0.407,         0.475
         0.070,         0.407,         0.475
         0.070,         0.410,         0.474
         0.070,         0.410,         0.474
         0.070,         0.412,         0.474
         0.072,         0.412,         0.473
         0.072,         0.415,         0.473
         0.073,         0.415,         0.472
         0.073,         0.417,         0.472
         0.073,         0.417,         0.472
         0.073,         0.429,         0.472
         0.074,         0.429,         0.470
         0.074,         0.431,         0.470
         0.074,         0.431,         0.470
         0.075,         0.431,         0.470
         0.076,         0.431,         0.470
         0.076,         0.433,         0.470
         0.076,         0.433,         0.470
         0.076,         0.433,         0.470
         0.077,         0.433,         0.470
         0.077,         0.436,         0.470
         0.079,         0.436,         0.467
         0.079,         0.440,         0.467
         0.081,         0.440,         0.467
         0.081,         0.445,         0.466
         0.082,         0.445,         0.466
         0.082,         0.447,         0.466
         0.082,         0.447,         0.465
         0.082,         0.450,         0.465
         0.083,         0.450,         0.465
         0.083,         0.452,         0.465
         0.084,         0.452,         0.465
         0.084,         0.454,         0.465
         0.084,         0.454,         0.464
         0.084,         0.457,         0.464
         0.086,         0.457,         0.463
         0.086,         0.459,         0.463
         0.086,         0.459,         0.462
         0.086,         0.461,         0.462
         0.086,         0.461,         0.462
         0.086,         0.464,         0.462
         0.087,         0.464,         0.461
         0.088,         0.464,         0.461
         0.088,         0.464,         0.461
         0.088,         0.466,         0.461
         0.089,         0.466,         0.461
         0.089,         0.468,         0.460
         0.089,         0.468,         0.460
         0.089,         0.471,         0.460
         0.090,         0.471,         0.460
         0.090,         0.471,         0.460
         0.090,         0.473,         0.460
         0.090,         0.473,         0.460
         0.090,         0.475,         0.460
         0.091,         0.475,         0.459
         0.091,         0.478,         0.459
         0.092,         0.478,         0.459
         0.092,         0.480,         0.459
         0.092,         0.480,         0.458
         0.092,         0.482,         0.458
         0.093,         0.482,         0.458
         0.093,         0.485,         0.458
         0.093,         0.485,         0.458
         0.093,         0.487,         0.458
         0.093,         0.487,         0.457
         0.093,         0.489,         0.457
         0.094,         0.489,         0.457
         0.094,         0.492,         0.457
         0.095,         0.492,         0.457
         0.095,         0.494,         0.457
         0.097,         0.494,         0.456
         0.097,         0.496,         0.456
         0.097,         0.496,         0.456
         0.097,         0.499,         0.456
         0.097,         0.499,         0.456
         0.097,         0.501,         0.456
         0.099,         0.501,         0.455
         0.099,         0.504,         0.455
         0.100,         0.504,         0.454
         0.100,         0.506,         0.454
         0.101,         0.506,         0.453
         0.101,         0.508,         0.453
         0.104,         0.508,         0.451
         0.104,         0.511,         0.451
         0.108,         0.511,         0.449
         0.108,         0.513,         0.449
         0.108,         0.513,         0.449
         0.108,         0.518,         0.448
         0.108,         0.518,         0.448
         0.108,         0.520,         0.448
         0.108,         0.520,         0.448
         0.108,         0.522,         0.448
         0.109,         0.522,         0.447
         0.109,         0.525,         0.447
         0.109,         0.525,         0.447
         0.109,         0.527,         0.447
         0.111,         0.527,         0.446
         0.111,         0.532,         0.446
         0.113,         0.532,         0.446
         0.113,         0.534,         0.445
         0.114,         0.534,         0.445
         0.114,         0.539,         0.445
         0.114,         0.539,         0.445
         0.114,         0.541,         0.445
         0.114,         0.541,         0.445
         0.114,         0.546,         0.444
         0.114,         0.546,         0.444
         0.114,         0.548,         0.444
         0.116,         0.548,         0.444
         0.116,         0.550,         0.443
         0.118,         0.550,         0.442
         0.118,         0.555,         0.442
         0.118,         0.555,         0.441
         0.118,         0.557,         0.441
         0.118,         0.557,         0.441
         0.120,         0.557,         0.440
         0.120,         0.560,         0.440
         0.120,         0.560,         0.440
         0.120,         0.564,         0.440
         0.123,         0.564,         0.438
         0.123,         0.567,         0.438
         0.126,         0.567,         0.436
         0.126,         0.569,         0.436
         0.126,         0.569,         0.436
         0.126,         0.571,         0.435
         0.127,         0.571,         0.435
         0.127,         0.574,         0.435
         0.128,         0.574,         0.435
         0.128,         0.576,         0.435
         0.128,         0.576,         0.435
         0.128,         0.578,         0.434
         0.131,         0.578,         0.433
         0.131,         0.581,         0.433
         0.131,         0.581,         0.433
         0.131,         0.583,         0.433
         0.133,         0.583,         0.432
         0.133,         0.585,         0.432
         0.138,         0.585,         0.430
         0.138,         0.590,         0.429
         0.139,         0.590,         0.429
         0.139,         0.593,         0.429
         0.139,         0.593,         0.429
         0.139,         0.595,         0.428
         0.140,         0.595,         0.428
         0.140,         0.597,         0.428
         0.141,         0.597,         0.428
         0.142,         0.597,         0.428
         0.144,         0.597,         0.427
         0.144,         0.600,         0.427
         0.147,         0.600,         0.425
         0.147,         0.602,         0.425
         0.148,         0.602,         0.425
         0.148,         0.604,         0.425
         0.149,         0.604,         0.424
         0.149,         0.607,         0.424
         0.149,         0.607,         0.424
         0.149,         0.609,         0.424
         0.150,         0.609,         0.424
         0.150,         0.611,         0.424
         0.151,         0.611,         0.423
         0.151,         0.614,         0.423
         0.152,         0.614,         0.423
         0.152,         0.616,         0.423
         0.152,         0.616,         0.422
         0.152,         0.618,         0.422
         0.153,         0.618,         0.422
         0.153,         0.621,         0.422
         0.153,         0.621,         0.422
         0.153,         0.625,         0.422
         0.154,         0.625,         0.422
         0.154,         0.628,         0.422
         0.155,         0.628,         0.421
         0.155,         0.630,         0.421
         0.156,         0.630,         0.421
         0.156,         0.632,         0.420
         0.157,         0.632,         0.420
         0.157,         0.635,         0.420
         0.158,         0.635,         0.420
         0.158,         0.635,         0.419
         0.159,         0.635,         0.419
         0.159,         0.639,         0.419
         0.160,         0.639,         0.419
         0.160,         0.642,         0.419
         0.163,         0.642,         0.418
         0.163,         0.644,         0.418
         0.164,         0.644,         0.418
         0.164,         0.646,         0.417
         0.168,         0.646,         0.416
         0.168,         0.649,         0.416
         0.168,         0.649,         0.416
         0.168,         0.651,         0.416
         0.169,         0.651,         0.416
         0.169,         0.653,         0.416
         0.172,         0.653,         0.415
         0.172,         0.656,         0.415
         0.173,         0.656,         0.415
         0.173,         0.658,         0.415
         0.179,         0.658,         0.412
         0.179,         0.660,         0.412
         0.180,         0.660,         0.412
         0.181,         0.660,         0.412
         0.184,         0.660,         0.410
         0.184,         0.663,         0.410
         0.186,         0.663,         0.409
         0.187,         0.665,         0.409
         0.188,         0.665,         0.409
         0.188,         0.665,         0.409
         0.189,         0.665,         0.408
         0.189,         0.667,         0.408
         0.190,         0.667,         0.408
         0.190,         0.670,         0.408
         0.191,         0.670,         0.407
         0.191,         0.672,         0.407
         0.192,         0.672,         0.407
         0.192,         0.674,         0.406
         0.194,         0.674,         0.406
         0.194,         0.677,         0.406
         0.196,         0.677,         0.405
         0.196,         0.677,         0.405
         0.199,         0.677,         0.404
         0.199,         0.679,         0.404
         0.199,         0.679,         0.404
         0.199,         0.681,         0.404
         0.200,         0.681,         0.404
         0.200,         0.684,         0.404
         0.203,         0.684,         0.403
         0.203,         0.686,         0.403
         0.205,         0.686,         0.403
         0.205,         0.689,         0.403
         0.206,         0.689,         0.402
         0.206,         0.691,         0.402
         0.207,         0.691,         0.402
         0.207,         0.693,         0.401
         0.207,         0.693,         0.401
         0.207,         0.696,         0.401
         0.208,         0.696,         0.401
         0.208,         0.698,         0.401
         0.210,         0.698,         0.400
         0.210,         0.700,         0.400
         0.212,         0.700,         0.399
         0.212,         0.703,         0.399
         0.219,         0.703,         0.396
         0.219,         0.705,         0.396
         0.220,         0.705,         0.396
         0.220,         0.710,         0.396
         0.223,         0.710,         0.395
         0.223,         0.712,         0.395
         0.224,         0.712,         0.394
         0.224,         0.714,         0.394
         0.225,         0.714,         0.394
         0.225,         0.717,         0.394
         0.228,         0.717,         0.393
         0.228,         0.719,         0.393
         0.230,         0.719,         0.392
         0.230,         0.721,         0.392
         0.230,         0.721,         0.392
         0.230,         0.728,         0.392
         0.236,         0.728,         0.390
         0.237,         0.728,         0.389
         0.237,         0.728,         0.389
         0.237,         0.733,         0.389
         0.238,         0.733,         0.389
         0.238,         0.735,         0.389
         0.242,         0.735,         0.387
         0.242,         0.738,         0.387
         0.247,         0.738,         0.385
         0.247,         0.740,         0.385
         0.247,         0.740,         0.385
         0.247,         0.742,         0.385
         0.251,         0.742,         0.384
         0.251,         0.745,         0.384
         0.252,         0.745,         0.384
         0.252,         0.747,         0.384
         0.255,         0.747,         0.383
         0.255,         0.747,         0.383
         0.260,         0.747,         0.381
         0.260,         0.752,         0.381
         0.262,         0.752,         0.381
         0.262,         0.754,         0.381
         0.262,         0.754,         0.381
         0.262,         0.756,         0.380
         0.265,         0.756,         0.380
         0.265,         0.756,         0.379
         0.268,         0.756,         0.379
         0.268,         0.759,         0.379
         0.277,         0.759,         0.376
         0.277,         0.761,         0.376
         0.278,         0.761,         0.376
         0.278,         0.763,         0.376
         0.279,         0.763,         0.375
         0.279,         0.766,         0.375
         0.281,         0.766,         0.374
         0.281,         0.770,         0.374
         0.283,         0.770,         0.373
         0.283,         0.773,         0.373
         0.291,         0.773,         0.371
         0.291,         0.775,         0.371
         0.291,         0.775,         0.371
         0.291,         0.778,         0.371
         0.292,         0.778,         0.371
         0.292,         0.780,         0.371
         0.299,         0.780,         0.369
         0.299,         0.782,         0.369
         0.300,         0.782,         0.368
         0.300,         0.785,         0.368
         0.310,         0.785,         0.365
         0.310,         0.787,         0.365
         0.310,         0.787,         0.365
         0.329,         0.787,         0.365
         0.333,         0.787,         0.364
         0.333,         0.792,         0.363
         0.335,         0.792,         0.363
         0.335,         0.794,         0.363
         0.336,         0.794,         0.363
         0.336,         0.796,         0.363
         0.337,         0.796,         0.362
         0.337,         0.799,         0.362
         0.338,         0.799,         0.362
         0.338,         0.801,         0.362
         0.342,         0.801,         0.361
         0.342,         0.803,         0.360
         0.346,         0.803,         0.359
         0.346,         0.806,         0.359
         0.358,         0.806,         0.356
         0.358,         0.808,         0.356
         0.361,         0.808,         0.355
         0.361,         0.810,         0.355
         0.365,         0.810,         0.354
         0.365,         0.813,         0.354
         0.366,         0.813,         0.353
         0.366,         0.815,         0.353
         0.367,         0.815,         0.353
         0.367,         0.817,         0.353
         0.374,         0.817,         0.351
         0.374,         0.820,         0.351
         0.375,         0.820,         0.351
         0.375,         0.822,         0.350
         0.375,         0.822,         0.350
         0.375,         0.824,         0.350
         0.380,         0.824,         0.349
         0.380,         0.827,         0.349
         0.385,         0.827,         0.348
         0.385,         0.829,         0.348
         0.394,         0.829,         0.345
         0.394,         0.831,         0.345
         0.400,         0.831,         0.344
         0.400,         0.834,         0.344
         0.400,         0.834,         0.344
         0.400,         0.836,         0.344
         0.411,         0.836,         0.341
         0.411,         0.838,         0.341
         0.413,         0.838,         0.340
         0.413,         0.841,         0.340
         0.415,         0.841,         0.339
         0.415,         0.843,         0.339
         0.418,         0.843,         0.338
         0.419,         0.843,         0.338
         0.428,         0.843,         0.336
         0.428,         0.845,         0.336
         0.429,         0.845,         0.336
         0.429,         0.848,         0.336
         0.438,         0.848,         0.333
         0.438,         0.850,         0.333
         0.439,         0.850,         0.332
         0.439,         0.855,         0.332
         0.440,         0.855,         0.332
         0.440,         0.859,         0.332
         0.442,         0.859,         0.331
         0.442,         0.862,         0.331
         0.452,         0.862,         0.329
         0.452,         0.864,         0.329
         0.453,         0.864,         0.328
         0.453,         0.867,         0.328
         0.453,         0.867,         0.328
         0.453,         0.869,         0.328
         0.462,         0.869,         0.325
         0.462,         0.871,         0.325
         0.465,         0.871,         0.325
         0.465,         0.874,         0.325
         0.471,         0.874,         0.323
         0.471,         0.876,         0.323
         0.476,         0.876,         0.322
         0.476,         0.878,         0.322
         0.480,         0.878,         0.320
         0.480,         0.881,         0.320
         0.489,         0.881,         0.319
         0.489,         0.883,         0.319
         0.491,         0.883,         0.318
         0.491,         0.885,         0.318
         0.495,         0.885,         0.317
         0.495,         0.885,         0.317
         0.497,         0.885,         0.316
         0.497,         0.888,         0.316
         0.508,         0.888,         0.313
         0.508,         0.890,         0.313
         0.513,         0.890,         0.311
         0.513,         0.892,         0.311
         0.520,         0.892,         0.310
         0.520,         0.897,         0.310
         0.525,         0.897,         0.308
         0.525,         0.899,         0.308
         0.528,         0.899,         0.307
         0.528,         0.902,         0.307
         0.533,         0.902,         0.306
         0.533,         0.904,         0.306
         0.548,         0.904,         0.302
         0.548,         0.906,         0.302
         0.557,         0.906,         0.299
         0.558,         0.906,         0.299
         0.565,         0.906,         0.298
         0.566,         0.906,         0.298
         0.573,         0.906,         0.296
         0.573,         0.909,         0.296
         0.585,         0.909,         0.293
         0.586,         0.909,         0.293
         0.588,         0.909,         0.292
         0.588,         0.911,         0.292
         0.590,         0.911,         0.292
         0.590,         0.916,         0.291
         0.590,         0.916,         0.291
         0.590,         0.918,         0.291
         0.599,         0.918,         0.289
         0.599,         0.920,         0.289
         0.606,         0.920,         0.288
         0.606,         0.923,         0.288
         0.610,         0.923,         0.286
         0.610,         0.925,         0.286
         0.611,         0.925,         0.286
         0.611,         0.925,         0.286
         0.613,         0.925,         0.286
         0.613,         0.927,         0.286
         0.617,         0.927,         0.285
         0.618,         0.927,         0.285
         0.630,         0.927,         0.281
         0.630,         0.930,         0.281
         0.634,         0.930,         0.281
         0.635,         0.930,         0.280
         0.640,         0.930,         0.279
         0.640,         0.932,         0.279
         0.642,         0.932,         0.279
         0.642,         0.934,         0.279
         0.650,         0.934,         0.277
         0.650,         0.934,         0.277
         0.653,         0.934,         0.276
         0.653,         0.937,         0.276
         0.669,         0.937,         0.273
         0.669,         0.939,         0.272
         0.681,         0.939,         0.269
         0.681,         0.944,         0.269
         0.684,         0.944,         0.268
         0.684,         0.946,         0.268
         0.700,         0.946,         0.264
         0.700,         0.948,         0.264
         0.704,         0.948,         0.263
         0.704,         0.951,         0.263
         0.710,         0.951,         0.261
         0.710,         0.953,         0.261
         0.714,         0.953,         0.260
         0.714,         0.956,         0.260
         0.726,         0.956,         0.258
         0.726,         0.956,         0.258
         0.737,         0.956,         0.255
         0.737,         0.958,         0.255
         0.738,         0.958,         0.255
         0.738,         0.960,         0.255
         0.744,         0.960,         0.253
         0.744,         0.963,         0.253
         0.751,         0.963,         0.252
         0.751,         0.965,         0.252
         0.751,         0.965,         0.252
         0.751,         0.967,         0.252
         0.751,         0.967,         0.252
         0.795,         0.967,         0.239
         0.795,         0.970,         0.239
         0.800,         0.970,         0.237
         0.801,         0.970,         0.237
         0.804,         0.970,         0.236
         0.804,         0.972,         0.236
         0.819,         0.972,         0.232
         0.819,         0.974,         0.232
         0.829,         0.974,         0.228
         0.830,         0.974,         0.228
         0.837,         0.974,         0.226
         0.837,         0.974,         0.226
         0.851,         0.974,         0.222
         0.851,         0.977,         0.222
         0.853,         0.977,         0.222
         0.853,         0.979,         0.222
         0.857,         0.979,         0.221
         0.857,         0.981,         0.221
         0.860,         0.981,         0.220
         0.860,         0.984,         0.220
         0.866,         0.984,         0.218
         0.866,         0.986,         0.218
         0.877,         0.986,         0.214
         0.877,         0.986,         0.214
         0.881,         0.986,         0.213
         0.881,         0.988,         0.213
         0.895,         0.988,         0.207
         0.895,         0.991,         0.207
         0.899,         0.991,         0.206
         0.899,         0.991,         0.206
         0.909,         0.991,         0.202
         0.909,         0.993,         0.202
         0.912,         0.993,         0.200
         0.912,         0.995,         0.200
         0.948,         0.995,         0.180
         0.948,         0.998,         0.180
         0.967,         0.998,         0.166
         0.968,         0.998,         0.166
         0.976,         0.998,         0.155
         0.977,         0.998,         0.154
         0.986,         0.998,         0.141
         0.986,         1.000,         0.141
         1.000,         1.000,         0.015
