false_pos_rate,true_pos_rate,threshold
         0.000,         0.000,         1.295
         0.000,         0.000,         0.295
         0.000,         0.000,         0.290
         0.000,         0.009,         0.261
         0.001,         0.009,         0.261
         0.001,         0.014,         0.259
         0.001,         0.014,         0.244
         0.001,         0.016,         0.243
         0.002,         0.016,         0.239
         0.002,         0.019,         0.238
         0.002,         0.019,         0.237
         0.002,         0.023,         0.235
         0.002,         0.023,         0.233
         0.002,         0.026,         0.229
         0.002,         0.026,         0.229
         0.002,         0.028,         0.228
         0.003,         0.028,         0.221
         0.003,         0.028,         0.221
         0.003,         0.030,         0.221
         0.003,         0.040,         0.220
         0.003,         0.040,         0.217
         0.003,         0.044,         0.215
         0.004,         0.047,         0.214
         0.004,         0.047,         0.211
         0.004,         0.049,         0.210
         0.004,         0.049,         0.210
         0.004,         0.052,         0.209
         0.005,         0.052,         0.207
         0.005,         0.056,         0.207
         0.005,         0.059,         0.205
         0.006,         0.059,         0.202
         0.006,         0.073,         0.201
         0.006,         0.073,         0.201
         0.006,         0.075,         0.201
         0.006,         0.075,         0.198
         0.006,         0.077,         0.198
         0.006,         0.077,         0.198
         0.006,         0.080,         0.197
         0.007,         0.080,         0.197
         0.007,         0.082,         0.196
         0.007,         0.082,         0.195
         0.007,         0.084,         0.194
         0.007,         0.084,         0.194
         0.007,         0.091,         0.191
         0.008,         0.091,         0.191
         0.008,         0.105,         0.189
         0.008,         0.105,         0.188
         0.008,         0.110,         0.188
         0.009,         0.110,         0.187
         0.009,         0.112,         0.186
         0.009,         0.112,         0.185
         0.009,         0.115,         0.185
         0.009,         0.115,         0.179
         0.009,         0.117,         0.177
         0.010,         0.117,         0.177
         0.010,         0.122,         0.176
         0.010,         0.122,         0.175
         0.010,         0.124,         0.175
         0.010,         0.124,         0.175
         0.010,         0.126,         0.174
         0.011,         0.126,         0.173
         0.011,         0.129,         0.173
         0.011,         0.129,         0.172
         0.011,         0.131,         0.171
         0.011,         0.131,         0.171
         0.012,         0.131,         0.171
         0.012,         0.131,         0.170
         0.012,         0.133,         0.170
         0.013,         0.133,         0.168
         0.013,         0.136,         0.168
         0.014,         0.136,         0.167
         0.014,         0.145,         0.166
         0.014,         0.145,         0.166
         0.015,         0.145,         0.165
         0.016,         0.145,         0.162
         0.016,         0.145,         0.161
         0.016,         0.150,         0.161
         0.016,         0.150,         0.160
         0.016,         0.152,         0.160
         0.017,         0.152,         0.158
         0.017,         0.162,         0.158
         0.018,         0.162,         0.156
         0.018,         0.166,         0.156
         0.018,         0.166,         0.154
         0.018,         0.171,         0.154
         0.019,         0.171,         0.154
         0.019,         0.176,         0.153
         0.019,         0.176,         0.152
         0.019,         0.178,         0.152
         0.019,         0.178,         0.152
         0.020,         0.178,         0.151
         0.020,         0.180,         0.151
         0.020,         0.180,         0.150
         0.020,         0.183,         0.149
         0.020,         0.183,         0.149
         0.020,         0.185,         0.148
         0.021,         0.185,         0.147
         0.021,         0.187,         0.147
         0.021,         0.187,         0.147
         0.021,         0.190,         0.147
         0.022,         0.190,         0.145
         0.022,         0.197,         0.144
         0.024,         0.197,         0.142
         0.024,         0.199,         0.142
         0.024,         0.199,         0.141
         0.024,         0.201,         0.141
         0.025,         0.201,         0.139
         0.025,         0.206,         0.139
         0.026,         0.206,         0.138
         0.026,         0.211,         0.137
         0.026,         0.211,         0.137
         0.026,         0.213,         0.137
         0.026,         0.213,         0.136
         0.026,         0.215,         0.136
         0.027,         0.215,         0.135
         0.027,         0.218,         0.135
         0.027,         0.218,         0.134
         0.027,         0.222,         0.133
         0.028,         0.222,         0.132
         0.028,         0.225,         0.132
         0.029,         0.225,         0.131
         0.029,         0.225,         0.129
         0.029,         0.227,         0.129
         0.029,         0.227,         0.128
         0.029,         0.230,         0.127
         0.030,         0.230,         0.127
         0.031,         0.255,         0.126
         0.031,         0.260,         0.126
         0.031,         0.260,         0.125
         0.031,         0.267,         0.124
         0.032,         0.267,         0.124
         0.032,         0.269,         0.123
         0.032,         0.269,         0.123
         0.032,         0.272,         0.122
         0.034,         0.272,         0.120
         0.035,         0.272,         0.120
         0.035,         0.272,         0.118
         0.035,         0.274,         0.118
         0.035,         0.274,         0.118
         0.036,         0.274,         0.117
         0.037,         0.274,         0.115
         0.038,         0.274,         0.113
         0.038,         0.274,         0.112
         0.038,         0.276,         0.112
         0.040,         0.276,         0.109
         0.040,         0.281,         0.109
         0.040,         0.286,         0.109
         0.040,         0.286,         0.109
         0.040,         0.290,         0.109
         0.041,         0.290,         0.107
         0.041,         0.293,         0.107
         0.041,         0.293,         0.106
         0.041,         0.295,         0.106
         0.042,         0.295,         0.105
         0.042,         0.297,         0.105
         0.044,         0.297,         0.101
         0.044,         0.300,         0.101
         0.045,         0.300,         0.099
         0.045,         0.302,         0.099
         0.045,         0.302,         0.099
         0.045,         0.307,         0.098
         0.046,         0.307,         0.098
         0.046,         0.314,         0.097
         0.048,         0.314,         0.092
         0.048,         0.316,         0.092
         0.049,         0.316,         0.090
         0.049,         0.319,         0.089
         0.050,         0.319,         0.089
         0.050,         0.321,         0.088
         0.050,         0.321,         0.088
         0.050,         0.323,         0.087
         0.050,         0.323,         0.087
         0.050,         0.328,         0.087
         0.050,         0.328,         0.086
         0.050,         0.330,         0.086
         0.051,         0.330,         0.086
         0.051,         0.333,         0.086
         0.051,         0.333,         0.085
         0.052,         0.333,         0.084
         0.052,         0.335,         0.084
         0.052,         0.335,         0.083
         0.052,         0.337,         0.082
         0.053,         0.340,         0.082
         0.053,         0.342,         0.082
         0.053,         0.342,         0.080
         0.053,         0.349,         0.079
         0.055,         0.349,         0.077
         0.057,         0.349,         0.077
         0.057,         0.349,         0.076
         0.057,         0.354,         0.075
         0.058,         0.354,         0.075
         0.058,         0.356,         0.074
         0.058,         0.356,         0.074
         0.058,         0.356,         0.074
         0.058,         0.358,         0.074
         0.059,         0.358,         0.073
         0.059,         0.361,         0.073
         0.060,         0.361,         0.071
         0.060,         0.365,         0.070
         0.060,         0.365,         0.070
         0.060,         0.368,         0.070
         0.062,         0.368,         0.068
         0.062,         0.370,         0.066
         0.062,         0.370,         0.065
         0.062,         0.375,         0.064
         0.062,         0.375,         0.064
         0.062,         0.377,         0.063
         0.063,         0.377,         0.061
         0.063,         0.379,         0.060
         0.064,         0.379,         0.060
         0.064,         0.382,         0.060
         0.068,         0.382,         0.055
         0.068,         0.384,         0.055
         0.068,         0.384,         0.055
         0.069,         0.386,         0.054
         0.069,         0.386,         0.054
         0.069,         0.393,         0.054
         0.070,         0.393,         0.052
         0.070,         0.396,         0.052
         0.071,         0.396,         0.051
         0.072,         0.396,         0.050
         0.072,         0.398,         0.050
         0.074,         0.398,         0.047
         0.074,         0.403,         0.046
         0.075,         0.403,         0.045
         0.075,         0.405,         0.045
         0.075,         0.405,         0.045
         0.075,         0.407,         0.045
         0.075,         0.407,         0.045
         0.075,         0.410,         0.044
         0.076,         0.410,         0.044
         0.076,         0.412,         0.043
         0.076,         0.412,         0.042
         0.076,         0.415,         0.042
         0.077,         0.415,         0.041
         0.077,         0.419,         0.040
         0.079,         0.419,         0.038
         0.079,         0.422,         0.037
         0.079,         0.422,         0.037
         0.079,         0.424,         0.037
         0.079,         0.424,         0.036
         0.079,         0.429,         0.036
         0.080,         0.429,         0.036
         0.080,         0.433,         0.035
         0.080,         0.433,         0.033
         0.080,         0.436,         0.033
         0.080,         0.436,         0.032
         0.080,         0.438,         0.031
         0.081,         0.438,         0.030
         0.081,         0.443,         0.029
         0.082,         0.443,         0.028
         0.082,         0.445,         0.028
         0.083,         0.445,         0.027
         0.083,         0.447,         0.026
         0.084,         0.447,         0.024
         0.084,         0.454,         0.023
         0.086,         0.454,         0.020
         0.086,         0.457,         0.020
         0.086,         0.457,         0.019
         0.086,         0.459,         0.018
         0.087,         0.459,         0.018
         0.087,         0.466,         0.018
         0.087,         0.466,         0.017
         0.087,         0.468,         0.017
         0.087,         0.468,         0.016
         0.087,         0.471,         0.016
         0.089,         0.471,         0.013
         0.089,         0.475,         0.013
         0.090,         0.475,         0.013
         0.090,         0.478,         0.013
         0.090,         0.478,         0.012
         0.090,         0.480,         0.012
         0.093,         0.480,         0.008
         0.093,         0.487,         0.008
         0.093,         0.487,         0.008
         0.093,         0.489,         0.008
         0.095,         0.489,         0.006
         0.095,         0.492,         0.006
         0.096,         0.492,         0.004
         0.096,         0.499,         0.004
         0.097,         0.499,         0.002
         0.097,         0.501,         0.002
         0.099,         0.501,        -0.001
         0.099,         0.504,        -0.002
         0.100,         0.504,        -0.002
         0.100,         0.506,        -0.002
         0.102,         0.506,        -0.005
         0.102,         0.511,        -0.006
         0.103,         0.511,        -0.007
         0.103,         0.513,        -0.008
         0.104,         0.513,        -0.009
         0.104,         0.515,        -0.009
         0.105,         0.515,        -0.011
         0.105,         0.518,        -0.011
         0.106,         0.518,        -0.012
         0.106,         0.520,        -0.012
         0.107,         0.520,        -0.012
         0.108,         0.520,        -0.013
         0.108,         0.527,        -0.014
         0.109,         0.527,        -0.015
         0.109,         0.532,        -0.016
         0.110,         0.532,        -0.017
         0.110,         0.534,        -0.017
         0.110,         0.534,        -0.017
         0.110,         0.536,        -0.018
         0.111,         0.536,        -0.018
         0.111,         0.539,        -0.018
         0.113,         0.539,        -0.020
         0.113,         0.541,        -0.021
         0.113,         0.541,        -0.021
         0.113,         0.546,        -0.021
         0.113,         0.546,        -0.021
         0.113,         0.548,        -0.022
         0.116,         0.548,        -0.025
         0.116,         0.550,        -0.025
         0.117,         0.550,        -0.025
         0.117,         0.553,        -0.025
         0.119,         0.553,        -0.029
         0.119,         0.553,        -0.029
         0.121,         0.553,        -0.030
         0.121,         0.555,        -0.031
         0.121,         0.555,        -0.031
         0.121,         0.557,        -0.031
         0.122,         0.557,        -0.031
         0.122,         0.560,        -0.031
         0.122,         0.560,        -0.032
         0.122,         0.562,        -0.032
         0.124,         0.562,        -0.034
         0.124,         0.564,        -0.034
         0.125,         0.564,        -0.035
         0.125,         0.567,        -0.035
         0.127,         0.567,        -0.036
         0.127,         0.569,        -0.036
         0.128,         0.569,        -0.037
         0.128,         0.571,        -0.037
         0.128,         0.571,        -0.038
         0.128,         0.574,        -0.038
         0.130,         0.574,        -0.039
         0.130,         0.576,        -0.039
         0.130,         0.576,        -0.040
         0.130,         0.578,        -0.040
         0.131,         0.578,        -0.040
         0.131,         0.581,        -0.040
         0.131,         0.581,        -0.040
         0.131,         0.583,        -0.041
         0.131,         0.583,        -0.041
         0.131,         0.588,        -0.041
         0.134,         0.588,        -0.043
         0.134,         0.590,        -0.043
         0.134,         0.590,        -0.044
         0.134,         0.593,        -0.044
         0.134,         0.593,        -0.044
         0.134,         0.595,        -0.044
         0.135,         0.595,        -0.046
         0.135,         0.597,        -0.046
         0.136,         0.597,        -0.046
         0.136,         0.600,        -0.046
         0.136,         0.600,        -0.047
         0.136,         0.602,        -0.047
         0.137,         0.602,        -0.047
         0.137,         0.604,        -0.047
         0.139,         0.604,        -0.048
         0.139,         0.607,        -0.048
         0.139,         0.607,        -0.048
         0.141,         0.607,        -0.048
         0.141,         0.609,        -0.049
         0.142,         0.609,        -0.049
         0.142,         0.611,        -0.050
         0.143,         0.611,        -0.052
         0.143,         0.616,        -0.052
         0.143,         0.616,        -0.052
         0.143,         0.618,        -0.052
         0.144,         0.618,        -0.052
         0.144,         0.618,        -0.052
         0.145,         0.618,        -0.052
         0.145,         0.621,        -0.052
         0.146,         0.621,        -0.053
         0.146,         0.621,        -0.053
         0.146,         0.621,        -0.053
         0.146,         0.623,        -0.053
         0.147,         0.623,        -0.054
         0.147,         0.623,        -0.054
         0.152,         0.623,        -0.057
         0.152,         0.625,        -0.057
         0.153,         0.625,        -0.058
         0.153,         0.628,        -0.058
         0.155,         0.628,        -0.059
         0.155,         0.630,        -0.059
         0.158,         0.630,        -0.061
         0.158,         0.635,        -0.062
         0.159,         0.635,        -0.063
         0.159,         0.637,        -0.063
         0.161,         0.637,        -0.065
         0.161,         0.639,        -0.065
         0.162,         0.639,        -0.065
         0.162,         0.642,        -0.066
         0.165,         0.642,        -0.068
         0.165,         0.644,        -0.068
         0.166,         0.644,        -0.069
         0.166,         0.646,        -0.069
         0.168,         0.646,        -0.070
         0.168,         0.649,        -0.070
         0.173,         0.649,        -0.074
         0.173,         0.651,        -0.074
         0.174,         0.651,        -0.076
         0.174,         0.653,        -0.076
         0.176,         0.653,        -0.077
         0.176,         0.656,        -0.077
         0.178,         0.656,        -0.079
         0.178,         0.660,        -0.079
         0.182,         0.660,        -0.080
         0.182,         0.665,        -0.081
         0.184,         0.665,        -0.082
         0.184,         0.667,        -0.082
         0.184,         0.667,        -0.082
         0.184,         0.670,        -0.083
         0.187,         0.670,        -0.084
         0.187,         0.672,        -0.084
         0.189,         0.672,        -0.085
         0.189,         0.672,        -0.085
         0.190,         0.672,        -0.086
         0.190,         0.674,        -0.086
         0.191,         0.674,        -0.086
         0.210,         0.674,        -0.086
         0.211,         0.674,        -0.087
         0.211,         0.677,        -0.087
         0.211,         0.677,        -0.087
         0.211,         0.681,        -0.087
         0.215,         0.681,        -0.090
         0.215,         0.684,        -0.090
         0.215,         0.684,        -0.090
         0.215,         0.686,        -0.090
         0.218,         0.686,        -0.092
         0.218,         0.689,        -0.092
         0.219,         0.689,        -0.093
         0.219,         0.696,        -0.093
         0.223,         0.696,        -0.095
         0.223,         0.698,        -0.095
         0.225,         0.698,        -0.097
         0.225,         0.698,        -0.097
         0.228,         0.698,        -0.098
         0.228,         0.700,        -0.098
         0.233,         0.700,        -0.101
         0.233,         0.703,        -0.101
         0.233,         0.703,        -0.101
         0.233,         0.705,        -0.101
         0.237,         0.705,        -0.104
         0.237,         0.714,        -0.104
         0.239,         0.714,        -0.105
         0.239,         0.717,        -0.105
         0.241,         0.717,        -0.105
         0.241,         0.719,        -0.106
         0.243,         0.719,        -0.107
         0.243,         0.721,        -0.107
         0.247,         0.721,        -0.109
         0.247,         0.724,        -0.109
         0.248,         0.724,        -0.110
         0.248,         0.726,        -0.110
         0.255,         0.726,        -0.115
         0.255,         0.731,        -0.115
         0.260,         0.731,        -0.117
         0.260,         0.733,        -0.118
         0.260,         0.733,        -0.118
         0.260,         0.738,        -0.118
         0.263,         0.738,        -0.119
         0.263,         0.740,        -0.119
         0.264,         0.740,        -0.120
         0.264,         0.742,        -0.120
         0.265,         0.742,        -0.121
         0.265,         0.745,        -0.121
         0.266,         0.745,        -0.121
         0.266,         0.747,        -0.121
         0.266,         0.747,        -0.121
         0.266,         0.749,        -0.122
         0.267,         0.749,        -0.122
         0.267,         0.752,        -0.122
         0.268,         0.752,        -0.123
         0.268,         0.754,        -0.123
         0.268,         0.754,        -0.123
         0.268,         0.756,        -0.123
         0.269,         0.756,        -0.123
         0.269,         0.759,        -0.124
         0.272,         0.759,        -0.125
         0.272,         0.761,        -0.125
         0.274,         0.761,        -0.127
         0.274,         0.763,        -0.127
         0.276,         0.763,        -0.127
         0.276,         0.766,        -0.127
         0.284,         0.766,        -0.131
         0.284,         0.768,        -0.131
         0.290,         0.768,        -0.133
         0.290,         0.770,        -0.134
         0.290,         0.770,        -0.134
         0.290,         0.773,        -0.134
         0.294,         0.773,        -0.135
         0.294,         0.775,        -0.135
         0.295,         0.775,        -0.136
         0.295,         0.778,        -0.136
         0.301,         0.778,        -0.138
         0.301,         0.780,        -0.139
         0.307,         0.780,        -0.141
         0.307,         0.782,        -0.142
         0.308,         0.782,        -0.143
         0.308,         0.787,        -0.143
         0.319,         0.787,        -0.148
         0.319,         0.789,        -0.148
         0.326,         0.789,        -0.151
         0.326,         0.792,        -0.151
         0.328,         0.792,        -0.152
         0.328,         0.794,        -0.152
         0.329,         0.794,        -0.152
         0.329,         0.799,        -0.152
         0.330,         0.799,        -0.153
         0.330,         0.801,        -0.153
         0.334,         0.801,        -0.155
         0.334,         0.803,        -0.155
         0.335,         0.803,        -0.156
         0.335,         0.806,        -0.156
         0.336,         0.806,        -0.156
         0.336,         0.808,        -0.156
         0.336,         0.808,        -0.156
         0.336,         0.813,        -0.157
         0.338,         0.813,        -0.157
         0.338,         0.815,        -0.157
         0.341,         0.815,        -0.159
         0.341,         0.817,        -0.159
         0.359,         0.817,        -0.166
         0.359,         0.820,        -0.166
         0.360,         0.820,        -0.167
         0.360,         0.822,        -0.167
         0.363,         0.822,        -0.168
         0.363,         0.824,        -0.168
         0.363,         0.824,        -0.168
         0.363,         0.827,        -0.168
         0.368,         0.827,        -0.169
         0.368,         0.829,        -0.170
         0.373,         0.829,        -0.172
         0.373,         0.831,        -0.172
         0.376,         0.831,        -0.173
         0.376,         0.834,        -0.173
         0.379,         0.834,        -0.174
         0.379,         0.836,        -0.174
         0.380,         0.836,        -0.174
         0.380,         0.838,        -0.174
         0.386,         0.838,        -0.176
         0.386,         0.841,        -0.176
         0.386,         0.841,        -0.176
         0.386,         0.843,        -0.176
         0.392,         0.843,        -0.179
         0.392,         0.845,        -0.179
         0.394,         0.845,        -0.179
         0.394,         0.848,        -0.179
         0.401,         0.848,        -0.182
         0.401,         0.848,        -0.182
         0.407,         0.848,        -0.184
         0.407,         0.850,        -0.184
         0.411,         0.850,        -0.186
         0.411,         0.850,        -0.186
         0.420,         0.850,        -0.188
         0.420,         0.852,        -0.189
         0.421,         0.852,        -0.189
         0.421,         0.855,        -0.189
         0.434,         0.855,        -0.194
         0.434,         0.857,        -0.194
         0.437,         0.857,        -0.195
         0.437,         0.859,        -0.195
         0.449,         0.859,        -0.199
         0.449,         0.862,        -0.199
         0.451,         0.862,        -0.200
         0.451,         0.864,        -0.200
         0.465,         0.864,        -0.204
         0.465,         0.867,        -0.204
         0.476,         0.867,        -0.209
         0.476,         0.869,        -0.209
         0.476,         0.869,        -0.209
         0.476,         0.871,        -0.209
         0.479,         0.871,        -0.210
         0.479,         0.874,        -0.210
         0.487,         0.874,        -0.212
         0.487,         0.876,        -0.212
         0.506,         0.876,        -0.218
         0.506,         0.878,        -0.219
         0.513,         0.878,        -0.221
         0.513,         0.881,        -0.221
         0.516,         0.881,        -0.222
         0.516,         0.881,        -0.222
         0.526,         0.881,        -0.225
         0.526,         0.883,        -0.225
         0.528,         0.883,        -0.225
         0.528,         0.885,        -0.225
         0.533,         0.885,        -0.227
         0.533,         0.888,        -0.227
         0.540,         0.888,        -0.229
         0.540,         0.890,        -0.229
         0.541,         0.890,        -0.229
         0.541,         0.892,        -0.229
         0.543,         0.892,        -0.230
         0.543,         0.895,        -0.230
         0.560,         0.895,        -0.235
         0.561,         0.895,        -0.235
         0.563,         0.895,        -0.236
         0.563,         0.897,        -0.236
         0.563,         0.897,        -0.236
         0.563,         0.899,        -0.236
         0.565,         0.899,        -0.236
         0.565,         0.902,        -0.236
         0.565,         0.902,        -0.236
         0.565,         0.904,        -0.236
         0.569,         0.904,        -0.237
         0.569,         0.906,        -0.237
         0.573,         0.906,        -0.238
         0.573,         0.909,        -0.238
         0.578,         0.909,        -0.239
         0.578,         0.911,        -0.240
         0.580,         0.911,        -0.240
         0.580,         0.913,        -0.240
         0.582,         0.913,        -0.241
         0.582,         0.916,        -0.241
         0.583,         0.916,        -0.241
         0.584,         0.916,        -0.241
         0.585,         0.916,        -0.241
         0.585,         0.918,        -0.241
         0.596,         0.918,        -0.244
         0.596,         0.920,        -0.244
         0.598,         0.920,        -0.244
         0.598,         0.923,        -0.244
         0.598,         0.923,        -0.245
         0.598,         0.925,        -0.245
         0.622,         0.925,        -0.252
         0.622,         0.927,        -0.252
         0.625,         0.927,        -0.253
         0.626,         0.927,        -0.253
         0.631,         0.927,        -0.255
         0.631,         0.930,        -0.255
         0.645,         0.930,        -0.258
         0.645,         0.930,        -0.258
         0.659,         0.930,        -0.261
         0.659,         0.932,        -0.261
         0.663,         0.932,        -0.262
         0.663,         0.934,        -0.262
         0.668,         0.934,        -0.264
         0.668,         0.934,        -0.264
         0.673,         0.934,        -0.265
         0.673,         0.937,        -0.265
         0.675,         0.937,        -0.266
         0.675,         0.939,        -0.266
         0.675,         0.939,        -0.266
         0.675,         0.941,        -0.266
         0.684,         0.941,        -0.269
         0.684,         0.941,        -0.269
         0.695,         0.941,        -0.272
         0.695,         0.941,        -0.272
         0.697,         0.941,        -0.272
         0.697,         0.944,        -0.272
         0.698,         0.944,        -0.273
         0.698,         0.946,        -0.273
         0.704,         0.946,        -0.275
         0.704,         0.948,        -0.275
         0.705,         0.948,        -0.275
         0.705,         0.951,        -0.275
         0.707,         0.951,        -0.276
         0.707,         0.951,        -0.276
         0.715,         0.951,        -0.278
         0.715,         0.953,        -0.278
         0.722,         0.953,        -0.280
         0.722,         0.956,        -0.280
         0.723,         0.956,        -0.280
         0.723,         0.958,        -0.281
         0.725,         0.958,        -0.281
         0.725,         0.960,        -0.281
         0.736,         0.960,        -0.284
         0.736,         0.963,        -0.284
         0.741,         0.963,        -0.286
         0.742,         0.963,        -0.286
         0.744,         0.963,        -0.287
         0.744,         0.965,        -0.287
         0.764,         0.965,        -0.292
         0.764,         0.967,        -0.293
         0.766,         0.967,        -0.293
         0.767,         0.967,        -0.293
         0.780,         0.967,        -0.296
         0.780,         0.970,        -0.296
         0.781,         0.970,        -0.297
         0.781,         0.972,        -0.297
         0.796,         0.972,        -0.301
         0.796,         0.974,        -0.301
         0.802,         0.974,        -0.302
         0.802,         0.977,        -0.302
         0.804,         0.977,        -0.303
         0.805,         0.977,        -0.303
         0.811,         0.977,        -0.305
         0.811,         0.979,        -0.305
         0.822,         0.979,        -0.308
         0.822,         0.979,        -0.308
         0.828,         0.979,        -0.310
         0.829,         0.979,        -0.310
         0.863,         0.979,        -0.321
         0.863,         0.981,        -0.321
         0.876,         0.981,        -0.326
         0.876,         0.986,        -0.326
         0.896,         0.986,        -0.334
         0.896,         0.988,        -0.334
         0.899,         0.988,        -0.335
         0.899,         0.991,        -0.335
         0.909,         0.991,        -0.340
         0.909,         0.993,        -0.340
         0.916,         0.993,        -0.343
         0.916,         0.993,        -0.343
         0.924,         0.993,        -0.346
         0.924,         0.995,        -0.347
         0.929,         0.995,        -0.349
         0.929,         0.998,        -0.349
         0.949,         0.998,        -0.360
         0.949,         1.000,        -0.360
         0.971,         1.000,        -0.377
         0.972,         1.000,        -0.377
         1.000,         1.000,        -0.471
