false_pos_rate,true_pos_rate,threshold
         0.000,         0.000,         1.233
         0.000,         0.000,         0.233
         0.000,         0.000,         0.231
         0.000,         0.003,         0.221
         0.001,         0.003,         0.214
         0.001,         0.005,         0.212
         0.002,         0.005,         0.210
         0.002,         0.008,         0.210
         0.002,         0.008,         0.206
         0.002,         0.016,         0.203
         0.002,         0.016,         0.197
         0.002,         0.018,         0.196
         0.003,         0.018,         0.192
         0.003,         0.024,         0.191
         0.003,         0.024,         0.187
         0.003,         0.026,         0.186
         0.004,         0.026,         0.183
         0.004,         0.029,         0.183
         0.006,         0.029,         0.176
         0.006,         0.032,         0.176
         0.006,         0.037,         0.175
         0.007,         0.037,         0.173
         0.007,         0.040,         0.172
         0.007,         0.040,         0.171
         0.007,         0.045,         0.170
         0.008,         0.045,         0.169
         0.008,         0.050,         0.168
         0.008,         0.050,         0.167
         0.008,         0.061,         0.165
         0.010,         0.061,         0.159
         0.010,         0.066,         0.157
         0.010,         0.066,         0.157
         0.010,         0.071,         0.155
         0.010,         0.074,         0.155
         0.010,         0.077,         0.155
         0.010,         0.079,         0.155
         0.011,         0.079,         0.153
         0.011,         0.084,         0.152
         0.012,         0.084,         0.149
         0.012,         0.090,         0.149
         0.013,         0.090,         0.149
         0.013,         0.092,         0.148
         0.013,         0.092,         0.147
         0.013,         0.095,         0.147
         0.014,         0.095,         0.146
         0.014,         0.098,         0.146
         0.014,         0.098,         0.146
         0.014,         0.111,         0.143
         0.014,         0.111,         0.143
         0.014,         0.116,         0.141
         0.014,         0.121,         0.140
         0.014,         0.124,         0.140
         0.014,         0.124,         0.140
         0.014,         0.127,         0.140
         0.015,         0.127,         0.140
         0.015,         0.129,         0.139
         0.015,         0.129,         0.139
         0.015,         0.132,         0.139
         0.016,         0.132,         0.139
         0.016,         0.132,         0.138
         0.017,         0.132,         0.137
         0.017,         0.132,         0.137
         0.017,         0.135,         0.137
         0.019,         0.135,         0.132
         0.019,         0.148,         0.131
         0.019,         0.148,         0.130
         0.019,         0.150,         0.130
         0.019,         0.150,         0.130
         0.019,         0.156,         0.129
         0.021,         0.156,         0.127
         0.021,         0.158,         0.127
         0.021,         0.158,         0.127
         0.021,         0.161,         0.127
         0.022,         0.161,         0.125
         0.022,         0.166,         0.124
         0.023,         0.166,         0.124
         0.023,         0.172,         0.122
         0.023,         0.172,         0.122
         0.023,         0.174,         0.122
         0.023,         0.174,         0.121
         0.023,         0.179,         0.120
         0.024,         0.179,         0.120
         0.024,         0.182,         0.120
         0.024,         0.182,         0.119
         0.024,         0.187,         0.119
         0.024,         0.190,         0.119
         0.025,         0.190,         0.119
         0.025,         0.193,         0.118
         0.025,         0.193,         0.118
         0.025,         0.195,         0.118
         0.026,         0.195,         0.118
         0.026,         0.198,         0.118
         0.026,         0.198,         0.117
         0.028,         0.198,         0.116
         0.028,         0.201,         0.116
         0.029,         0.201,         0.114
         0.029,         0.208,         0.113
         0.029,         0.208,         0.113
         0.029,         0.214,         0.112
         0.030,         0.214,         0.112
         0.030,         0.216,         0.111
         0.030,         0.216,         0.109
         0.030,         0.219,         0.109
         0.031,         0.219,         0.108
         0.031,         0.224,         0.107
         0.031,         0.224,         0.107
         0.031,         0.227,         0.107
         0.032,         0.227,         0.104
         0.032,         0.235,         0.103
         0.032,         0.237,         0.103
         0.033,         0.237,         0.100
         0.033,         0.243,         0.099
         0.034,         0.243,         0.099
         0.034,         0.243,         0.098
         0.035,         0.243,         0.097
         0.035,         0.245,         0.097
         0.035,         0.245,         0.097
         0.035,         0.248,         0.097
         0.035,         0.248,         0.096
         0.035,         0.253,         0.096
         0.036,         0.253,         0.095
         0.036,         0.259,         0.094
         0.036,         0.259,         0.094
         0.036,         0.261,         0.094
         0.036,         0.261,         0.094
         0.037,         0.261,         0.094
         0.038,         0.261,         0.092
         0.038,         0.264,         0.092
         0.038,         0.264,         0.090
         0.038,         0.266,         0.090
         0.039,         0.266,         0.089
         0.039,         0.272,         0.088
         0.040,         0.272,         0.087
         0.040,         0.274,         0.087
         0.040,         0.274,         0.087
         0.040,         0.277,         0.086
         0.040,         0.277,         0.086
         0.040,         0.280,         0.086
         0.041,         0.280,         0.086
         0.041,         0.282,         0.086
         0.041,         0.282,         0.086
         0.041,         0.285,         0.085
         0.041,         0.285,         0.085
         0.041,         0.288,         0.085
         0.042,         0.288,         0.084
         0.042,         0.290,         0.084
         0.042,         0.290,         0.084
         0.043,         0.290,         0.084
         0.043,         0.298,         0.083
         0.045,         0.298,         0.080
         0.045,         0.301,         0.080
         0.045,         0.301,         0.080
         0.045,         0.303,         0.079
         0.045,         0.303,         0.079
         0.045,         0.311,         0.078
         0.046,         0.311,         0.077
         0.046,         0.314,         0.077
         0.047,         0.314,         0.077
         0.047,         0.319,         0.076
         0.047,         0.319,         0.076
         0.047,         0.325,         0.076
         0.047,         0.325,         0.075
         0.047,         0.330,         0.073
         0.050,         0.330,         0.070
         0.050,         0.332,         0.070
         0.050,         0.332,         0.069
         0.050,         0.335,         0.069
         0.051,         0.335,         0.067
         0.051,         0.338,         0.067
         0.052,         0.338,         0.064
         0.052,         0.340,         0.064
         0.053,         0.340,         0.063
         0.053,         0.340,         0.063
         0.053,         0.343,         0.063
         0.054,         0.343,         0.062
         0.054,         0.346,         0.062
         0.054,         0.346,         0.062
         0.054,         0.348,         0.062
         0.055,         0.348,         0.061
         0.055,         0.351,         0.061
         0.056,         0.351,         0.060
         0.056,         0.356,         0.060
         0.056,         0.361,         0.060
         0.056,         0.361,         0.059
         0.056,         0.364,         0.059
         0.056,         0.364,         0.059
         0.056,         0.367,         0.058
         0.057,         0.367,         0.057
         0.057,         0.369,         0.057
         0.058,         0.369,         0.056
         0.058,         0.375,         0.056
         0.058,         0.375,         0.055
         0.058,         0.377,         0.055
         0.058,         0.377,         0.055
         0.058,         0.380,         0.055
         0.059,         0.380,         0.055
         0.059,         0.383,         0.054
         0.059,         0.383,         0.053
         0.059,         0.385,         0.053
         0.059,         0.385,         0.052
         0.059,         0.388,         0.052
         0.060,         0.388,         0.052
         0.060,         0.391,         0.052
         0.061,         0.391,         0.050
         0.061,         0.393,         0.050
         0.062,         0.393,         0.049
         0.062,         0.398,         0.049
         0.062,         0.398,         0.049
         0.063,         0.398,         0.049
         0.063,         0.404,         0.048
         0.063,         0.404,         0.048
         0.063,         0.412,         0.048
         0.064,         0.412,         0.047
         0.064,         0.417,         0.047
         0.064,         0.417,         0.047
         0.064,         0.420,         0.046
         0.067,         0.420,         0.045
         0.067,         0.425,         0.045
         0.067,         0.427,         0.045
         0.067,         0.427,         0.045
         0.067,         0.430,         0.045
         0.069,         0.430,         0.043
         0.069,         0.435,         0.042
         0.070,         0.435,         0.041
         0.070,         0.438,         0.041
         0.070,         0.438,         0.041
         0.070,         0.441,         0.040
         0.072,         0.441,         0.038
         0.072,         0.446,         0.037
         0.073,         0.446,         0.036
         0.073,         0.451,         0.036
         0.073,         0.451,         0.035
         0.073,         0.456,         0.035
         0.073,         0.456,         0.035
         0.073,         0.462,         0.035
         0.074,         0.462,         0.034
         0.074,         0.462,         0.034
         0.075,         0.462,         0.034
         0.075,         0.464,         0.033
         0.076,         0.464,         0.033
         0.076,         0.464,         0.032
         0.076,         0.467,         0.031
         0.077,         0.467,         0.030
         0.077,         0.470,         0.030
         0.077,         0.470,         0.030
         0.078,         0.470,         0.030
         0.080,         0.470,         0.030
         0.080,         0.470,         0.028
         0.080,         0.475,         0.027
         0.081,         0.475,         0.026
         0.081,         0.480,         0.026
         0.082,         0.480,         0.025
         0.082,         0.483,         0.025
         0.082,         0.483,         0.025
         0.082,         0.488,         0.024
         0.082,         0.488,         0.024
         0.082,         0.491,         0.024
         0.083,         0.491,         0.022
         0.084,         0.491,         0.022
         0.084,         0.491,         0.021
         0.084,         0.496,         0.021
         0.085,         0.496,         0.019
         0.085,         0.499,         0.019
         0.085,         0.499,         0.019
         0.085,         0.501,         0.019
         0.088,         0.501,         0.016
         0.088,         0.504,         0.015
         0.089,         0.504,         0.015
         0.089,         0.504,         0.015
         0.089,         0.507,         0.015
         0.089,         0.507,         0.014
         0.089,         0.509,         0.014
         0.091,         0.509,         0.013
         0.091,         0.515,         0.012
         0.092,         0.515,         0.012
         0.092,         0.520,         0.012
         0.093,         0.520,         0.010
         0.093,         0.522,         0.010
         0.094,         0.522,         0.008
         0.094,         0.525,         0.008
         0.095,         0.525,         0.007
         0.095,         0.546,         0.007
         0.095,         0.546,         0.006
         0.095,         0.554,         0.006
         0.096,         0.554,         0.006
         0.096,         0.557,         0.005
         0.098,         0.557,         0.004
         0.098,         0.559,         0.003
         0.098,         0.559,         0.002
         0.098,         0.562,         0.002
         0.099,         0.562,         0.002
         0.099,         0.565,         0.002
         0.100,         0.565,         0.001
         0.100,         0.570,         0.001
         0.101,         0.570,         0.000
         0.101,         0.573,        -0.000
         0.102,         0.573,        -0.001
         0.102,         0.578,        -0.001
         0.102,         0.578,        -0.002
         0.102,         0.580,        -0.002
         0.104,         0.580,        -0.003
         0.104,         0.583,        -0.004
         0.105,         0.583,        -0.005
         0.105,         0.586,        -0.005
         0.107,         0.586,        -0.008
         0.107,         0.586,        -0.008
         0.108,         0.586,        -0.008
         0.108,         0.588,        -0.008
         0.109,         0.588,        -0.010
         0.109,         0.591,        -0.010
         0.109,         0.591,        -0.010
         0.109,         0.594,        -0.010
         0.110,         0.594,        -0.011
         0.110,         0.596,        -0.011
         0.110,         0.596,        -0.011
         0.110,         0.599,        -0.011
         0.111,         0.599,        -0.012
         0.111,         0.604,        -0.013
         0.111,         0.604,        -0.013
         0.111,         0.607,        -0.013
         0.111,         0.607,        -0.014
         0.111,         0.609,        -0.014
         0.112,         0.609,        -0.015
         0.112,         0.612,        -0.016
         0.113,         0.612,        -0.017
         0.113,         0.615,        -0.017
         0.114,         0.615,        -0.017
         0.114,         0.617,        -0.017
         0.115,         0.617,        -0.019
         0.116,         0.617,        -0.019
         0.116,         0.620,        -0.019
         0.116,         0.620,        -0.019
         0.116,         0.620,        -0.019
         0.116,         0.620,        -0.019
         0.116,         0.623,        -0.019
         0.117,         0.623,        -0.020
         0.117,         0.625,        -0.020
         0.117,         0.625,        -0.020
         0.117,         0.628,        -0.021
         0.119,         0.628,        -0.023
         0.119,         0.631,        -0.023
         0.119,         0.631,        -0.023
         0.119,         0.633,        -0.023
         0.124,         0.633,        -0.028
         0.124,         0.636,        -0.028
         0.125,         0.636,        -0.029
         0.125,         0.636,        -0.029
         0.126,         0.636,        -0.029
         0.126,         0.636,        -0.029
         0.127,         0.636,        -0.031
         0.127,         0.639,        -0.031
         0.130,         0.639,        -0.033
         0.130,         0.641,        -0.033
         0.130,         0.641,        -0.034
         0.131,         0.641,        -0.034
         0.131,         0.644,        -0.034
         0.134,         0.644,        -0.037
         0.134,         0.646,        -0.037
         0.134,         0.646,        -0.038
         0.135,         0.646,        -0.039
         0.135,         0.649,        -0.039
         0.135,         0.649,        -0.039
         0.135,         0.654,        -0.040
         0.137,         0.654,        -0.041
         0.137,         0.657,        -0.041
         0.138,         0.657,        -0.043
         0.138,         0.660,        -0.043
         0.139,         0.660,        -0.044
         0.139,         0.662,        -0.044
         0.139,         0.662,        -0.044
         0.139,         0.668,        -0.044
         0.140,         0.668,        -0.044
         0.140,         0.670,        -0.045
         0.140,         0.670,        -0.045
         0.140,         0.673,        -0.045
         0.141,         0.673,        -0.045
         0.141,         0.675,        -0.045
         0.141,         0.675,        -0.046
         0.141,         0.678,        -0.046
         0.142,         0.678,        -0.048
         0.142,         0.681,        -0.048
         0.145,         0.681,        -0.049
         0.145,         0.683,        -0.050
         0.147,         0.683,        -0.051
         0.147,         0.686,        -0.051
         0.147,         0.686,        -0.051
         0.148,         0.686,        -0.051
         0.150,         0.689,        -0.051
         0.150,         0.691,        -0.052
         0.151,         0.691,        -0.053
         0.170,         0.691,        -0.053
         0.170,         0.697,        -0.053
         0.171,         0.697,        -0.054
         0.171,         0.699,        -0.054
         0.172,         0.699,        -0.056
         0.172,         0.702,        -0.056
         0.173,         0.702,        -0.057
         0.173,         0.704,        -0.057
         0.174,         0.704,        -0.057
         0.174,         0.707,        -0.058
         0.175,         0.707,        -0.059
         0.175,         0.710,        -0.059
         0.176,         0.710,        -0.060
         0.176,         0.712,        -0.060
         0.176,         0.712,        -0.060
         0.176,         0.715,        -0.060
         0.176,         0.715,        -0.060
         0.176,         0.718,        -0.060
         0.178,         0.718,        -0.061
         0.178,         0.720,        -0.061
         0.179,         0.720,        -0.062
         0.179,         0.723,        -0.062
         0.180,         0.723,        -0.062
         0.180,         0.726,        -0.062
         0.181,         0.726,        -0.063
         0.181,         0.728,        -0.063
         0.181,         0.728,        -0.063
         0.181,         0.731,        -0.063
         0.181,         0.731,        -0.064
         0.181,         0.734,        -0.064
         0.182,         0.734,        -0.064
         0.182,         0.736,        -0.064
         0.183,         0.736,        -0.064
         0.183,         0.739,        -0.065
         0.184,         0.739,        -0.065
         0.184,         0.741,        -0.065
         0.186,         0.741,        -0.068
         0.186,         0.744,        -0.068
         0.194,         0.744,        -0.074
         0.194,         0.747,        -0.074
         0.196,         0.747,        -0.076
         0.196,         0.749,        -0.076
         0.196,         0.749,        -0.076
         0.196,         0.755,        -0.076
         0.198,         0.755,        -0.078
         0.198,         0.757,        -0.078
         0.200,         0.757,        -0.080
         0.200,         0.760,        -0.080
         0.202,         0.760,        -0.082
         0.202,         0.763,        -0.082
         0.202,         0.763,        -0.082
         0.202,         0.765,        -0.082
         0.203,         0.765,        -0.082
         0.203,         0.773,        -0.083
         0.205,         0.773,        -0.084
         0.205,         0.776,        -0.084
         0.206,         0.776,        -0.087
         0.206,         0.778,        -0.087
         0.211,         0.778,        -0.090
         0.211,         0.781,        -0.090
         0.212,         0.781,        -0.091
         0.212,         0.784,        -0.091
         0.212,         0.784,        -0.091
         0.212,         0.786,        -0.091
         0.212,         0.786,        -0.091
         0.212,         0.789,        -0.091
         0.212,         0.789,        -0.091
         0.212,         0.792,        -0.092
         0.213,         0.792,        -0.092
         0.213,         0.794,        -0.092
         0.213,         0.794,        -0.092
         0.213,         0.797,        -0.093
         0.217,         0.797,        -0.095
         0.217,         0.799,        -0.095
         0.217,         0.799,        -0.096
         0.217,         0.802,        -0.096
         0.221,         0.802,        -0.098
         0.221,         0.805,        -0.098
         0.224,         0.805,        -0.101
         0.224,         0.807,        -0.101
         0.228,         0.807,        -0.104
         0.228,         0.810,        -0.104
         0.231,         0.810,        -0.106
         0.231,         0.813,        -0.106
         0.232,         0.813,        -0.107
         0.232,         0.815,        -0.107
         0.234,         0.815,        -0.107
         0.235,         0.815,        -0.108
         0.235,         0.815,        -0.108
         0.235,         0.818,        -0.108
         0.235,         0.818,        -0.109
         0.235,         0.821,        -0.109
         0.236,         0.821,        -0.109
         0.236,         0.823,        -0.109
         0.236,         0.823,        -0.109
         0.236,         0.826,        -0.109
         0.238,         0.826,        -0.110
         0.238,         0.828,        -0.110
         0.240,         0.828,        -0.112
         0.240,         0.831,        -0.112
         0.242,         0.831,        -0.113
         0.242,         0.834,        -0.113
         0.244,         0.834,        -0.115
         0.244,         0.836,        -0.115
         0.246,         0.836,        -0.117
         0.246,         0.839,        -0.117
         0.249,         0.839,        -0.119
         0.249,         0.842,        -0.119
         0.249,         0.842,        -0.119
         0.249,         0.844,        -0.119
         0.252,         0.844,        -0.120
         0.252,         0.847,        -0.120
         0.252,         0.847,        -0.120
         0.252,         0.850,        -0.120
         0.261,         0.850,        -0.124
         0.261,         0.852,        -0.125
         0.263,         0.852,        -0.126
         0.263,         0.855,        -0.126
         0.264,         0.855,        -0.127
         0.264,         0.858,        -0.127
         0.267,         0.858,        -0.128
         0.267,         0.858,        -0.128
         0.274,         0.858,        -0.131
         0.274,         0.860,        -0.131
         0.275,         0.860,        -0.132
         0.275,         0.863,        -0.132
         0.276,         0.863,        -0.132
         0.276,         0.865,        -0.132
         0.278,         0.865,        -0.134
         0.278,         0.868,        -0.134
         0.287,         0.868,        -0.140
         0.287,         0.871,        -0.140
         0.288,         0.871,        -0.141
         0.288,         0.873,        -0.141
         0.290,         0.873,        -0.141
         0.290,         0.876,        -0.141
         0.291,         0.876,        -0.142
         0.291,         0.879,        -0.142
         0.292,         0.879,        -0.142
         0.292,         0.881,        -0.142
         0.292,         0.881,        -0.143
         0.292,         0.884,        -0.143
         0.295,         0.884,        -0.144
         0.295,         0.887,        -0.144
         0.295,         0.887,        -0.144
         0.295,         0.889,        -0.144
         0.299,         0.889,        -0.146
         0.299,         0.892,        -0.146
         0.301,         0.892,        -0.147
         0.301,         0.894,        -0.148
         0.302,         0.894,        -0.148
         0.302,         0.897,        -0.148
         0.303,         0.897,        -0.148
         0.303,         0.900,        -0.148
         0.307,         0.900,        -0.151
         0.307,         0.902,        -0.151
         0.309,         0.902,        -0.152
         0.309,         0.905,        -0.152
         0.316,         0.905,        -0.155
         0.316,         0.908,        -0.155
         0.317,         0.908,        -0.156
         0.317,         0.910,        -0.156
         0.317,         0.910,        -0.156
         0.317,         0.913,        -0.156
         0.327,         0.913,        -0.161
         0.328,         0.913,        -0.161
         0.339,         0.913,        -0.165
         0.339,         0.916,        -0.165
         0.348,         0.916,        -0.169
         0.349,         0.916,        -0.169
         0.349,         0.916,        -0.169
         0.349,         0.918,        -0.169
         0.354,         0.918,        -0.172
         0.354,         0.921,        -0.172
         0.356,         0.921,        -0.172
         0.356,         0.923,        -0.173
         0.357,         0.923,        -0.173
         0.357,         0.926,        -0.173
         0.364,         0.926,        -0.176
         0.364,         0.929,        -0.176
         0.369,         0.929,        -0.178
         0.369,         0.931,        -0.178
         0.389,         0.931,        -0.187
         0.389,         0.934,        -0.187
         0.389,         0.934,        -0.187
         0.389,         0.937,        -0.187
         0.392,         0.937,        -0.188
         0.393,         0.937,        -0.188
         0.397,         0.937,        -0.190
         0.397,         0.939,        -0.190
         0.400,         0.939,        -0.191
         0.400,         0.942,        -0.191
         0.404,         0.942,        -0.192
         0.404,         0.945,        -0.192
         0.406,         0.945,        -0.193
         0.406,         0.947,        -0.193
         0.415,         0.947,        -0.196
         0.415,         0.950,        -0.196
         0.429,         0.950,        -0.200
         0.429,         0.953,        -0.200
         0.432,         0.953,        -0.201
         0.432,         0.955,        -0.201
         0.434,         0.955,        -0.202
         0.434,         0.958,        -0.202
         0.435,         0.958,        -0.203
         0.435,         0.960,        -0.203
         0.440,         0.960,        -0.205
         0.440,         0.963,        -0.205
         0.482,         0.963,        -0.218
         0.482,         0.966,        -0.218
         0.501,         0.966,        -0.224
         0.501,         0.968,        -0.224
         0.510,         0.968,        -0.227
         0.510,         0.971,        -0.227
         0.517,         0.971,        -0.229
         0.518,         0.971,        -0.229
         0.541,         0.971,        -0.237
         0.541,         0.976,        -0.237
         0.553,         0.976,        -0.240
         0.553,         0.979,        -0.240
         0.557,         0.979,        -0.242
         0.557,         0.982,        -0.242
         0.576,         0.982,        -0.247
         0.576,         0.984,        -0.247
         0.579,         0.984,        -0.248
         0.579,         0.987,        -0.248
         0.585,         0.987,        -0.250
         0.585,         0.989,        -0.250
         0.585,         0.989,        -0.250
         0.585,         0.992,        -0.250
         0.591,         0.992,        -0.252
         0.592,         0.992,        -0.252
         0.614,         0.992,        -0.258
         0.614,         0.992,        -0.258
         0.626,         0.992,        -0.262
         0.626,         0.995,        -0.262
         0.644,         0.995,        -0.267
         0.644,         0.995,        -0.267
         0.649,         0.995,        -0.268
         0.649,         0.995,        -0.268
         0.661,         0.995,        -0.271
         0.661,         0.997,        -0.271
         0.663,         0.997,        -0.272
         0.663,         0.997,        -0.272
         0.691,         0.997,        -0.280
         0.691,         0.997,        -0.280
         0.696,         0.997,        -0.281
         0.696,         0.997,        -0.281
         0.744,         0.997,        -0.296
         0.744,         1.000,        -0.296
         0.787,         1.000,        -0.306
         0.788,         1.000,        -0.306
         0.877,         1.000,        -0.334
         0.878,         1.000,        -0.334
         0.930,         1.000,        -0.358
         0.930,         1.000,        -0.358
         1.000,         1.000,        -0.479
